0 4.8693246367467395
1 4.8693246367467395
2 4.8693246367467395
3 5.80294614106269
4 5.80294614106269
5 5.80294614106269
6 2.879577951731025
7 2.879577951731025
8 2.879577951731025
9 3.84008776079604
10 3.84008776079604
11 3.84008776079604
12 6.983473406435208
13 6.983473406435208
14 6.983473406435208
15 4.982996764943735
16 4.982996764943735
17 4.982996764943735
18 4.703110160486153
19 4.703110160486153
20 4.703110160486153
21 2.866300642584043
22 2.866300642584043
23 2.866300642584043
24 3.683344364332303
25 3.683344364332303
26 3.683344364332303
27 4.903524294807854
28 4.903524294807854
29 4.903524294807854
30 4.858992084154585
31 4.858992084154585
32 4.858992084154585
33 7.110308128812015
34 7.110308128812015
35 7.110308128812015
36 5.058606571042086
37 5.058606571042086
38 5.058606571042086
39 3.044238197216105
40 3.044238197216105
41 3.044238197216105
42 8.004185114981688
43 8.004185114981688
44 8.004185114981688
45 8.910778710301408
46 8.910778710301408
47 8.910778710301408
48 2.3191521510785265
49 2.3191521510785265
50 2.3191521510785265
51 2.5093448516629886
52 2.5093448516629886
53 2.5093448516629886
54 2.430145067764977
55 2.430145067764977
56 2.430145067764977
57 2.4641784058480685
58 2.4641784058480685
59 2.4641784058480685
60 3.9776711840309464
61 3.9776711840309464
62 3.9776711840309464
63 2.9356419976901353
64 2.9356419976901353
65 2.9356419976901353
66 6.080848384197101
67 6.080848384197101
68 6.080848384197101
69 6.276104079952161
70 6.276104079952161
71 6.276104079952161
72 5.2102620254108665
73 5.2102620254108665
74 5.2102620254108665
75 4.086408057839282
76 4.086408057839282
77 4.086408057839282
78 5.885932685680576
79 5.885932685680576
80 5.885932685680576
81 3.1515662056444675
82 3.1515662056444675
83 3.1515662056444675
84 4.194039549748759
85 4.194039549748759
86 4.194039549748759
87 0.1
88 0.1
89 0.1
90 1.4231463072957742
91 1.4231463072957742
92 1.4231463072957742
93 0.6498919339283815
94 0.6498919339283815
95 0.6498919339283815
96 4.962171536101537
97 4.962171536101537
98 4.962171536101537
99 3.3666854948084524
100 3.3666854948084524
101 3.3666854948084524
102 2.2208880953441352
103 2.2208880953441352
104 2.2208880953441352
105 3.799423076232399
106 3.799423076232399
107 3.799423076232399
108 4.872180183732553
109 4.872180183732553
110 4.872180183732553
111 5.12626699591582
112 5.12626699591582
113 5.12626699591582
114 5.866378604358276
115 5.866378604358276
116 5.866378604358276
117 4.6349622763011125
118 4.6349622763011125
119 4.6349622763011125
120 4.110230849320675
121 4.110230849320675
122 4.110230849320675
123 3.580956651848432
124 3.580956651848432
125 3.580956651848432
126 2.5363516712363725
127 2.5363516712363725
128 2.5363516712363725
129 1.9975307921825958
130 1.9975307921825958
131 1.9975307921825958
132 2.8450585004750217
133 2.8450585004750217
134 2.8450585004750217
135 3.6417871209905006
136 3.6417871209905006
137 3.6417871209905006
138 5.736211415065511
139 5.736211415065511
140 5.736211415065511
141 3.648628939321019
142 3.648628939321019
143 3.648628939321019
144 3.5743568348276913
145 3.5743568348276913
146 3.5743568348276913
147 3.1005818668104905
148 3.1005818668104905
149 3.1005818668104905
150 4.674284052542487
151 4.674284052542487
152 4.674284052542487
153 5.081432654578606
154 5.081432654578606
155 5.081432654578606
156 3.6565081081668094
157 3.6565081081668094
158 3.6565081081668094
159 7.030687110257562
160 7.030687110257562
161 7.030687110257562
162 4.2134944833045
163 4.2134944833045
164 4.2134944833045
165 3.2760103829858105
166 3.2760103829858105
167 3.2760103829858105
168 8.65277742310219
169 8.65277742310219
170 8.65277742310219
171 5.093349740442787
172 5.093349740442787
173 5.093349740442787
174 1.53377334614808
175 1.53377334614808
176 1.53377334614808
177 6.383609152607235
178 6.383609152607235
179 6.383609152607235
180 5.995975431693349
181 5.995975431693349
182 5.995975431693349
183 3.759179861841077
184 3.759179861841077
185 3.759179861841077
186 4.401371100874245
187 4.401371100874245
188 4.401371100874245
189 4.728027760601432
190 4.728027760601432
191 4.728027760601432
192 3.922827406979326
193 3.922827406979326
194 3.922827406979326
195 5.734853038983177
196 5.734853038983177
197 5.734853038983177
198 6.058121109798041
199 6.058121109798041
200 6.058121109798041
201 4.949924410362618
202 4.949924410362618
203 4.949924410362618
204 4.097820464878385
205 4.097820464878385
206 4.097820464878385
207 1.3643257144488432
208 1.3643257144488432
209 1.3643257144488432
210 6.183845019352732
211 6.183845019352732
212 6.183845019352732
213 3.9248280744799344
214 3.9248280744799344
215 3.9248280744799344
216 4.842124595802006
217 4.842124595802006
218 4.842124595802006
219 5.469687903372662
220 5.469687903372662
221 5.469687903372662
222 8.203023281775288
223 8.203023281775288
224 8.203023281775288
225 5.476326853956966
226 5.476326853956966
227 5.476326853956966
228 5.0466465930224285
229 5.0466465930224285
230 5.0466465930224285
231 3.170529618863865
232 3.170529618863865
233 3.170529618863865
234 6.406807454405758
235 6.406807454405758
236 6.406807454405758
237 2.4484235828530077
238 2.4484235828530077
239 2.4484235828530077
240 2.7110044604732657
241 2.7110044604732657
242 2.7110044604732657
243 6.043266354692426
244 6.043266354692426
245 6.043266354692426
246 7.176662459891266
247 7.176662459891266
248 7.176662459891266
249 4.101333159870924
250 4.101333159870924
251 4.101333159870924
252 4.162848892017282
253 4.162848892017282
254 4.162848892017282
255 4.183258414039459
256 4.183258414039459
257 4.183258414039459
258 1.3328044086807544
259 1.3328044086807544
260 1.3328044086807544
261 5.140212159709635
262 5.140212159709635
263 5.140212159709635
264 4.059649367834686
265 4.059649367834686
266 4.059649367834686
267 6.029177170114395
268 6.029177170114395
269 6.029177170114395
270 4.468794454596322
271 4.468794454596322
272 4.468794454596322
273 6.075789775757463
274 6.075789775757463
275 6.075789775757463
276 4.650928510722684
277 4.650928510722684
278 4.650928510722684
279 2.756237639669614
280 2.756237639669614
281 2.756237639669614
282 0.1
283 0.1
284 0.1
285 5.818174859052962
286 5.818174859052962
287 5.818174859052962
288 2.5737936081597086
289 2.5737936081597086
290 2.5737936081597086
291 4.641782222880259
292 4.641782222880259
293 4.641782222880259
294 3.0092636230800807
295 3.0092636230800807
296 3.0092636230800807
297 4.62591711732043
298 4.62591711732043
299 4.62591711732043
300 1.8356497649537604
301 1.8356497649537604
302 1.8356497649537604
303 3.8516476536807795
304 3.8516476536807795
305 3.8516476536807795
306 6.232671607024473
307 6.232671607024473
308 6.232671607024473
309 6.282917074619366
310 6.282917074619366
311 6.282917074619366
312 2.844378681751132
313 2.844378681751132
314 2.844378681751132
315 5.367508679023558
316 5.367508679023558
317 5.367508679023558
318 5.845229989334987
319 5.845229989334987
320 5.845229989334987
321 4.520480559213101
322 4.520480559213101
323 4.520480559213101
324 6.920510262837673
325 6.920510262837673
326 6.920510262837673
327 4.2881071181772406
328 4.2881071181772406
329 4.2881071181772406
330 6.523369619283685
331 6.523369619283685
332 6.523369619283685
333 3.4670535799298663
334 3.4670535799298663
335 3.4670535799298663
336 6.107549399274093
337 6.107549399274093
338 6.107549399274093
339 3.6085981471612305
340 3.6085981471612305
341 3.6085981471612305
342 2.5652983478373996
343 2.5652983478373996
344 2.5652983478373996
345 3.887034747942124
346 3.887034747942124
347 3.887034747942124
348 4.347483875823323
349 4.347483875823323
350 4.347483875823323
351 4.287735873524574
352 4.287735873524574
353 4.287735873524574
354 4.75060591972009
355 4.75060591972009
356 4.75060591972009
357 5.799134756616268
358 5.799134756616268
359 5.799134756616268
360 5.809847659146301
361 5.809847659146301
362 5.809847659146301
363 2.8354714611087646
364 2.8354714611087646
365 2.8354714611087646
366 4.463664234793192
367 4.463664234793192
368 4.463664234793192
369 2.781694687412667
370 2.781694687412667
371 2.781694687412667
372 4.229839673883646
373 4.229839673883646
374 4.229839673883646
375 0.5514567446545349
376 0.5514567446545349
377 0.5514567446545349
378 6.335436111325699
379 2.556436146486419
380 2.556436146486419
381 2.556436146486419
382 2.0199571097710116
383 2.0199571097710116
384 2.0199571097710116
385 3.721696119141308
386 3.721696119141308
387 3.721696119141308
388 1.810222773537046
389 1.810222773537046
390 1.810222773537046
391 4.0583179026926555
392 4.0583179026926555
393 4.0583179026926555
394 2.4071799441801813
395 2.4071799441801813
396 2.4071799441801813
397 1.9807406894405677
398 1.9807406894405677
399 1.9807406894405677
400 2.3059655585645995
401 2.3059655585645995
402 2.3059655585645995
403 2.6527421699249683
404 2.6527421699249683
405 2.6527421699249683
406 1.5196786802240132
407 1.5196786802240132
408 1.5196786802240132
409 4.175229395797242
410 4.175229395797242
411 4.175229395797242
412 2.5792669483256963
413 2.5792669483256963
414 2.5792669483256963
415 1.9270313476877114
416 1.9270313476877114
417 1.9270313476877114
418 4.418652696116914
419 4.418652696116914
420 4.418652696116914
421 1.166414113894872
422 1.166414113894872
423 1.166414113894872
424 1.3471254660374827
425 1.3471254660374827
426 1.3471254660374827
427 2.799148774017759
428 2.799148774017759
429 2.799148774017759
430 3.508657926024247
431 3.508657926024247
432 3.508657926024247
433 4.3856749724887845
434 4.3856749724887845
435 4.3856749724887845
436 2.7912397879887965
437 2.7912397879887965
438 2.7912397879887965
439 2.818781908334928
440 2.818781908334928
441 2.818781908334928
442 2.265760878150538
443 2.265760878150538
444 2.265760878150538
445 3.5099655044945166
446 3.5099655044945166
447 3.5099655044945166
448 4.013604636523739
449 4.013604636523739
450 4.013604636523739
451 2.7005340531826656
452 2.7005340531826656
453 2.7005340531826656
454 3.366133638589689
455 3.366133638589689
456 3.366133638589689
457 2.470979900362553
458 2.470979900362553
459 2.470979900362553
460 1.3793606085285806
461 1.3793606085285806
462 1.3793606085285806
463 1.6320301440227285
464 1.6320301440227285
465 1.6320301440227285
466 2.540651606833645
467 2.540651606833645
468 2.540651606833645
469 1.7952100302104395
470 1.7952100302104395
471 1.7952100302104395
472 4.197523048212404
473 4.197523048212404
474 4.197523048212404
475 2.791431133282124
476 2.791431133282124
477 2.791431133282124
478 5.358637713527551
479 5.358637713527551
480 5.358637713527551
481 3.1122410471875637
482 3.1122410471875637
483 3.1122410471875637
484 1.1541042122883725
485 1.1541042122883725
486 1.1541042122883725
487 2.2495117878745003
488 2.2495117878745003
489 2.2495117878745003
490 3.1970632094694578
491 3.1970632094694578
492 3.1970632094694578
493 3.733598680965195
494 3.733598680965195
495 2.7888902227577397
496 2.7888902227577397
497 2.7888902227577397
498 3.2745992139298314
499 3.2745992139298314
500 3.2745992139298314
501 2.244585525688897
502 2.244585525688897
503 2.244585525688897
504 2.6662699324995254
505 2.6662699324995254
506 2.6662699324995254
507 3.2616141003726686
508 3.2616141003726686
509 3.2616141003726686
510 4.525198351301293
511 4.525198351301293
512 4.525198351301293
513 4.428696137864874
514 4.428696137864874
515 4.428696137864874
516 3.916385256565928
517 3.916385256565928
518 3.916385256565928
519 4.49458630019715
520 4.49458630019715
521 4.49458630019715
522 4.071568724687678
523 4.071568724687678
524 4.071568724687678
525 1.9269278471145375
526 1.9269278471145375
527 1.9269278471145375
528 2.065331930757626
529 2.065331930757626
530 2.065331930757626
531 4.056852602564678
532 4.056852602564678
533 4.056852602564678
534 2.9243708676949987
535 2.9243708676949987
536 2.9243708676949987
537 4.146003513846222
538 4.146003513846222
539 4.146003513846222
540 3.6537317589332305
541 3.6537317589332305
542 3.6537317589332305
543 4.527490607318775
544 4.527490607318775
545 4.527490607318775
546 2.8651161557456595
547 2.8651161557456595
548 2.8651161557456595
549 3.982005253368468
550 3.982005253368468
551 3.982005253368468
552 1.3841071410240011
553 1.3841071410240011
554 1.3841071410240011
555 2.4763641940671715
556 2.4763641940671715
557 2.4763641940671715
558 1.5908540793871615
559 1.5908540793871615
560 1.5908540793871615
561 2.1205501851293294
562 2.1205501851293294
563 2.1205501851293294
564 2.1840505756446893
565 2.1840505756446893
566 2.1840505756446893
567 5.74842425599443
568 5.74842425599443
569 5.74842425599443
570 5.243181883179215
571 5.243181883179215
572 5.243181883179215
573 3.3767602174724125
574 3.3767602174724125
575 3.3767602174724125
576 5.894580224403677
577 5.894580224403677
578 5.894580224403677
579 4.074951909228643
580 4.074951909228643
581 4.074951909228643
582 4.960743602608893
583 4.960743602608893
584 4.960743602608893
585 3.5685341527952903
586 3.5685341527952903
587 3.5685341527952903
588 2.2519955518833603
589 2.2519955518833603
590 2.2519955518833603
591 1.5965176269975347
592 1.5965176269975347
593 1.5965176269975347
594 3.1054421564902173
595 3.1054421564902173
596 3.1054421564902173
597 0.1
598 0.1
599 0.1
600 5.076103013125301
601 5.076103013125301
602 5.076103013125301
603 1.2561113571388023
604 1.2561113571388023
605 1.2561113571388023
606 0.8476545026909049
607 0.8476545026909049
608 0.8476545026909049
609 1.3144458742955865
610 1.3144458742955865
611 1.3144458742955865
612 0.8060641457096985
613 0.8060641457096985
614 0.8060641457096985
615 1.7910548210504076
616 1.7910548210504076
617 1.7910548210504076
618 0.5413829806362351
619 0.5413829806362351
620 0.5413829806362351
621 1.054782543392238
622 1.054782543392238
623 1.054782543392238
624 0.664512889245719
625 0.664512889245719
626 0.664512889245719
627 1.2832522165835363
628 1.2832522165835363
629 1.2832522165835363
630 0.5513210009525265
631 0.5513210009525265
632 0.5513210009525265
633 1.4618742889127128
634 1.4618742889127128
635 1.4618742889127128
636 0.571770007249694
637 0.571770007249694
638 0.571770007249694
639 1.0686220144403369
640 1.0686220144403369
641 1.0686220144403369
642 2.1464741304032944
643 2.1464741304032944
644 2.1464741304032944
645 1.2035133578401789
646 1.2035133578401789
647 1.2035133578401789
648 1.6169589026882751
649 1.6169589026882751
650 4.149525737233575
651 4.149525737233575
652 4.149525737233575
653 2.2362970586756648
654 2.2362970586756648
655 2.2362970586756648
656 2.707679644825662
657 2.707679644825662
658 2.707679644825662
659 2.1822632241736875
660 2.1822632241736875
661 2.1822632241736875
662 1.7206682361861816
663 1.7206682361861816
664 1.7206682361861816
665 2.8776884182132445
666 2.8776884182132445
667 2.8776884182132445
668 3.6693285522949504
669 3.6693285522949504
670 3.6693285522949504
671 4.931512534815339
672 4.931512534815339
673 4.931512534815339
674 2.9300430241537936
675 2.9300430241537936
676 2.9300430241537936
677 1.8420167891234347
678 1.8420167891234347
679 1.8420167891234347
680 3.712277293141255
681 3.712277293141255
682 3.712277293141255
683 2.307396298996047
684 2.307396298996047
685 2.307396298996047
686 0.16991671896927718
687 0.16991671896927718
688 0.16991671896927718
689 3.8064240344765556
690 3.8064240344765556
691 3.8064240344765556
692 2.6273759048630723
693 2.6273759048630723
694 2.6273759048630723
695 3.339591798689796
696 3.339591798689796
697 3.339591798689796
698 0.1753705110139343
699 0.1753705110139343
700 0.1753705110139343
701 3.3412862908700816
702 3.3412862908700816
703 3.3412862908700816
704 2.928242565541883
705 2.928242565541883
706 2.928242565541883
707 0.1
708 0.1
709 0.1
710 2.97793529358722
711 2.97793529358722
712 2.97793529358722
713 0.1
714 0.1
715 0.1
716 0.8076537026979995
717 0.8076537026979995
718 0.8076537026979995
719 4.177657272961145
720 4.177657272961145
721 4.177657272961145
722 1.2703631103942123
723 1.2703631103942123
724 1.2703631103942123
725 4.007213675164557
726 4.007213675164557
727 4.007213675164557
728 3.872906634510348
729 3.872906634510348
730 3.872906634510348
731 1.3611566934605073
732 1.3611566934605073
733 1.3611566934605073
734 1.2863384474792445
735 1.2863384474792445
736 1.2863384474792445
737 1.912927879118611
738 1.912927879118611
739 1.912927879118611
740 3.1113073025549767
741 3.1113073025549767
742 3.1113073025549767
743 2.080660204131081
744 2.080660204131081
745 2.080660204131081
746 2.971789639679987
747 2.971789639679987
748 2.971789639679987
749 3.2326078738116824
750 3.2326078738116824
751 3.2326078738116824
752 2.455140246612619
753 2.455140246612619
754 2.455140246612619
755 3.9805737644243218
756 3.9805737644243218
757 3.9805737644243218
758 4.507588681966503
759 4.507588681966503
760 4.507588681966503
761 1.1549928805377208
762 1.1549928805377208
763 1.1549928805377208
764 2.3702804526994083
765 2.3702804526994083
766 2.3702804526994083
767 1.600270883880551
768 1.600270883880551
769 1.600270883880551
770 1.1619262936410357
771 1.1619262936410357
772 1.1619262936410357
773 1.3695432033593453
774 1.3695432033593453
775 1.3695432033593453
776 0.956946377035925
777 0.956946377035925
778 0.956946377035925
779 2.247905591867661
780 2.247905591867661
781 2.247905591867661
782 1.6163340516752192
783 0.1719040380910326
784 0.1719040380910326
785 0.1719040380910326
786 1.0476355505633845
787 1.0476355505633845
788 1.0476355505633845
789 0.5130191629654103
790 0.5130191629654103
791 0.5130191629654103
792 1.0457778946896799
793 1.0457778946896799
794 1.0457778946896799
795 0.5824181042054132
796 0.5824181042054132
797 0.5824181042054132
798 1.2625984686699683
799 1.2625984686699683
800 1.2625984686699683
801 1.4852214680278903
802 1.4852214680278903
803 1.4852214680278903
804 1.397259717109183
805 1.397259717109183
806 1.397259717109183
807 1.2859870802476134
808 1.2859870802476134
809 1.2859870802476134
810 1.671182770927658
811 1.671182770927658
812 1.671182770927658
813 1.140420098125527
814 1.140420098125527
815 1.140420098125527
816 1.6681631147533236
817 1.6681631147533236
818 1.6681631147533236
819 1.1909157440125107
820 1.1909157440125107
821 1.1909157440125107
822 1.0730481336827964
823 1.0730481336827964
824 1.0730481336827964
825 1.101361255350672
826 1.101361255350672
827 1.101361255350672
828 1.1031603784159842
829 1.1031603784159842
830 1.1031603784159842
831 1.2623734181624988
832 1.2623734181624988
833 1.2623734181624988
834 0.746180565928843
835 0.746180565928843
836 0.746180565928843
837 0.4939703286641083
838 0.4939703286641083
839 0.4939703286641083
840 0.7471175459445889
841 0.7471175459445889
842 0.7471175459445889
843 1.396912607602316
844 1.396912607602316
845 1.396912607602316
846 1.1551166200496563
847 1.1551166200496563
848 1.1551166200496563
849 1.1621718250456656
850 1.1621718250456656
851 1.1621718250456656
852 1.7586722271356565
853 1.7586722271356565
854 1.7586722271356565
855 1.8876281708655487
856 1.8876281708655487
857 1.8876281708655487
858 0.9059945065713934
859 0.9059945065713934
860 0.9059945065713934
861 0.8898989601622815
862 0.8898989601622815
863 0.8898989601622815
864 0.7133765313284585
865 0.7133765313284585
866 0.7133765313284585
867 1.5497881651201149
868 1.5497881651201149
869 1.5497881651201149
870 1.5713879338630241
871 1.5713879338630241
872 1.5713879338630241
873 1.6435207554117734
874 1.6435207554117734
875 1.6435207554117734
876 0.9075852389647147
877 0.9075852389647147
878 0.9075852389647147
879 0.7870737215124889
880 0.7870737215124889
881 0.7870737215124889
882 0.8727881763234752
883 0.8727881763234752
884 0.8727881763234752
885 0.696305645784548
886 0.696305645784548
887 0.696305645784548
888 1.4391747547408023
889 1.4391747547408023
890 1.4391747547408023
891 1.6736127512123664
892 1.6736127512123664
893 1.6736127512123664
894 1.3802864215862685
895 1.3802864215862685
896 1.3802864215862685
897 0.9324485624755441
898 0.9324485624755441
899 0.9324485624755441
900 1.7187425338656221
901 1.7187425338656221
902 1.7187425338656221
903 0.1511761847743236
904 0.1511761847743236
905 0.1511761847743236
906 0.41546214789172664
907 0.41546214789172664
908 0.41546214789172664
909 0.854359397890917
910 0.854359397890917
911 0.854359397890917
912 0.887320097279743
913 0.887320097279743
914 0.887320097279743
915 1.441061092474877
916 1.441061092474877
917 1.441061092474877
918 0.6881432992426944
919 0.6881432992426944
920 0.6881432992426944
921 0.1
922 0.1
923 0.1
924 0.9096826227529446
925 0.9096826227529446
926 0.9096826227529446
927 1.913315882908626
928 1.913315882908626
929 1.913315882908626
930 1.096326382116462
931 1.096326382116462
932 1.096326382116462
933 0.1
934 0.1
935 0.1
936 2.903383926517426
937 2.903383926517426
938 2.903383926517426
939 2.7184395241227604
940 2.7184395241227604
941 2.7184395241227604
942 1.1184883459333803
943 1.1184883459333803
944 1.1184883459333803
945 4.6155530777635505
946 4.6155530777635505
947 4.6155530777635505
948 1.4899766637376108
949 1.4899766637376108
950 1.4899766637376108
951 0.1
952 0.1
953 0.1
954 3.9364997449312806
955 3.9364997449312806
956 3.9364997449312806
957 1.6503312108718844
958 1.6503312108718844
959 1.6503312108718844
960 2.6794159360571657
961 2.6794159360571657
962 2.6794159360571657
963 2.9342430969199924
964 2.9342430969199924
965 2.9342430969199924
966 2.629530463147038
967 2.629530463147038
968 2.629530463147038
969 2.8882727211887222
970 2.8882727211887222
971 2.8882727211887222
972 4.357607457912385
973 4.357607457912385
974 4.357607457912385
975 2.171461547841226
976 2.171461547841226
977 2.171461547841226
978 2.8002408688722307
979 2.8002408688722307
980 2.8002408688722307
981 2.952497843045337
982 2.952497843045337
983 2.952497843045337
984 3.1534407383714207
985 3.1534407383714207
986 3.1534407383714207
987 2.070246498425481
988 2.070246498425481
989 2.070246498425481
990 1.8828734382743204
991 1.8828734382743204
992 1.8828734382743204
993 2.4320140972610464
994 2.4320140972610464
995 2.4320140972610464
996 1.9897634489400506
997 1.9897634489400506
998 1.9897634489400506
999 2.6304865360710936
1000 2.6304865360710936
1001 2.6304865360710936
1002 2.5704537399560277
1003 2.5704537399560277
1004 2.5704537399560277
1005 2.4167887984611665
1006 2.4167887984611665
1007 2.4167887984611665
1008 2.2455537434142494
1009 2.2455537434142494
1010 2.2455537434142494
1011 2.767689202475805
1012 2.767689202475805
1013 2.767689202475805
1014 3.6028254245498195
1015 3.6028254245498195
1016 3.6028254245498195
1017 4.045876338297603
1018 4.045876338297603
1019 4.045876338297603
1020 3.3313845780544735
1021 3.3313845780544735
1022 3.3313845780544735
1023 2.2498618963893167
1024 2.2498618963893167
1025 2.2498618963893167
1026 3.4720407158066138
1027 3.4720407158066138
1028 3.4720407158066138
1029 1.8714210930320094
1030 1.8714210930320094
1031 1.8714210930320094
1032 1.2717786458680567
1033 1.2717786458680567
1034 1.2717786458680567
1035 2.760364510257641
1036 2.760364510257641
1037 2.760364510257641
1038 2.2017326020893613
1039 2.2017326020893613
1040 2.2017326020893613
1041 3.460448439395723
1042 3.460448439395723
1043 3.460448439395723
1044 3.5403037266505395
1045 3.5403037266505395
1046 3.5403037266505395
1047 3.432896075850139
1048 3.432896075850139
1049 3.432896075850139
1050 2.3172671483969527
1051 2.3172671483969527
1052 2.3172671483969527
1053 0.9137713731140193
1054 0.9137713731140193
1055 0.9137713731140193
1056 1.8487493106386217
1057 1.8487493106386217
1058 1.8487493106386217
1059 2.84916095146425
1060 2.84916095146425
1061 2.84916095146425
1062 2.063194787933801
1063 2.063194787933801
1064 2.063194787933801
1065 4.0198423878912015
1066 4.0198423878912015
1067 4.0198423878912015
1068 1.7613197376967096
1069 1.7613197376967096
1070 1.7613197376967096
1071 2.0733390561744494
1072 2.0733390561744494
1073 2.0733390561744494
1074 2.3591192824205964
1075 2.3591192824205964
1076 2.3591192824205964
1077 3.4015664412904467
1078 3.4015664412904467
1079 1.176646725881313
1080 1.176646725881313
1081 1.176646725881313
1082 1.3003247741258703
1083 1.3003247741258703
1084 1.3003247741258703
1085 1.711301925895206
1086 1.711301925895206
1087 1.711301925895206
1088 0.37727754702173155
1089 0.37727754702173155
1090 0.37727754702173155
1091 1.318213956644418
1092 1.318213956644418
1093 1.318213956644418
1094 0.8692215846543112
1095 0.8692215846543112
1096 0.8692215846543112
1097 1.5626063667976364
1098 1.5626063667976364
1099 1.5626063667976364
1100 1.4710687818008001
1101 1.4710687818008001
1102 1.4710687818008001
1103 1.8278785906250736
1104 1.8278785906250736
1105 1.8278785906250736
1106 0.9196656770267644
1107 0.9196656770267644
1108 0.9196656770267644
1109 1.3238591334764982
1110 1.3238591334764982
1111 1.3238591334764982
1112 1.4243443542073957
1113 1.4243443542073957
1114 1.4243443542073957
1115 0.9614668342309334
1116 0.9614668342309334
1117 0.9614668342309334
1118 1.6929184426216302
1119 1.6929184426216302
1120 1.6929184426216302
1121 1.1070722134422943
1122 1.1070722134422943
1123 1.1070722134422943
1124 0.732224681630455
1125 0.732224681630455
1126 0.732224681630455
1127 1.2781761921674835
1128 1.2781761921674835
1129 1.2781761921674835
1130 1.7321067057686568
1131 1.7321067057686568
1132 1.7321067057686568
1133 0.3272605510460307
1134 0.3272605510460307
1135 0.3272605510460307
1136 1.8013544835670956
1137 1.8013544835670956
1138 1.8013544835670956
1139 0.902079593519772
1140 0.902079593519772
1141 0.902079593519772
1142 2.0160424461816655
1143 2.0160424461816655
1144 2.0160424461816655
1145 1.376560333922294
1146 1.376560333922294
1147 1.376560333922294
1148 1.6606474510958869
1149 1.6606474510958869
1150 1.6606474510958869
1151 1.5560950281564605
1152 1.5560950281564605
1153 1.5560950281564605
1154 1.4677730911319595
1155 1.4677730911319595
1156 1.4677730911319595
1157 0.7327050487829991
1158 0.7327050487829991
1159 0.7327050487829991
1160 1.2947033223055011
1161 1.2947033223055011
1162 1.2947033223055011
1163 0.5699485841465016
1164 0.5699485841465016
1165 0.5699485841465016
1166 1.715735352040015
1167 1.715735352040015
1168 1.715735352040015
1169 1.7546042622055746
1170 1.7546042622055746
1171 1.7546042622055746
1172 1.017302130835082
1173 1.017302130835082
1174 1.017302130835082
1175 1.77196770380809
1176 1.77196770380809
1177 1.77196770380809
1178 0.9897608223201106
1179 0.9897608223201106
1180 0.9897608223201106
1181 1.0213659991691857
1182 1.0213659991691857
1183 1.0213659991691857
1184 0.2182955961000812
1185 0.2182955961000812
1186 0.2182955961000812
1187 1.3771868556358335
1188 1.3771868556358335
1189 1.3771868556358335
1190 0.38379971671335156
1191 0.38379971671335156
1192 0.38379971671335156
1193 0.6044617895401185
1194 0.6044617895401185
1195 0.6044617895401185
1196 0.6648247896025439
1197 0.6648247896025439
1198 0.6648247896025439
1199 0.4095005249257253
1200 0.4095005249257253
1201 0.4095005249257253
1202 0.949160733691532
1203 0.949160733691532
1204 0.949160733691532
1205 0.1
1206 2.1880033348884167
1207 2.1880033348884167
1208 2.1880033348884167
1209 6.1411656694497765
1210 6.1411656694497765
1211 6.1411656694497765
1212 1.9920802483608697
1213 1.9920802483608697
1214 1.9920802483608697
1215 4.522891636510739
1216 4.522891636510739
1217 4.522891636510739
1218 3.495677985304608
1219 3.495677985304608
1220 3.495677985304608
1221 2.0153714575361787
1222 2.0153714575361787
1223 2.0153714575361787
1224 5.200655321577467
1225 5.200655321577467
1226 5.200655321577467
1227 3.016577648043401
1228 3.016577648043401
1229 3.016577648043401
1230 0.8545911218189421
1231 0.8545911218189421
1232 0.8545911218189421
1233 3.623778062787201
1234 3.623778062787201
1235 3.623778062787201
1236 5.069673002698538
1237 5.069673002698538
1238 5.069673002698538
1239 2.4653033487882867
1240 2.4653033487882867
1241 2.4653033487882867
1242 1.5349655152636126
1243 1.5349655152636126
1244 1.5349655152636126
1245 4.225810149245404
1246 4.225810149245404
1247 4.225810149245404
1248 5.41184153390399
1249 5.41184153390399
1250 5.41184153390399
1251 1.8196552237018613
1252 1.8196552237018613
1253 1.8196552237018613
1254 2.2946266790164103
1255 2.2946266790164103
1256 2.2946266790164103
1257 5.212209749787352
1258 5.212209749787352
1259 5.212209749787352
1260 3.819423252035712
1261 3.819423252035712
1262 3.819423252035712
1263 3.5276278404820527
1264 3.5276278404820527
1265 3.5276278404820527
1266 2.551232508612842
1267 2.551232508612842
1268 2.551232508612842
1269 2.851604919082262
1270 2.851604919082262
1271 2.851604919082262
1272 3.355349310599207
1273 3.355349310599207
1274 3.355349310599207
1275 2.4890423768014927
1276 2.4890423768014927
1277 2.4890423768014927
1278 0.8709103952547386
1279 0.8709103952547386
1280 0.8709103952547386
1281 3.6638805886494192
1282 3.6638805886494192
1283 3.6638805886494192
1284 2.4682530716546567
1285 2.4682530716546567
1286 2.4682530716546567
1287 4.2251626034988705
1288 4.2251626034988705
1289 4.2251626034988705
1290 4.676975074087711
1291 4.676975074087711
1292 4.676975074087711
1293 3.1149423002773884
1294 3.1149423002773884
1295 3.1149423002773884
1296 4.375524630702833
1297 4.375524630702833
1298 4.375524630702833
1299 4.556296538657506
1300 4.556296538657506
1301 4.556296538657506
1302 3.1100445571502586
1303 3.1100445571502586
1304 3.1100445571502586
1305 5.438183015432979
1306 5.438183015432979
1307 5.438183015432979
1308 1.389253514382176
1309 1.389253514382176
1310 1.389253514382176
1311 3.5621264730699203
1312 3.5621264730699203
1313 3.5621264730699203
1314 4.355646475573951
1315 4.355646475573951
1316 4.355646475573951
1317 0.3061126424043805
1318 0.3061126424043805
1319 0.3061126424043805
1320 3.739655922740469
1321 3.739655922740469
1322 3.739655922740469
1323 0.1
1324 0.1
1325 0.1
1326 2.872591619708143
1327 2.872591619708143
1328 2.872591619708143
1329 3.324658508188368
1330 3.324658508188368
1331 3.324658508188368
1332 2.9174614661291822
1333 2.9174614661291822
1334 2.9174614661291822
1335 3.144954669346382
1336 3.144954669346382
1337 3.144954669346382
1338 4.374855952307359
1339 4.374855952307359
1340 4.374855952307359
1341 5.063960155057511
1342 5.063960155057511
1343 5.063960155057511
1344 4.000430831261168
1345 4.000430831261168
1346 4.000430831261168
1347 1.1827533308289224
1348 1.1827533308289224
1349 1.1827533308289224
1350 4.940621747334937
1351 4.940621747334937
1352 4.940621747334937
1353 1.2970180448733442
1354 1.2970180448733442
1355 1.2970180448733442
1356 2.7097043955948807
1357 2.7097043955948807
1358 2.7097043955948807
1359 2.3186300328328775
1360 2.3186300328328775
1361 2.3186300328328775
1362 3.32688910387838
1363 3.32688910387838
1364 3.32688910387838
1365 4.406695372518819
1366 4.406695372518819
1367 4.406695372518819
1368 1.8091040920870967
1369 1.8091040920870967
1370 1.8091040920870967
1371 4.098306818172828
1372 4.098306818172828
1373 4.098306818172828
1374 3.8137988643251015
1375 3.8137988643251015
1376 3.8137988643251015
1377 1.0621441455504805
1378 1.0621441455504805
1379 1.0621441455504805
1380 0.1
1381 0.1
1382 0.1
1383 4.101152337787003
1384 4.101152337787003
1385 4.101152337787003
1386 5.440157188908341
1387 5.440157188908341
1388 5.440157188908341
1389 3.7697997995722963
1390 3.7697997995722963
1391 3.7697997995722963
1392 0.9594680914749207
1393 0.9594680914749207
1394 0.9594680914749207
1395 4.75694533706776
1396 4.75694533706776
1397 4.75694533706776
1398 3.4348820182053545
1399 3.4348820182053545
1400 3.4348820182053545
1401 0.9095838428966663
1402 0.9095838428966663
1403 0.9095838428966663
1404 4.667972776974266
1405 4.667972776974266
1406 4.667972776974266
1407 3.4788485772017057
1408 3.4788485772017057
1409 3.4788485772017057
1410 6.272745243684592
1411 6.272745243684592
1412 6.272745243684592
1413 4.806342213175087
1414 0.8706720319655923
1415 0.8706720319655923
1416 0.8706720319655923
1417 0.8722556182955845
1418 0.8722556182955845
1419 0.8722556182955845
1420 0.759147653597412
1421 0.759147653597412
1422 0.759147653597412
1423 0.23129193284618516
1424 0.23129193284618516
1425 0.23129193284618516
1426 1.038476946565659
1427 1.038476946565659
1428 1.038476946565659
1429 0.8229965009800362
1430 0.8229965009800362
1431 0.8229965009800362
1432 0.312981949320014
1433 0.312981949320014
1434 0.312981949320014
1435 0.6832575838677366
1436 0.6832575838677366
1437 0.6832575838677366
1438 0.1
1439 0.1
1440 0.1
1441 1.1250834105969876
1442 1.1250834105969876
1443 1.1250834105969876
1444 2.214843085066692
1445 2.214843085066692
1446 2.214843085066692
1447 5.336310885846823
1448 5.336310885846823
1449 5.336310885846823
1450 3.4587017979319272
1451 3.4587017979319272
1452 3.4587017979319272
1453 4.269233437545357
1454 4.269233437545357
1455 4.269233437545357
1456 1.2945049121462833
1457 1.2945049121462833
1458 1.2945049121462833
1459 3.49082278884259
1460 3.49082278884259
1461 3.49082278884259
1462 3.07600225185166
1463 3.07600225185166
1464 3.07600225185166
1465 4.122963213115599
1466 4.122963213115599
1467 4.122963213115599
1468 2.3185689368474613
1469 2.3185689368474613
1470 2.3185689368474613
1471 2.199948756687059
1472 2.199948756687059
1473 2.199948756687059
1474 4.050446697098439
1475 4.050446697098439
1476 4.050446697098439
1477 3.612283831103783
1478 3.612283831103783
1479 3.612283831103783
1480 2.1960330868143894
1481 2.1960330868143894
1482 2.1960330868143894
1483 4.145596944768237
1484 4.145596944768237
1485 4.145596944768237
1486 3.2762907060365505
1487 3.2762907060365505
1488 3.2762907060365505
1489 3.22666199330194
1490 3.22666199330194
1491 3.22666199330194
1492 1.625947233562021
1493 1.625947233562021
1494 1.625947233562021
1495 1.1601618530067097
1496 1.1601618530067097
1497 1.1601618530067097
1498 1.4710206609883927
1499 1.4710206609883927
1500 1.4710206609883927
1501 2.3514916696602266
1502 2.3514916696602266
1503 2.3514916696602266
1504 0.20248374361986876
1505 0.20248374361986876
1506 0.20248374361986876
1507 2.223466769316464
1508 2.223466769316464
1509 2.223466769316464
1510 1.7386593335562897
1511 1.7386593335562897
1512 1.7386593335562897
1513 2.4200792830776474
1514 2.4200792830776474
1515 2.4200792830776474
1516 3.5159272000712383
1517 3.5159272000712383
1518 3.5159272000712383
1519 0.1
1520 0.1
1521 0.1
1522 1.2746638448494647
1523 1.2746638448494647
1524 1.2746638448494647
1525 2.878319113002775
1526 2.878319113002775
1527 2.878319113002775
1528 2.9592336230143967
1529 2.9592336230143967
1530 2.9592336230143967
1531 4.695576911180729
1532 4.695576911180729
1533 4.695576911180729
1534 2.647263430711871
1535 2.647263430711871
1536 2.647263430711871
1537 5.001189094557509
1538 5.001189094557509
1539 5.001189094557509
1540 4.017949321438415
1541 4.017949321438415
1542 4.017949321438415
1543 6.592128823115269
1544 6.592128823115269
1545 6.592128823115269
1546 2.865255082988507
1547 2.865255082988507
1548 2.865255082988507
1549 3.596118005231008
1550 3.596118005231008
1551 3.596118005231008
1552 3.2204983172556
1553 3.2204983172556
1554 3.2204983172556
1555 0.48128692896661507
1556 0.48128692896661507
1557 0.48128692896661507
1558 2.8871452527978936
1559 2.8871452527978936
1560 2.8871452527978936
1561 2.3774063724545886
1562 2.3774063724545886
1563 2.3774063724545886
1564 1.8545375414616123
1565 1.8545375414616123
1566 1.8545375414616123
1567 2.717387506922778
1568 2.717387506922778
1569 2.717387506922778
1570 1.7784916861797582
1571 1.7784916861797582
1572 1.7784916861797582
1573 2.358176207668147
1574 2.358176207668147
1575 2.358176207668147
1576 3.6506891048709704
1577 3.6506891048709704
1578 3.6506891048709704
1579 3.6712399769179753
1580 3.6712399769179753
1581 3.6712399769179753
1582 3.3791137992791755
1583 3.3791137992791755
1584 3.3791137992791755
1585 2.9426429313776805
1586 2.9426429313776805
1587 2.9426429313776805
1588 6.867498661539241
1589 6.867498661539241
1590 6.867498661539241
1591 0.6077436126349935
1592 0.6077436126349935
1593 0.6077436126349935
1594 4.367508795070789
1595 4.367508795070789
1596 4.367508795070789
1597 5.782955879338173
1598 5.782955879338173
1599 5.782955879338173
1600 4.773670224489663
1601 4.773670224489663
1602 4.773670224489663
1603 2.071912308344759
1604 2.071912308344759
1605 2.071912308344759
1606 6.968089160350127
1607 6.968089160350127
1608 6.968089160350127
1609 3.5498635469628783
1610 3.5498635469628783
1611 3.5498635469628783
1612 7.519576428894854
1613 7.519576428894854
1614 7.519576428894854
1615 6.86878830154242
1616 6.86878830154242
1617 6.86878830154242
1618 4.367407770167499
1619 4.367407770167499
1620 4.367407770167499
1621 4.247197410866464
1622 4.247197410866464
1623 4.247197410866464
1624 5.880261249706686
1625 5.880261249706686
1626 5.880261249706686
1627 3.060681407163967
1628 3.060681407163967
1629 3.060681407163967
1630 2.067973635979035
1631 2.067973635979035
1632 2.067973635979035
1633 6.129193996209466
1634 6.129193996209466
1635 6.129193996209466
1636 2.964817962719481
1637 2.964817962719481
1638 2.964817962719481
1639 6.105946525016512
1640 6.105946525016512
1641 6.105946525016512
1642 5.4596599770214755
1643 5.4596599770214755
1644 5.4596599770214755
1645 2.8883330269166843
1646 2.8883330269166843
1647 2.8883330269166843
1648 4.1206492713132095
1649 4.1206492713132095
1650 4.1206492713132095
1651 3.3267205041326955
1652 3.3267205041326955
1653 3.3267205041326955
1654 4.060020598737281
1655 4.060020598737281
1656 4.060020598737281
1657 0.48270440604392206
1658 0.48270440604392206
1659 0.48270440604392206
1660 4.471951094571993
1661 4.471951094571993
1662 4.471951094571993
1663 5.617732075789248
1664 5.617732075789248
1665 5.617732075789248
1666 4.872690491476474
1667 4.872690491476474
1668 4.872690491476474
1669 5.790906646630836
1670 5.790906646630836
1671 5.790906646630836
1672 5.181622556611185
1673 5.181622556611185
1674 5.181622556611185
1675 2.0559721276453455
1676 2.0559721276453455
1677 2.0559721276453455
1678 2.0077661166416436
1679 2.0077661166416436
1680 2.0077661166416436
1681 0.6431521206379068
1682 0.6431521206379068
1683 0.6431521206379068
1684 0.35752174292268313
1685 0.35752174292268313
1686 0.35752174292268313
1687 2.4045689179191205
1688 2.4045689179191205
1689 2.4045689179191205
1690 1.8754133586877408
1691 1.8754133586877408
1692 1.8754133586877408
1693 0.23886234459249578
1694 0.23886234459249578
1695 0.23886234459249578
1696 1.188461482342896
1697 1.188461482342896
1698 1.188461482342896
1699 1.8086230733411233
1700 1.8086230733411233
1701 1.8086230733411233
1702 1.1552952069344316
1703 1.1552952069344316
1704 1.1552952069344316
1705 1.6496461162226423
1706 1.6496461162226423
1707 1.6496461162226423
1708 0.13759652895404045
1709 0.13759652895404045
1710 0.13759652895404045
1711 0.14477323431145922
1712 0.14477323431145922
1713 0.14477323431145922
1714 0.2553759190424422
1715 0.2553759190424422
1716 0.2553759190424422
1717 0.2651150311311662
1718 0.2651150311311662
1719 0.2651150311311662
1720 0.11201214213978444
1721 0.11201214213978444
1722 0.11201214213978444
1723 0.19730718412380774
1724 0.19730718412380774
1725 0.19730718412380774
1726 0.23695464113037779
1727 0.23695464113037779
1728 0.23695464113037779
1729 0.1
1730 0.1
1731 0.1
1732 0.20844655511790938
1733 0.20844655511790938
1734 0.20844655511790938
1735 0.2732348024327217
1736 0.2732348024327217
1737 0.2732348024327217
1738 0.17413738606391765
1739 0.17413738606391765
1740 0.17413738606391765
1741 0.1
1742 0.1
1743 0.1
1744 0.1288347812037609
1745 0.1288347812037609
1746 0.1288347812037609
1747 0.1
1748 0.1
1749 0.1
1750 0.2865711616523957
1751 0.2865711616523957
1752 0.2865711616523957
1753 0.18640517843911308
1754 0.18640517843911308
1755 0.18640517843911308
1756 0.3706919344000538
1757 0.3706919344000538
1758 0.3706919344000538
1759 0.17085809418525338
1760 0.17085809418525338
1761 0.17085809418525338
1762 0.25146981659701517
1763 0.25146981659701517
1764 0.25146981659701517
1765 0.16117289566962534
1766 0.16117289566962534
1767 0.16117289566962534
1768 0.2779726301681721
1769 0.2779726301681721
1770 0.2779726301681721
1771 0.29202080835674077
1772 0.29202080835674077
1773 0.29202080835674077
1774 0.14033514271674868
1775 0.14033514271674868
1776 0.14033514271674868
1777 0.25483480213092546
1778 0.25483480213092546
1779 0.25483480213092546
1780 0.180227792421727
1781 0.180227792421727
1782 0.180227792421727
1783 0.22707918131867721
1784 0.22707918131867721
1785 0.22707918131867721
1786 0.22661845438290346
1787 0.22661845438290346
1788 0.22661845438290346
1789 0.1
1790 0.1
1791 0.1
1792 0.24179561150030715
1793 0.24179561150030715
1794 0.24179561150030715
1795 0.26991474636319285
1796 0.26991474636319285
1797 0.26991474636319285
1798 0.21447305931909702
1799 0.21447305931909702
1800 0.21447305931909702
1801 0.1896579752308419
1802 0.1896579752308419
1803 0.1896579752308419
1804 0.2333449883732852
1805 0.2333449883732852
1806 0.2333449883732852
1807 0.2789203030929131
1808 0.2789203030929131
1809 0.2789203030929131
1810 0.2371645156789539
1811 0.2371645156789539
1812 0.2371645156789539
1813 0.1100735985801207
1814 0.1100735985801207
1815 0.1100735985801207
1816 0.27024260181907567
1817 0.27024260181907567
1818 0.27024260181907567
1819 0.1
1820 0.1
1821 0.1
1822 0.1667678877588366
1823 0.1667678877588366
1824 0.1667678877588366
1825 0.16136113821703046
1826 0.16136113821703046
1827 0.16136113821703046
1828 0.2991943338049799
1829 0.2991943338049799
1830 0.2991943338049799
1831 0.24472464001142966
1832 0.24472464001142966
1833 0.24472464001142966
1834 0.2433350530408593
1835 0.2433350530408593
1836 0.2433350530408593
1837 0.18507187758886198
1838 0.18507187758886198
1839 0.18507187758886198
1840 0.13209098386319457
1841 0.13209098386319457
1842 0.13209098386319457
1843 0.22991633662696034
1844 0.22991633662696034
1845 0.22991633662696034
1846 0.20270849285211173
1847 0.20270849285211173
1848 0.20270849285211173
1849 0.3386050347332658
1850 0.3386050347332658
1851 0.3386050347332658
1852 0.2527664671534923
1853 0.2527664671534923
1854 0.2527664671534923
1855 0.21346481389218244
1856 0.21346481389218244
1857 0.21346481389218244
1858 0.34736828277020293
1859 0.34736828277020293
1860 0.34736828277020293
1861 0.2619821301489896
1862 0.2619821301489896
1863 0.2619821301489896
1864 0.226422687238459
1865 0.226422687238459
1866 0.226422687238459
1867 0.27556041798370123
1868 0.27556041798370123
1869 0.27556041798370123
1870 0.1
1871 0.1
1872 0.1
1873 0.16015040043786047
1874 0.16015040043786047
1875 0.16015040043786047
1876 0.25878808122578706
1877 0.25878808122578706
1878 0.25878808122578706
1879 0.152553613902402
1880 0.152553613902402
1881 0.152553613902402
1882 0.17556461243876084
1883 0.17556461243876084
1884 0.17556461243876084
1885 0.2704243794826113
1886 0.2704243794826113
1887 0.2704243794826113
1888 0.21332788064492234
1889 0.21332788064492234
1890 0.21332788064492234
1891 0.1
1892 0.1
1893 0.1
1894 0.3287108443989182
1895 0.3287108443989182
1896 0.3287108443989182
1897 0.34579356609035483
1898 0.34579356609035483
1899 0.34579356609035483
1900 0.30614348440129674
1901 0.30614348440129674
1902 0.30614348440129674
1903 0.2641088194198355
1904 0.2641088194198355
1905 0.2641088194198355
1906 0.2337015844682329
1907 0.2337015844682329
1908 0.2337015844682329
1909 0.32245585918923647
1910 0.32245585918923647
1911 3.521393915908973
1912 3.521393915908973
1913 3.521393915908973
1914 5.742493473157408
1915 5.742493473157408
1916 5.742493473157408
1917 3.7312590757643878
1918 3.7312590757643878
1919 3.7312590757643878
1920 2.7446377434410394
1921 2.7446377434410394
1922 2.7446377434410394
1923 0.22355095765913813
1924 0.22355095765913813
1925 0.22355095765913813
1926 2.4441039774168623
1927 2.4441039774168623
1928 2.4441039774168623
1929 3.9363081484682634
1930 3.9363081484682634
1931 3.9363081484682634
1932 4.758417629609438
1933 4.758417629609438
1934 4.758417629609438
1935 3.41718132908704
1936 3.41718132908704
1937 3.41718132908704
1938 3.595665762188383
1939 3.595665762188383
1940 3.595665762188383
1941 3.2856045405628023
1942 3.2856045405628023
1943 3.2856045405628023
1944 5.952704219792528
1945 5.952704219792528
1946 5.952704219792528
1947 3.4003570976957307
1948 3.4003570976957307
1949 3.4003570976957307
1950 2.8212191288656454
1951 2.8212191288656454
1952 2.8212191288656454
1953 3.6817535116916837
1954 3.6817535116916837
1955 3.6817535116916837
1956 4.755165085977723
1957 4.755165085977723
1958 4.755165085977723
1959 1.227018898712553
1960 1.227018898712553
1961 1.227018898712553
1962 4.983224729449024
1963 4.983224729449024
1964 4.983224729449024
1965 4.227434531328764
1966 4.227434531328764
1967 4.227434531328764
1968 1.365354033724845
1969 1.365354033724845
1970 1.365354033724845
1971 3.063048000896718
1972 3.063048000896718
1973 3.063048000896718
1974 1.5046180522403976
1975 1.5046180522403976
1976 1.5046180522403976
1977 2.4278625264362965
1978 2.4278625264362965
1979 2.4278625264362965
1980 3.169176638439002
1981 3.169176638439002
1982 3.169176638439002
1983 2.9696649699467486
1984 2.9696649699467486
1985 2.9696649699467486
1986 4.602557645392563
1987 4.602557645392563
1988 4.602557645392563
1989 3.5387903311120774
1990 3.5387903311120774
1991 3.5387903311120774
1992 1.8805259519482769
1993 1.8805259519482769
1994 2.8185535973464813
1995 2.8185535973464813
1996 2.8185535973464813
1997 5.173892944843588
1998 5.173892944843588
1999 5.173892944843588
