0 1.694299316767728
1 1.694299316767728
2 1.694299316767728
3 1.694299316767728
4 1.694299316767728
5 4.60874245932362
6 4.60874245932362
7 4.60874245932362
8 4.60874245932362
9 4.60874245932362
10 4.36234842299703
11 4.36234842299703
12 4.36234842299703
13 4.36234842299703
14 4.36234842299703
15 6.24190696466398
16 6.24190696466398
17 6.24190696466398
18 6.24190696466398
19 6.24190696466398
20 6.5727274847074755
21 0.9948601794624126
22 0.7650182715617266
23 0.7650182715617266
24 0.7650182715617266
25 0.7650182715617266
26 0.7650182715617266
27 0.7940444858514771
28 0.7940444858514771
29 0.7940444858514771
30 0.7940444858514771
31 0.7940444858514771
32 0.9552157972243109
33 0.9552157972243109
34 0.9552157972243109
35 0.9552157972243109
36 0.9552157972243109
37 0.8352433359925115
38 0.8352433359925115
39 0.8352433359925115
40 0.8352433359925115
41 0.8352433359925115
42 0.6074637075916615
43 0.6074637075916615
44 0.6074637075916615
45 0.6074637075916615
46 0.6074637075916615
47 0.3742192976720204
48 0.3742192976720204
49 2.8510519693527727
50 2.8510519693527727
51 2.8510519693527727
52 2.8510519693527727
53 2.8510519693527727
54 3.344206948071374
55 3.344206948071374
56 3.344206948071374
57 3.344206948071374
58 3.344206948071374
59 1.6682236452584873
60 1.6682236452584873
61 1.6682236452584873
62 1.6682236452584873
63 1.6682236452584873
64 3.8123172982513065
65 3.8123172982513065
66 3.8123172982513065
67 3.8123172982513065
68 3.8123172982513065
69 2.4754492012678337
70 2.4754492012678337
71 2.4754492012678337
72 2.4754492012678337
73 2.4754492012678337
74 3.2830481346522453
75 3.2830481346522453
76 3.2830481346522453
77 3.2830481346522453
78 3.2830481346522453
79 3.9556477018388736
80 3.9556477018388736
81 3.9556477018388736
82 3.9556477018388736
83 3.9556477018388736
84 3.1896558359365326
85 3.1896558359365326
86 3.1896558359365326
87 1.1988785723440283
88 1.1988785723440283
89 1.1988785723440283
90 1.1988785723440283
91 1.1988785723440283
92 1.8658363752301554
93 1.8658363752301554
94 1.8658363752301554
95 1.8658363752301554
96 1.8658363752301554
97 2.2014705796631002
98 2.2014705796631002
99 2.2014705796631002
100 2.2014705796631002
101 2.2014705796631002
102 1.9522787243053281
103 1.9522787243053281
104 1.9522787243053281
105 1.9522787243053281
106 1.9522787243053281
107 0.26728632768468963
108 0.26728632768468963
109 0.26728632768468963
110 0.26728632768468963
111 0.26728632768468963
112 1.1994261379626572
113 1.1994261379626572
114 1.1994261379626572
115 1.1994261379626572
116 1.1994261379626572
117 0.7512814312871152
118 0.7512814312871152
119 0.7512814312871152
120 0.7512814312871152
121 0.7512814312871152
122 0.7586576324149009
123 6.722472730625206
124 6.722472730625206
125 6.722472730625206
126 6.722472730625206
127 6.722472730625206
128 2.167974341749591
129 2.167974341749591
130 0.8124895535229424
131 0.8124895535229424
132 0.8124895535229424
133 0.8124895535229424
134 0.8124895535229424
135 1.0413618019575264
136 1.0413618019575264
137 1.0413618019575264
138 1.0413618019575264
139 1.0413618019575264
140 0.8921804698797597
141 0.9544861330814371
142 0.9544861330814371
143 0.9544861330814371
144 0.9544861330814371
145 0.9544861330814371
146 2.3393043024872933
147 2.3393043024872933
148 2.3393043024872933
149 2.3393043024872933
150 2.3393043024872933
151 2.0585188792667193
152 2.0585188792667193
153 2.0585188792667193
154 2.0585188792667193
155 2.0585188792667193
156 2.09223475163468
157 2.09223475163468
158 2.09223475163468
159 2.09223475163468
160 2.09223475163468
161 0.7951335133191495
162 0.7951335133191495
163 0.7951335133191495
164 0.7951335133191495
165 0.7951335133191495
166 1.206519012618621
167 1.206519012618621
168 1.206519012618621
169 1.206519012618621
170 1.206519012618621
171 1.935419886632113
172 1.935419886632113
173 1.935419886632113
174 1.935419886632113
175 1.935419886632113
176 0.638783646742349
177 0.638783646742349
178 0.638783646742349
179 0.638783646742349
180 0.638783646742349
181 1.6004883194039063
182 1.6004883194039063
183 1.6004883194039063
184 1.6004883194039063
185 1.6004883194039063
186 0.6197621665270503
187 0.6197621665270503
188 0.6197621665270503
189 0.6197621665270503
190 0.6197621665270503
191 0.4194538564737572
192 0.4194538564737572
193 0.4194538564737572
194 0.4194538564737572
195 0.4194538564737572
196 1.7834298594977827
197 1.7834298594977827
198 1.7834298594977827
199 1.7834298594977827
200 1.7834298594977827
201 1.5637796777097166
202 1.5637796777097166
203 1.5637796777097166
204 1.5637796777097166
205 1.5637796777097166
206 1.235542851375245
207 1.235542851375245
208 1.235542851375245
209 1.235542851375245
210 1.235542851375245
211 0.7376412345144042
212 0.7376412345144042
213 0.7376412345144042
214 0.7376412345144042
215 0.7376412345144042
216 0.15173353825538505
217 0.15173353825538505
218 0.15173353825538505
219 0.15173353825538505
220 0.15173353825538505
221 1.641032083223347
222 1.8841846772587774
223 1.8841846772587774
224 1.8841846772587774
225 1.8841846772587774
226 1.8841846772587774
227 3.8819728783736083
228 3.8819728783736083
229 3.8819728783736083
230 3.8819728783736083
231 3.8819728783736083
232 4.424109751095525
233 4.424109751095525
234 4.424109751095525
235 1.045277218219438
236 1.045277218219438
237 1.045277218219438
238 1.045277218219438
239 1.045277218219438
240 1.7888242199408937
241 1.7888242199408937
242 1.7888242199408937
243 1.7888242199408937
244 1.7888242199408937
245 1.4738750561721026
246 1.4738750561721026
247 1.4738750561721026
248 1.4738750561721026
249 1.4738750561721026
250 1.6891504599921423
251 1.6891504599921423
252 1.6891504599921423
253 1.6891504599921423
254 1.6891504599921423
255 1.7421978008461023
256 1.7421978008461023
257 1.7421978008461023
258 1.7421978008461023
259 1.7421978008461023
260 0.7427872746750176
261 0.7427872746750176
262 0.7427872746750176
263 0.7427872746750176
264 0.7427872746750176
265 1.408037785864218
266 1.408037785864218
267 1.408037785864218
268 1.408037785864218
269 1.408037785864218
270 0.896148019976652
271 0.896148019976652
272 0.896148019976652
273 0.896148019976652
274 0.896148019976652
275 0.6796293950325534
276 0.6796293950325534
277 0.6796293950325534
278 0.6796293950325534
279 0.6796293950325534
280 0.38685134066196447
281 0.38685134066196447
282 0.38685134066196447
283 0.38685134066196447
284 0.38685134066196447
285 2.058054939749304
286 2.058054939749304
287 2.058054939749304
288 2.058054939749304
289 2.058054939749304
290 1.0074359989574488
291 1.0074359989574488
292 1.0074359989574488
293 1.0074359989574488
294 1.0074359989574488
295 1.4945671313128222
296 1.4945671313128222
297 1.4945671313128222
298 1.4945671313128222
299 1.4945671313128222
300 0.2762199327978152
301 0.2762199327978152
302 0.2762199327978152
303 0.2762199327978152
304 0.2762199327978152
305 1.1105332750141186
306 1.1105332750141186
307 1.1105332750141186
308 1.1105332750141186
309 1.1105332750141186
310 0.6482436838860474
311 0.6482436838860474
312 0.6482436838860474
313 0.6482436838860474
314 0.6482436838860474
315 0.9043419384766557
316 0.9043419384766557
317 0.9043419384766557
318 0.9043419384766557
319 0.9043419384766557
320 0.1
321 0.1
322 0.1
323 0.1
324 0.1
325 1.6081479742436464
326 1.6081479742436464
327 1.6081479742436464
328 1.6081479742436464
329 1.6081479742436464
330 1.2910983471684927
331 1.2910983471684927
332 1.2910983471684927
333 1.2910983471684927
334 1.2910983471684927
335 1.4728036021861182
336 1.4728036021861182
337 1.4728036021861182
338 1.4728036021861182
339 1.4728036021861182
340 0.8396439288793932
341 0.8396439288793932
342 0.8396439288793932
343 0.8396439288793932
344 0.8396439288793932
345 1.1350006210726091
346 1.9173771792196437
347 1.9173771792196437
348 1.9173771792196437
349 1.9173771792196437
350 1.9173771792196437
351 6.507125864677992
352 6.507125864677992
353 6.507125864677992
354 6.507125864677992
355 6.507125864677992
356 4.55973408371047
357 4.55973408371047
358 2.3723332299497586
359 2.3723332299497586
360 2.3723332299497586
361 2.3723332299497586
362 2.3723332299497586
363 1.9265914747474318
364 1.9265914747474318
365 1.9265914747474318
366 1.9265914747474318
367 3.043056483567102
368 3.043056483567102
369 3.043056483567102
370 3.043056483567102
371 3.043056483567102
372 5.0792774577739
373 5.0792774577739
374 1.323847356758379
375 1.323847356758379
376 1.323847356758379
377 1.323847356758379
378 1.323847356758379
379 0.8942533221800204
380 0.8942533221800204
381 0.8942533221800204
382 3.061623378094495
383 3.061623378094495
384 3.061623378094495
385 3.061623378094495
386 1.6266938228228143
387 1.6266938228228143
388 1.6266938228228143
389 1.6266938228228143
390 1.6266938228228143
391 2.3931221932406683
392 1.1467441274121772
393 1.1467441274121772
394 1.1467441274121772
395 1.1467441274121772
396 1.1467441274121772
397 2.2068816965358615
398 2.2068816965358615
399 2.2068816965358615
400 2.2068816965358615
401 2.2068816965358615
402 1.6362745410122517
403 1.6362745410122517
404 1.6362745410122517
405 1.6362745410122517
406 1.6362745410122517
407 2.112061295143307
408 2.112061295143307
409 2.112061295143307
410 2.112061295143307
411 2.112061295143307
412 1.5235325962531707
413 1.5235325962531707
414 1.5235325962531707
415 1.5235325962531707
416 1.5235325962531707
417 1.93754814998256
418 1.93754814998256
419 1.93754814998256
420 1.93754814998256
421 1.93754814998256
422 1.881455368613878
423 1.881455368613878
424 1.881455368613878
425 1.881455368613878
426 1.881455368613878
427 2.9830837466609395
428 2.9830837466609395
429 2.9830837466609395
430 2.9830837466609395
431 2.9830837466609395
432 3.888610069997376
433 3.888610069997376
434 3.888610069997376
435 3.888610069997376
436 3.888610069997376
437 3.1148773222025414
438 3.1148773222025414
439 3.1148773222025414
440 3.1148773222025414
441 3.1148773222025414
442 6.973564617429879
443 6.973564617429879
444 6.973564617429879
445 6.973564617429879
446 6.973564617429879
447 3.118252956973712
448 3.118252956973712
449 3.118252956973712
450 3.118252956973712
451 3.118252956973712
452 4.235243519202385
453 4.235243519202385
454 4.235243519202385
455 4.235243519202385
456 4.235243519202385
457 3.5943878504580953
458 3.5943878504580953
459 3.5943878504580953
460 3.5943878504580953
461 3.5943878504580953
462 2.564055636069247
463 4.466182284762932
464 4.466182284762932
465 4.466182284762932
466 4.466182284762932
467 4.466182284762932
468 3.550920800589046
469 3.550920800589046
470 3.550920800589046
471 3.550920800589046
472 3.550920800589046
473 4.321891862382261
474 4.321891862382261
475 4.321891862382261
476 4.321891862382261
477 4.321891862382261
478 7.527565161973113
479 7.527565161973113
480 7.527565161973113
481 7.527565161973113
482 7.527565161973113
483 3.521218784562454
484 3.521218784562454
485 3.521218784562454
486 3.521218784562454
487 3.521218784562454
488 5.140183436662728
489 5.140183436662728
490 5.140183436662728
491 5.140183436662728
492 5.140183436662728
493 5.170003387230095
494 5.170003387230095
495 5.170003387230095
496 5.170003387230095
497 5.170003387230095
498 1.1367197352632212
499 1.1367197352632212
500 1.1367197352632212
501 1.1367197352632212
502 1.1367197352632212
503 3.8800029254886743
504 3.8800029254886743
505 3.3488710368009915
506 3.3488710368009915
507 3.3488710368009915
508 3.3488710368009915
509 3.3488710368009915
510 3.8780839581087387
511 3.8780839581087387
512 3.8780839581087387
513 3.8780839581087387
514 3.8780839581087387
515 3.5855028041825068
516 3.5855028041825068
517 1.9782135920703767
518 1.9782135920703767
519 1.9782135920703767
520 1.9782135920703767
521 1.9782135920703767
522 2.2889540838692253
523 2.2889540838692253
524 2.2889540838692253
525 5.0023936755200085
526 5.0023936755200085
527 5.0023936755200085
528 5.0023936755200085
529 5.0023936755200085
530 1.9187078185882505
531 0.1
532 0.1
533 0.1
534 0.1
535 0.1
536 1.8303551681438521
537 1.8303551681438521
538 1.8303551681438521
539 1.8303551681438521
540 1.8303551681438521
541 1.5975271406811984
542 1.5975271406811984
543 1.5975271406811984
544 1.5975271406811984
545 1.5975271406811984
546 2.0245033756214372
547 2.0245033756214372
548 2.0245033756214372
549 2.0245033756214372
550 2.0245033756214372
551 1.5571602676509353
552 1.5571602676509353
553 1.5571602676509353
554 1.5571602676509353
555 1.5571602676509353
556 0.7179888421843231
557 0.7179888421843231
558 0.7179888421843231
559 0.7179888421843231
560 0.7179888421843231
561 0.7324871773946281
562 0.7324871773946281
563 0.7324871773946281
564 0.7324871773946281
565 0.7324871773946281
566 2.111778576737982
567 2.111778576737982
568 2.111778576737982
569 2.111778576737982
570 2.111778576737982
571 1.8490967847419082
572 1.8490967847419082
573 1.8490967847419082
574 1.8490967847419082
575 1.8490967847419082
576 0.840448372104617
577 5.746464126851642
578 5.746464126851642
579 5.746464126851642
580 5.746464126851642
581 5.746464126851642
582 2.8296732512335017
583 2.8296732512335017
584 3.8564122307353426
585 3.8564122307353426
586 3.8564122307353426
587 4.3146542247524735
588 4.3146542247524735
589 4.3146542247524735
590 4.3146542247524735
591 4.3146542247524735
592 1.610533789713411
593 1.610533789713411
594 1.610533789713411
595 1.610533789713411
596 1.610533789713411
597 0.9315087466996482
598 0.9315087466996482
599 0.9315087466996482
600 0.9315087466996482
601 0.9315087466996482
602 1.6849947316539993
603 1.6849947316539993
604 1.6849947316539993
605 1.6849947316539993
606 1.6849947316539993
607 0.8258854737451999
608 0.8258854737451999
609 0.8258854737451999
610 0.8258854737451999
611 0.8258854737451999
612 0.8764112612166376
613 0.8764112612166376
614 0.8764112612166376
615 0.8764112612166376
616 0.8764112612166376
617 2.08712292167623
618 2.08712292167623
619 2.08712292167623
620 2.08712292167623
621 6.353600780396091
622 6.353600780396091
623 6.353600780396091
624 6.353600780396091
625 6.353600780396091
626 7.035700208709125
627 7.035700208709125
628 7.035700208709125
629 7.035700208709125
630 7.035700208709125
631 5.297857382837123
632 5.297857382837123
633 5.297857382837123
634 5.297857382837123
635 5.297857382837123
636 3.9607564693786506
637 3.9607564693786506
638 3.9607564693786506
639 3.9607564693786506
640 3.9607564693786506
641 4.676757700845409
642 4.676757700845409
643 4.676757700845409
644 4.676757700845409
645 4.676757700845409
646 3.8403358135173367
647 3.8403358135173367
648 3.8403358135173367
649 3.8403358135173367
650 1.9522436394229987
651 1.9522436394229987
652 1.9522436394229987
653 1.9522436394229987
654 1.9522436394229987
655 2.0316951452885896
656 2.0316951452885896
657 2.0316951452885896
658 2.0316951452885896
659 2.0316951452885896
660 2.580614727798155
661 2.580614727798155
662 2.580614727798155
663 2.580614727798155
664 2.580614727798155
665 2.5907365906067548
666 2.5907365906067548
667 2.5907365906067548
668 2.5907365906067548
669 2.5907365906067548
670 5.075425978543614
671 5.075425978543614
672 5.075425978543614
673 5.075425978543614
674 5.075425978543614
675 3.657434492519388
676 3.657434492519388
677 3.657434492519388
678 2.2255902300858006
679 2.2255902300858006
680 2.2255902300858006
681 2.2255902300858006
682 2.2255902300858006
683 2.640688588628448
684 2.640688588628448
685 2.640688588628448
686 2.640688588628448
687 2.640688588628448
688 4.29300382113569
689 4.29300382113569
690 4.29300382113569
691 4.29300382113569
692 4.29300382113569
693 2.5711278549929384
694 2.5711278549929384
695 2.5711278549929384
696 2.5711278549929384
697 2.5711278549929384
698 0.7496312566768211
699 0.7496312566768211
700 0.7496312566768211
701 0.7496312566768211
702 0.7496312566768211
703 3.932756050360993
704 3.932756050360993
705 3.932756050360993
706 3.932756050360993
707 3.932756050360993
708 2.089206253141306
709 2.089206253141306
710 2.089206253141306
711 2.089206253141306
712 2.089206253141306
713 2.6696600919411537
714 2.6696600919411537
715 2.6696600919411537
716 2.6696600919411537
717 2.6696600919411537
718 3.688798567670717
719 3.688798567670717
720 0.5122557087717686
721 0.5122557087717686
722 0.5122557087717686
723 0.5122557087717686
724 0.5122557087717686
725 2.1338406681629793
726 2.1338406681629793
727 2.1338406681629793
728 2.1338406681629793
729 4.519328930929334
730 4.519328930929334
731 4.519328930929334
732 4.519328930929334
733 4.519328930929334
734 2.319074599314419
735 2.319074599314419
736 2.319074599314419
737 2.319074599314419
738 2.319074599314419
739 3.5257880825853913
740 3.5257880825853913
741 3.5257880825853913
742 3.5257880825853913
743 3.5257880825853913
744 5.258987267844685
745 5.258987267844685
746 5.258987267844685
747 5.258987267844685
748 0.8757519100790766
749 0.8757519100790766
750 0.8757519100790766
751 0.8757519100790766
752 0.8757519100790766
753 1.0304852805228493
754 1.0304852805228493
755 1.0304852805228493
756 1.0304852805228493
757 1.0304852805228493
758 0.184619818644568
759 0.184619818644568
760 0.184619818644568
761 0.184619818644568
762 0.184619818644568
763 0.7591528192206243
764 0.7591528192206243
765 0.7591528192206243
766 0.7591528192206243
767 0.7591528192206243
768 1.3717088427469948
769 1.3717088427469948
770 1.3717088427469948
771 1.3717088427469948
772 1.3717088427469948
773 2.1903672170103428
774 2.1903672170103428
775 2.1903672170103428
776 2.1903672170103428
777 2.1903672170103428
778 0.9991455383930111
779 0.9991455383930111
780 3.9625735873671135
781 3.9625735873671135
782 3.9625735873671135
783 1.9797667228358726
784 1.9797667228358726
785 1.9797667228358726
786 1.9797667228358726
787 1.9797667228358726
788 1.7549609690056
789 1.7549609690056
790 1.7549609690056
791 1.7549609690056
792 1.7549609690056
793 2.422581198573245
794 2.422581198573245
795 2.422581198573245
796 2.422581198573245
797 2.422581198573245
798 2.5891278964485833
799 2.5891278964485833
800 2.5891278964485833
801 2.5891278964485833
802 2.5891278964485833
803 1.6447893344348867
804 1.7466506067566472
805 1.7466506067566472
806 1.7466506067566472
807 1.7466506067566472
808 1.7466506067566472
809 3.9142012855451562
810 3.9142012855451562
811 3.9142012855451562
812 2.021205412675968
813 2.021205412675968
814 2.021205412675968
815 2.021205412675968
816 2.021205412675968
817 4.201482827894239
818 4.201482827894239
819 4.201482827894239
820 4.201482827894239
821 4.201482827894239
822 3.5425153162527865
823 3.5425153162527865
824 3.5425153162527865
825 3.5425153162527865
826 3.5425153162527865
827 4.778018066523833
828 4.778018066523833
829 4.778018066523833
830 4.778018066523833
831 4.778018066523833
832 3.7546186150472662
833 3.7546186150472662
834 3.7546186150472662
835 3.7546186150472662
836 3.7546186150472662
837 3.2346874007361293
838 3.2346874007361293
839 1.04389359591677
840 1.2023347406615879
841 1.2023347406615879
842 1.2023347406615879
843 1.2023347406615879
844 1.2023347406615879
845 1.6940932363199455
846 1.6940932363199455
847 1.6940932363199455
848 1.6940932363199455
849 1.6940932363199455
850 1.5216172870081206
851 1.5216172870081206
852 1.5216172870081206
853 1.5216172870081206
854 1.5216172870081206
855 1.7626268616100111
856 1.7626268616100111
857 1.7626268616100111
858 1.7626268616100111
859 1.7626268616100111
860 2.1922505093532507
861 2.1922505093532507
862 2.1922505093532507
863 2.1922505093532507
864 2.1922505093532507
865 1.8530736917137343
866 1.8530736917137343
867 1.8530736917137343
868 1.8530736917137343
869 1.8530736917137343
870 2.5004487334158743
871 2.5004487334158743
872 2.5004487334158743
873 2.5004487334158743
874 2.5004487334158743
875 1.4104127459879106
876 1.4104127459879106
877 1.4104127459879106
878 1.4104127459879106
879 2.809398275619546
880 1.6566889405294751
881 1.6566889405294751
882 1.6566889405294751
883 1.6566889405294751
884 1.6566889405294751
885 2.5263885922301412
886 2.5263885922301412
887 2.5263885922301412
888 2.5263885922301412
889 2.5263885922301412
890 4.236845205307316
891 4.236845205307316
892 4.236845205307316
893 2.0143436122851153
894 2.0143436122851153
895 2.0143436122851153
896 2.0143436122851153
897 2.0143436122851153
898 2.800758755148978
899 0.23790903257262946
900 0.23790903257262946
901 0.23790903257262946
902 0.23790903257262946
903 0.23790903257262946
904 0.17775167334052613
905 0.17775167334052613
906 0.17775167334052613
907 0.17775167334052613
908 0.17775167334052613
909 0.16405986403687553
910 0.16405986403687553
911 0.16405986403687553
912 0.16405986403687553
913 0.16405986403687553
914 0.2993512177273718
915 0.2993512177273718
916 0.2993512177273718
917 0.2993512177273718
918 0.2993512177273718
919 0.1414357444820324
920 0.1414357444820324
921 0.1414357444820324
922 0.1414357444820324
923 0.1414357444820324
924 0.2063853035444453
925 0.2063853035444453
926 0.2063853035444453
927 0.4057349840243355
928 0.4057349840243355
929 0.4057349840243355
930 0.4057349840243355
931 4.432777715808242
932 4.432777715808242
933 4.432777715808242
934 3.588147643640844
935 3.588147643640844
936 3.588147643640844
937 3.588147643640844
938 3.588147643640844
939 3.6735282127725357
940 3.6735282127725357
941 3.6735282127725357
942 3.6735282127725357
943 3.6735282127725357
944 5.686532338674026
945 5.686532338674026
946 5.686532338674026
947 5.686532338674026
948 5.686532338674026
949 2.9129661813100007
950 2.9129661813100007
951 2.9129661813100007
952 2.9129661813100007
953 2.9129661813100007
954 3.249182199208527
955 3.249182199208527
956 3.249182199208527
957 3.249182199208527
958 3.249182199208527
959 0.6082711355441004
960 3.5928456347945215
961 3.5928456347945215
962 3.5928456347945215
963 3.5928456347945215
964 3.5928456347945215
965 0.7289442014369494
966 0.7289442014369494
967 0.7289442014369494
968 0.7289442014369494
969 0.7289442014369494
970 0.6913171078378992
971 0.6913171078378992
972 0.6913171078378992
973 0.6913171078378992
974 0.6913171078378992
975 0.5559530336836616
976 0.5559530336836616
977 0.7113869405756961
978 0.7113869405756961
979 0.7113869405756961
980 0.7113869405756961
981 0.7113869405756961
982 0.1
983 0.1
984 0.1
985 0.1
986 0.1
987 2.4553857307438123
988 2.4553857307438123
989 2.4553857307438123
990 2.4553857307438123
991 2.4553857307438123
992 3.8538187842823355
993 3.8538187842823355
994 3.8538187842823355
995 3.8538187842823355
996 3.8538187842823355
997 7.966141235571985
998 7.966141235571985
999 7.966141235571985
1000 7.966141235571985
1001 7.966141235571985
1002 2.4084812704903946
1003 2.4084812704903946
1004 2.4084812704903946
1005 2.4084812704903946
1006 2.4084812704903946
1007 4.085749805998864
1008 4.085749805998864
1009 4.085749805998864
1010 4.085749805998864
1011 4.085749805998864
1012 3.4060761395927663
1013 3.4060761395927663
1014 3.4060761395927663
1015 3.4060761395927663
1016 3.4060761395927663
1017 5.690121639517263
1018 5.690121639517263
1019 5.690121639517263
1020 5.690121639517263
1021 5.690121639517263
1022 4.185253090227732
1023 1.58323180705037
1024 1.58323180705037
1025 1.58323180705037
1026 1.58323180705037
1027 1.58323180705037
1028 0.41514700334277976
1029 0.41514700334277976
1030 0.41514700334277976
1031 0.41514700334277976
1032 0.41514700334277976
1033 0.9567511783339302
1034 0.9567511783339302
1035 0.9567511783339302
1036 0.9567511783339302
1037 0.9567511783339302
1038 1.0596028602449057
1039 1.0596028602449057
1040 1.0596028602449057
1041 1.0596028602449057
1042 1.0596028602449057
1043 0.586421728287436
1044 0.586421728287436
1045 0.586421728287436
1046 0.586421728287436
1047 0.586421728287436
1048 0.8614018741007547
1049 0.8614018741007547
1050 0.8614018741007547
1051 0.8614018741007547
1052 0.8614018741007547
1053 1.4578810544169682
1054 1.4578810544169682
1055 1.4578810544169682
1056 1.4578810544169682
1057 1.4578810544169682
1058 1.0550385808009226
1059 1.0550385808009226
1060 1.0550385808009226
1061 1.0550385808009226
1062 1.0550385808009226
1063 0.44340866652563393
1064 0.44340866652563393
1065 0.44340866652563393
1066 0.44340866652563393
1067 0.44340866652563393
1068 0.3085174566561547
1069 0.3085174566561547
1070 0.3085174566561547
1071 0.3085174566561547
1072 0.3085174566561547
1073 0.4148043082320525
1074 0.4148043082320525
1075 0.4148043082320525
1076 0.4148043082320525
1077 2.4404816845150075
1078 2.4404816845150075
1079 2.4404816845150075
1080 2.4404816845150075
1081 2.4404816845150075
1082 4.45655665900677
1083 2.639964510938232
1084 2.639964510938232
1085 2.639964510938232
1086 2.639964510938232
1087 2.639964510938232
1088 2.6338919687586113
1089 2.6338919687586113
1090 2.6338919687586113
1091 2.6338919687586113
1092 2.6338919687586113
1093 2.692550019639144
1094 2.692550019639144
1095 2.692550019639144
1096 2.692550019639144
1097 2.692550019639144
1098 1.0735365736770635
1099 1.0735365736770635
1100 1.0735365736770635
1101 1.0735365736770635
1102 1.0735365736770635
1103 3.3741852342275003
1104 3.3741852342275003
1105 3.3741852342275003
1106 3.3741852342275003
1107 3.3741852342275003
1108 3.9260295644658583
1109 3.9260295644658583
1110 3.9260295644658583
1111 3.9260295644658583
1112 3.9260295644658583
1113 1.022698647357292
1114 1.022698647357292
1115 1.022698647357292
1116 1.022698647357292
1117 1.022698647357292
1118 2.7742210017704507
1119 2.7742210017704507
1120 2.7742210017704507
1121 2.8631138232973172
1122 2.8631138232973172
1123 2.8631138232973172
1124 2.8631138232973172
1125 2.8631138232973172
1126 4.269016627630563
1127 4.269016627630563
1128 4.269016627630563
1129 4.269016627630563
1130 4.269016627630563
1131 2.082955017639731
1132 2.082955017639731
1133 2.082955017639731
1134 2.082955017639731
1135 2.082955017639731
1136 4.378485021226559
1137 4.378485021226559
1138 4.378485021226559
1139 4.378485021226559
1140 4.378485021226559
1141 4.100202770444044
1142 4.100202770444044
1143 4.100202770444044
1144 4.100202770444044
1145 4.100202770444044
1146 3.263488695802508
1147 3.263488695802508
1148 3.263488695802508
1149 3.263488695802508
1150 1.5899870482717322
1151 1.5899870482717322
1152 1.5899870482717322
1153 1.5899870482717322
1154 1.5899870482717322
1155 0.7797425356441865
1156 0.7797425356441865
1157 0.7797425356441865
1158 0.7797425356441865
1159 0.7797425356441865
1160 1.1025634193612395
1161 1.1025634193612395
1162 1.1025634193612395
1163 1.1025634193612395
1164 1.1025634193612395
1165 1.4716091498689288
1166 1.4716091498689288
1167 1.4716091498689288
1168 1.4716091498689288
1169 1.4716091498689288
1170 1.1122737005380383
1171 1.1122737005380383
1172 1.1122737005380383
1173 1.1122737005380383
1174 1.1122737005380383
1175 0.6035930784682224
1176 1.914558894760061
1177 1.914558894760061
1178 1.914558894760061
1179 1.914558894760061
1180 1.914558894760061
1181 2.1660301699248636
1182 2.1660301699248636
1183 2.1660301699248636
1184 2.1660301699248636
1185 2.1660301699248636
1186 6.451542788935107
1187 6.451542788935107
1188 6.451542788935107
1189 6.451542788935107
1190 6.451542788935107
1191 1.7665845937576707
1192 1.7665845937576707
1193 1.7665845937576707
1194 1.7665845937576707
1195 1.7665845937576707
1196 4.603803851725362
1197 4.603803851725362
1198 4.603803851725362
1199 4.603803851725362
1200 4.603803851725362
1201 4.624636956346646
1202 4.624636956346646
1203 4.624636956346646
1204 4.624636956346646
1205 4.624636956346646
1206 3.7669281656466658
1207 3.7669281656466658
1208 3.7669281656466658
1209 3.7669281656466658
1210 3.7669281656466658
1211 4.374575903103354
1212 4.374575903103354
1213 4.374575903103354
1214 4.374575903103354
1215 4.374575903103354
1216 2.8988569939851403
1217 2.8988569939851403
1218 2.8988569939851403
1219 2.8988569939851403
1220 2.8988569939851403
1221 3.254076828628235
1222 3.254076828628235
1223 3.254076828628235
1224 3.254076828628235
1225 3.254076828628235
1226 0.24891196378362768
1227 0.24891196378362768
1228 0.24891196378362768
1229 0.24891196378362768
1230 0.7699004923749688
1231 0.7699004923749688
1232 0.7699004923749688
1233 0.7699004923749688
1234 0.7699004923749688
1235 0.547019580956335
1236 0.547019580956335
1237 0.547019580956335
1238 0.547019580956335
1239 0.547019580956335
1240 0.6619180320672977
1241 2.2282268600585473
1242 2.2282268600585473
1243 2.2282268600585473
1244 2.2282268600585473
1245 2.2282268600585473
1246 5.263096382384547
1247 5.263096382384547
1248 5.263096382384547
1249 5.263096382384547
1250 5.263096382384547
1251 5.208618350680675
1252 5.208618350680675
1253 5.208618350680675
1254 5.208618350680675
1255 5.208618350680675
1256 6.7817919745789705
1257 6.7817919745789705
1258 6.7817919745789705
1259 6.7817919745789705
1260 6.7817919745789705
1261 4.6442201588217085
1262 4.6442201588217085
1263 4.6442201588217085
1264 4.6442201588217085
1265 4.6442201588217085
1266 4.215484807597687
1267 4.215484807597687
1268 4.215484807597687
1269 4.215484807597687
1270 0.3741719549080414
1271 0.3741719549080414
1272 0.3741719549080414
1273 0.3741719549080414
1274 0.3741719549080414
1275 1.0301889677507292
1276 1.0301889677507292
1277 1.0301889677507292
1278 1.0301889677507292
1279 1.0301889677507292
1280 1.0290974236699886
1281 1.0290974236699886
1282 1.0290974236699886
1283 1.0290974236699886
1284 1.0290974236699886
1285 1.2224029398528276
1286 1.2224029398528276
1287 1.2224029398528276
1288 1.2224029398528276
1289 1.2224029398528276
1290 0.5535166649691144
1291 0.5535166649691144
1292 0.25309953794794454
1293 0.25309953794794454
1294 0.25309953794794454
1295 0.25309953794794454
1296 0.25309953794794454
1297 0.17324850807751074
1298 0.17324850807751074
1299 0.17324850807751074
1300 0.17324850807751074
1301 0.17324850807751074
1302 0.1
1303 0.1
1304 0.1
1305 0.1
1306 0.1
1307 0.2272914315285728
1308 0.2272914315285728
1309 2.4348957478737083
1310 2.4348957478737083
1311 2.4348957478737083
1312 2.4348957478737083
1313 2.4348957478737083
1314 0.3965861394253256
1315 0.3965861394253256
1316 0.3965861394253256
1317 0.3965861394253256
1318 0.3965861394253256
1319 2.8645071970522316
1320 2.8645071970522316
1321 2.8645071970522316
1322 2.8645071970522316
1323 2.8645071970522316
1324 2.537175653952906
1325 2.537175653952906
1326 2.537175653952906
1327 2.537175653952906
1328 2.537175653952906
1329 2.0429903107207217
1330 2.0429903107207217
1331 2.0429903107207217
1332 2.0429903107207217
1333 2.0429903107207217
1334 1.9141532021885956
1335 1.9141532021885956
1336 1.9141532021885956
1337 1.9141532021885956
1338 1.9141532021885956
1339 2.763828491579743
1340 2.763828491579743
1341 2.763828491579743
1342 2.763828491579743
1343 2.763828491579743
1344 1.1174371504921858
1345 1.1174371504921858
1346 0.6812131894571861
1347 0.6812131894571861
1348 0.6812131894571861
1349 0.6812131894571861
1350 0.6812131894571861
1351 0.3945096113182508
1352 0.3945096113182508
1353 0.3945096113182508
1354 0.3945096113182508
1355 0.3945096113182508
1356 0.3980231551779334
1357 0.3980231551779334
1358 0.3980231551779334
1359 0.3980231551779334
1360 0.3144655497736763
1361 0.3144655497736763
1362 0.3144655497736763
1363 0.3144655497736763
1364 3.2828140652490867
1365 2.1399405371716154
1366 2.1399405371716154
1367 2.1399405371716154
1368 2.1399405371716154
1369 2.1399405371716154
1370 1.9306473022611026
1371 3.0361573189375144
1372 3.0361573189375144
1373 3.0361573189375144
1374 3.0361573189375144
1375 3.0361573189375144
1376 1.8357768918148318
1377 1.8357768918148318
1378 1.8357768918148318
1379 1.8357768918148318
1380 1.8357768918148318
1381 2.1566159532095077
1382 2.1566159532095077
1383 2.1566159532095077
1384 2.1566159532095077
1385 2.1566159532095077
1386 1.1611160540186694
1387 1.1611160540186694
1388 1.1611160540186694
1389 1.1611160540186694
1390 1.1611160540186694
1391 3.1264585897409174
1392 3.1264585897409174
1393 3.1264585897409174
1394 3.1264585897409174
1395 0.7706376094335303
1396 0.7706376094335303
1397 0.7706376094335303
1398 0.7706376094335303
1399 0.7706376094335303
1400 1.3136304966053496
1401 1.3136304966053496
1402 1.3136304966053496
1403 1.3136304966053496
1404 1.3136304966053496
1405 0.9986909000592359
1406 0.9986909000592359
1407 0.9986909000592359
1408 0.9986909000592359
1409 0.9986909000592359
1410 1.1183430131284722
1411 1.1183430131284722
1412 1.1183430131284722
1413 1.1183430131284722
1414 1.1183430131284722
1415 1.3347145309898436
1416 1.3347145309898436
1417 1.3347145309898436
1418 1.3347145309898436
1419 1.3347145309898436
1420 1.0012094213482996
1421 1.5265676480282953
1422 1.5265676480282953
1423 1.5265676480282953
1424 1.5265676480282953
1425 1.5265676480282953
1426 0.8981197229800157
1427 0.8981197229800157
1428 0.8981197229800157
1429 2.088308785776595
1430 2.088308785776595
1431 2.088308785776595
1432 2.088308785776595
1433 2.088308785776595
1434 1.912915758918222
1435 1.912915758918222
1436 1.912915758918222
1437 1.912915758918222
1438 1.912915758918222
1439 2.6136488284228534
1440 2.6136488284228534
1441 2.6136488284228534
1442 2.6136488284228534
1443 2.6136488284228534
1444 2.112603961353007
1445 2.112603961353007
1446 2.112603961353007
1447 2.112603961353007
1448 2.112603961353007
1449 2.0915378911037092
1450 2.0915378911037092
1451 2.0915378911037092
1452 2.0915378911037092
1453 2.0915378911037092
1454 0.7401163220550839
1455 0.7401163220550839
1456 0.7401163220550839
1457 0.7401163220550839
1458 0.7401163220550839
1459 2.932712021682321
1460 2.932712021682321
1461 2.932712021682321
1462 2.932712021682321
1463 2.932712021682321
1464 2.434936502050868
1465 2.434936502050868
1466 2.434936502050868
1467 2.434936502050868
1468 2.434936502050868
1469 2.1408177651327183
1470 2.1408177651327183
1471 2.1408177651327183
1472 2.1408177651327183
1473 2.1408177651327183
1474 1.2245383917103556
1475 1.2245383917103556
1476 1.2245383917103556
1477 1.2245383917103556
1478 1.2245383917103556
1479 1.5508720198170374
1480 1.5508720198170374
1481 1.5508720198170374
1482 1.5508720198170374
1483 1.5508720198170374
1484 2.402041041970205
1485 2.402041041970205
1486 2.402041041970205
1487 2.402041041970205
1488 2.402041041970205
1489 2.0434303813385717
1490 2.0434303813385717
1491 2.0434303813385717
1492 2.0434303813385717
1493 2.0434303813385717
1494 2.2613237155665873
1495 2.2613237155665873
1496 2.2613237155665873
1497 2.2613237155665873
1498 2.2613237155665873
1499 2.6022888709608734
1500 2.6022888709608734
1501 2.6022888709608734
1502 2.6022888709608734
1503 2.6022888709608734
1504 1.673452230222853
1505 1.673452230222853
1506 1.673452230222853
1507 1.673452230222853
1508 1.673452230222853
1509 1.5311038527641945
1510 1.5311038527641945
1511 1.5311038527641945
1512 1.5311038527641945
1513 1.5311038527641945
1514 2.6756693595594125
1515 2.6756693595594125
1516 2.6756693595594125
1517 2.6756693595594125
1518 2.6756693595594125
1519 1.8009201649889053
1520 1.8009201649889053
1521 1.8009201649889053
1522 1.8009201649889053
1523 1.8009201649889053
1524 2.7348817228008384
1525 2.7348817228008384
1526 2.7348817228008384
1527 0.9914568995642801
1528 0.9914568995642801
1529 0.9914568995642801
1530 0.9914568995642801
1531 0.9914568995642801
1532 0.1
1533 0.1
1534 0.1
1535 0.1
1536 0.1
1537 0.6911926461580266
1538 0.6911926461580266
1539 0.6911926461580266
1540 0.6911926461580266
1541 0.6911926461580266
1542 0.8189448171613048
1543 0.8189448171613048
1544 0.8189448171613048
1545 0.8189448171613048
1546 0.8189448171613048
1547 0.3928588829560178
1548 0.3928588829560178
1549 2.0747896813170694
1550 1.4674741478027649
1551 1.4674741478027649
1552 1.4674741478027649
1553 1.4674741478027649
1554 1.4674741478027649
1555 4.550130325818051
1556 4.550130325818051
1557 4.550130325818051
1558 4.550130325818051
1559 4.550130325818051
1560 1.7957373511032904
1561 1.7957373511032904
1562 1.7957373511032904
1563 1.7957373511032904
1564 1.7957373511032904
1565 3.2599894999242807
1566 3.2599894999242807
1567 3.2599894999242807
1568 3.2599894999242807
1569 3.2599894999242807
1570 5.272086915159521
1571 5.272086915159521
1572 5.272086915159521
1573 5.272086915159521
1574 5.272086915159521
1575 4.217361332369865
1576 4.217361332369865
1577 4.217361332369865
1578 4.217361332369865
1579 4.217361332369865
1580 6.312451620056846
1581 6.312451620056846
1582 6.312451620056846
1583 6.312451620056846
1584 6.312451620056846
1585 3.344406697356299
1586 3.344406697356299
1587 3.344406697356299
1588 3.344406697356299
1589 3.344406697356299
1590 3.5725030978839976
1591 3.5725030978839976
1592 3.5725030978839976
1593 3.5725030978839976
1594 3.5725030978839976
1595 2.477794464200195
1596 2.477794464200195
1597 2.477794464200195
1598 2.477794464200195
1599 2.477794464200195
1600 4.85350693070748
1601 0.48521434527139196
1602 0.48521434527139196
1603 0.48521434527139196
1604 0.48521434527139196
1605 0.48521434527139196
1606 0.9411280320948276
1607 0.9411280320948276
1608 0.9411280320948276
1609 0.9411280320948276
1610 0.9411280320948276
1611 3.035294749783836
1612 3.035294749783836
1613 3.035294749783836
1614 3.035294749783836
1615 3.035294749783836
1616 2.5569413557781777
1617 2.5569413557781777
1618 2.5569413557781777
1619 2.5569413557781777
1620 2.5569413557781777
1621 3.2191796626247493
1622 3.2191796626247493
1623 2.7034834657396125
1624 2.7034834657396125
1625 2.7034834657396125
1626 2.7034834657396125
1627 2.7034834657396125
1628 3.6036164649034026
1629 3.6036164649034026
1630 3.6036164649034026
1631 3.6036164649034026
1632 3.6036164649034026
1633 2.2405776733639247
1634 2.2405776733639247
1635 2.2405776733639247
1636 2.2405776733639247
1637 2.2405776733639247
1638 5.728848499529837
1639 5.728848499529837
1640 5.728848499529837
1641 5.728848499529837
1642 5.728848499529837
1643 4.754734218663009
1644 4.754734218663009
1645 4.754734218663009
1646 4.754734218663009
1647 4.754734218663009
1648 2.0737575502669365
1649 2.0737575502669365
1650 2.0737575502669365
1651 2.0737575502669365
1652 2.0737575502669365
1653 1.8815976419887268
1654 1.8815976419887268
1655 1.8815976419887268
1656 1.8815976419887268
1657 1.8815976419887268
1658 1.4740320985330753
1659 1.4740320985330753
1660 1.4740320985330753
1661 2.5165674912063425
1662 2.5165674912063425
1663 2.5165674912063425
1664 2.5165674912063425
1665 2.5165674912063425
1666 1.3246999710681948
1667 1.3246999710681948
1668 1.3246999710681948
1669 1.3246999710681948
1670 1.3246999710681948
1671 1.024226809364763
1672 1.024226809364763
1673 1.024226809364763
1674 1.024226809364763
1675 1.024226809364763
1676 0.8348230638616894
1677 0.8348230638616894
1678 0.8348230638616894
1679 0.8348230638616894
1680 0.8348230638616894
1681 1.2545331205208472
1682 1.2545331205208472
1683 1.2545331205208472
1684 1.2545331205208472
1685 1.2545331205208472
1686 1.0840982282363547
1687 1.0840982282363547
1688 1.0840982282363547
1689 1.0840982282363547
1690 1.0840982282363547
1691 1.4936780061851171
1692 1.4936780061851171
1693 1.4936780061851171
1694 1.4936780061851171
1695 1.4936780061851171
1696 1.0634484461685585
1697 1.0634484461685585
1698 1.0634484461685585
1699 1.0634484461685585
1700 1.0634484461685585
1701 1.3355734497094467
1702 1.3355734497094467
1703 1.3355734497094467
1704 1.3355734497094467
1705 1.3355734497094467
1706 0.5282880636691623
1707 0.5282880636691623
1708 0.5282880636691623
1709 0.5282880636691623
1710 0.5282880636691623
1711 1.7711919250988384
1712 1.7711919250988384
1713 1.7711919250988384
1714 1.7711919250988384
1715 1.7711919250988384
1716 1.4074449126363184
1717 1.4074449126363184
1718 1.4074449126363184
1719 1.4074449126363184
1720 1.4074449126363184
1721 1.300341998044514
1722 1.300341998044514
1723 1.300341998044514
1724 1.300341998044514
1725 1.300341998044514
1726 0.9289879528285235
1727 0.9289879528285235
1728 0.9289879528285235
1729 0.9289879528285235
1730 0.9289879528285235
1731 1.8147693376612355
1732 1.8147693376612355
1733 1.8147693376612355
1734 0.8183135544648068
1735 0.8183135544648068
1736 0.8183135544648068
1737 0.8183135544648068
1738 0.8183135544648068
1739 3.939120897324215
1740 3.939120897324215
1741 3.939120897324215
1742 3.939120897324215
1743 3.939120897324215
1744 4.707772910480455
1745 4.707772910480455
1746 4.707772910480455
1747 4.707772910480455
1748 4.707772910480455
1749 2.9904076746138593
1750 2.9904076746138593
1751 2.9904076746138593
1752 2.9904076746138593
1753 4.267861363235891
1754 4.267861363235891
1755 4.267861363235891
1756 4.267861363235891
1757 4.267861363235891
1758 2.6444957346400098
1759 2.6444957346400098
1760 2.6444957346400098
1761 2.6444957346400098
1762 2.6444957346400098
1763 2.9335645657556246
1764 2.9335645657556246
1765 2.9335645657556246
1766 2.9335645657556246
1767 2.9335645657556246
1768 3.702200376137127
1769 3.702200376137127
1770 3.702200376137127
1771 3.702200376137127
1772 3.702200376137127
1773 3.876455045630067
1774 3.876455045630067
1775 3.876455045630067
1776 3.876455045630067
1777 3.876455045630067
1778 4.1168441493602295
1779 4.1168441493602295
1780 4.1168441493602295
1781 4.1168441493602295
1782 4.1168441493602295
1783 1.3152947850664845
1784 1.3152947850664845
1785 1.3152947850664845
1786 1.3152947850664845
1787 1.3152947850664845
1788 1.7410521039058162
1789 1.7410521039058162
1790 1.7410521039058162
1791 1.7410521039058162
1792 1.7410521039058162
1793 3.2315575807296737
1794 3.2315575807296737
1795 3.2315575807296737
1796 3.2315575807296737
1797 3.2315575807296737
1798 2.081940433523029
1799 2.081940433523029
1800 2.081940433523029
1801 2.081940433523029
1802 2.081940433523029
1803 1.8850066630166213
1804 1.8850066630166213
1805 1.8850066630166213
1806 1.8850066630166213
1807 1.8850066630166213
1808 3.417954658729065
1809 3.417954658729065
1810 3.417954658729065
1811 0.6853896139586986
1812 0.6853896139586986
1813 0.6853896139586986
1814 0.6853896139586986
1815 0.6853896139586986
1816 1.1567769883744394
1817 1.1567769883744394
1818 1.1567769883744394
1819 1.1567769883744394
1820 1.1567769883744394
1821 0.7078127083450807
1822 0.7078127083450807
1823 0.7078127083450807
1824 0.7078127083450807
1825 2.516084397400621
1826 2.516084397400621
1827 2.516084397400621
1828 2.516084397400621
1829 2.516084397400621
1830 5.57063387950681
1831 5.57063387950681
1832 5.57063387950681
1833 5.57063387950681
1834 5.57063387950681
1835 7.543261761554664
1836 7.543261761554664
1837 7.543261761554664
1838 3.2436286258894667
1839 3.2436286258894667
1840 3.2436286258894667
1841 3.2436286258894667
1842 3.2436286258894667
1843 1.4994054924696947
1844 1.4994054924696947
1845 1.4994054924696947
1846 1.4994054924696947
1847 1.4994054924696947
1848 1.482040869699376
1849 1.482040869699376
1850 1.482040869699376
1851 1.482040869699376
1852 1.482040869699376
1853 2.2616349716156745
1854 2.2616349716156745
1855 2.2616349716156745
1856 2.2616349716156745
1857 2.2616349716156745
1858 1.5195917289042296
1859 1.5195917289042296
1860 1.5195917289042296
1861 1.5195917289042296
1862 1.5195917289042296
1863 1.524253642429998
1864 1.524253642429998
1865 1.524253642429998
1866 1.524253642429998
1867 1.524253642429998
1868 1.217921149004068
1869 1.217921149004068
1870 1.217921149004068
1871 1.217921149004068
1872 1.217921149004068
1873 3.346828399851854
1874 3.346828399851854
1875 3.346828399851854
1876 3.346828399851854
1877 3.346828399851854
1878 2.5223971425291185
1879 2.5223971425291185
1880 2.5223971425291185
1881 2.5223971425291185
1882 2.5223971425291185
1883 2.6750126342145326
1884 2.6750126342145326
1885 2.6750126342145326
1886 2.6750126342145326
1887 2.6750126342145326
1888 1.8013294300962701
1889 1.8013294300962701
1890 1.8013294300962701
1891 1.8013294300962701
1892 1.8013294300962701
1893 4.098564788275812
1894 4.098564788275812
1895 4.098564788275812
1896 0.1
1897 0.17683710154214463
1898 0.17683710154214463
1899 0.17683710154214463
1900 0.17683710154214463
1901 0.17683710154214463
1902 0.16564639107837648
1903 0.16564639107837648
1904 0.16564639107837648
1905 0.16564639107837648
1906 0.16564639107837648
1907 0.2506717409280245
1908 0.2506717409280245
1909 0.2506717409280245
1910 0.2506717409280245
1911 0.2506717409280245
1912 0.16026668525071774
1913 0.16026668525071774
1914 0.16026668525071774
1915 0.16026668525071774
1916 0.16026668525071774
1917 0.31744868520603386
1918 0.31744868520603386
1919 0.31744868520603386
1920 0.31744868520603386
1921 0.31744868520603386
1922 0.1
1923 0.1
1924 0.1
1925 0.1
1926 0.1
1927 0.1
1928 0.1
1929 3.4788061507294628
1930 3.4788061507294628
1931 3.4788061507294628
1932 3.4788061507294628
1933 3.4788061507294628
1934 1.0555666623917133
1935 1.0555666623917133
1936 1.0555666623917133
1937 1.0555666623917133
1938 1.0555666623917133
1939 2.1023527889249607
1940 2.1023527889249607
1941 2.1023527889249607
1942 2.1023527889249607
1943 2.1023527889249607
1944 2.1125051224407345
1945 2.1125051224407345
1946 2.1125051224407345
1947 2.1125051224407345
1948 2.1125051224407345
1949 1.8237865237565218
1950 1.8237865237565218
1951 1.8237865237565218
1952 1.8237865237565218
1953 1.8237865237565218
1954 3.1796381586659317
1955 3.1796381586659317
1956 3.1796381586659317
1957 3.1796381586659317
1958 3.1796381586659317
1959 1.8391984324697686
1960 1.8391984324697686
1961 1.8391984324697686
1962 1.8391984324697686
1963 1.8391984324697686
1964 0.1
1965 0.1
1966 0.1
1967 0.1
1968 0.1
1969 3.0789025504241065
1970 3.0789025504241065
1971 3.0789025504241065
1972 3.0789025504241065
1973 3.0789025504241065
1974 4.435134982835595
1975 4.435134982835595
1976 4.435134982835595
1977 4.435134982835595
1978 4.435134982835595
1979 5.459507743952849
1980 5.459507743952849
1981 5.459507743952849
1982 5.459507743952849
1983 5.459507743952849
1984 3.4635148058862537
1985 3.4635148058862537
1986 3.4635148058862537
1987 3.4635148058862537
1988 3.4635148058862537
1989 4.689338005331603
1990 4.689338005331603
1991 4.689338005331603
1992 4.689338005331603
1993 4.689338005331603
1994 3.129062508991272
1995 3.129062508991272
1996 3.129062508991272
1997 3.129062508991272
1998 3.129062508991272
1999 2.5163435666095504
