0 3.0954862846085986
1 3.0954862846085986
2 1.7435202078995249
3 1.7435202078995249
4 4.534603390486945
5 4.534603390486945
6 5.571859484415377
7 5.571859484415377
8 4.8150423133744615
9 4.8150423133744615
10 1.7698223842330363
11 1.7698223842330363
12 2.3444149464170367
13 2.3444149464170367
14 2.8620165168045677
15 2.8620165168045677
16 2.955627516392101
17 2.955627516392101
18 1.0877843613019889
19 1.0877843613019889
20 2.280844535742277
21 2.280844535742277
22 2.2750194231528003
23 2.2750194231528003
24 0.32217831356286936
25 0.32217831356286936
26 0.29942180337283536
27 0.29942180337283536
28 0.14789321569239974
29 0.14789321569239974
30 0.2127680958107281
31 0.2127680958107281
32 0.16455294820213262
33 0.16455294820213262
34 0.3054546662723908
35 0.3054546662723908
36 0.2285316519883791
37 0.2285316519883791
38 0.1955518087752087
39 0.1955518087752087
40 0.22181452401465881
41 0.22181452401465881
42 0.1
43 0.1
44 0.1
45 0.1
46 0.16991773431126234
47 0.16991773431126234
48 0.10227493539184007
49 0.10227493539184007
50 0.23172547566604934
51 0.23172547566604934
52 0.1
53 0.1
54 0.29158980477108226
55 0.29158980477108226
56 0.22513745592060094
57 0.22513745592060094
58 2.593287735696598
59 2.593287735696598
60 3.1554337762686684
61 3.1554337762686684
62 2.4305910016238976
63 2.4305910016238976
64 1.16833684689684
65 1.16833684689684
66 2.780746612621913
67 2.780746612621913
68 2.9888032756263865
69 2.9888032756263865
70 1.661718107265553
71 1.661718107265553
72 2.3302901084139256
73 2.3302901084139256
74 0.6669837442754667
75 0.6669837442754667
76 1.5008869301428147
77 1.5008869301428147
78 1.5857873445317048
79 1.5857873445317048
80 3.850989661570077
81 3.850989661570077
82 2.4674403113613663
83 2.4674403113613663
84 2.104329558217597
85 2.104329558217597
86 2.825221293444992
87 2.825221293444992
88 2.047448135543803
89 2.047448135543803
90 1.628252956061073
91 1.628252956061073
92 0.9266393874541694
93 0.9266393874541694
94 1.3323675682029155
95 1.3323675682029155
96 1.3695297276859042
97 1.3695297276859042
98 1.8931832893726093
99 1.8931832893726093
100 2.255038265455892
101 2.255038265455892
102 3.0413849065996312
103 3.0413849065996312
104 0.9389442075734045
105 0.9389442075734045
106 2.01978212662713
107 2.01978212662713
108 2.896041892220957
109 2.896041892220957
110 3.0429326353624537
111 3.0429326353624537
112 2.590685846885881
113 2.590685846885881
114 1.6514923632675131
115 1.6514923632675131
116 1.9661554546844162
117 2.9082918258118555
118 3.047975682048417
119 3.047975682048417
120 4.91414214848699
121 4.91414214848699
122 1.037775105180982
123 1.037775105180982
124 2.025656272037578
125 2.025656272037578
126 4.8682681117948565
127 4.8682681117948565
128 5.799412535370747
129 5.799412535370747
130 7.008944535133681
131 7.008944535133681
132 3.5041019075570525
133 3.5041019075570525
134 0.5467031897988823
135 0.5467031897988823
136 3.213954835535254
137 3.213954835535254
138 3.5763395530023536
139 3.5763395530023536
140 4.167196634927264
141 4.167196634927264
142 4.98790280363246
143 4.98790280363246
144 3.298417134293879
145 3.298417134293879
146 4.674032191152869
147 4.674032191152869
148 2.867184780717627
149 2.867184780717627
150 7.160078443132438
151 7.160078443132438
152 4.854421952784628
153 4.854421952784628
154 1.364809349375793
155 1.364809349375793
156 7.130212305199874
157 7.130212305199874
158 5.534921646007284
159 5.534921646007284
160 3.0678718568586985
161 3.0678718568586985
162 1.736123745188362
163 1.736123745188362
164 2.0802633548147966
165 2.0802633548147966
166 0.6993078953813109
167 0.6993078953813109
168 2.174739680732368
169 2.174739680732368
170 1.2863548934233235
171 1.2863548934233235
172 2.5483393359627176
173 2.5483393359627176
174 0.7881999523738181
175 0.7881999523738181
176 0.8927745934301466
177 4.75338661020653
178 4.75338661020653
179 2.6782252367892756
180 2.6782252367892756
181 2.1124308247042496
182 2.1124308247042496
183 1.0614367381382226
184 1.0614367381382226
185 1.9362866154073524
186 1.9362866154073524
187 4.4267515851860155
188 4.4267515851860155
189 1.2517189218844809
190 1.2517189218844809
191 3.288216595871228
192 3.288216595871228
193 1.8979413940254846
194 2.087549842678704
195 2.087549842678704
196 1.8869012228060615
197 1.8869012228060615
198 0.5532748687080087
199 0.5532748687080087
200 0.6620474342090338
201 0.6620474342090338
202 1.9140485665426554
203 1.9140485665426554
204 1.4098936419402384
205 1.4098936419402384
206 2.0533264117809247
207 2.0533264117809247
208 1.8110321230986364
209 1.8110321230986364
210 0.7624905051494172
211 0.7624905051494172
212 1.8769819618497452
213 1.8769819618497452
214 1.3709861181358565
215 1.3709861181358565
216 1.489756667815876
217 1.489756667815876
218 1.9262698692812987
219 1.9262698692812987
220 1.7883361488027907
221 1.7883361488027907
222 0.5288177269652676
223 0.5288177269652676
224 1.1638277362201541
225 1.188598428529994
226 1.188598428529994
227 1.366978666612971
228 1.366978666612971
229 2.095562480010349
230 2.095562480010349
231 1.352761146104923
232 1.352761146104923
233 1.266979826628868
234 0.4062249491871484
235 0.4062249491871484
236 0.9217362333935715
237 0.9217362333935715
238 0.42864204070903544
239 0.42864204070903544
240 1.2771470821350719
241 1.2771470821350719
242 1.3353253113378067
243 1.3353253113378067
244 1.5539456639707363
245 1.5539456639707363
246 2.363430695702177
247 2.363430695702177
248 4.489199196947398
249 4.489199196947398
250 3.0786756779001476
251 3.0786756779001476
252 1.7659541462467843
253 1.7659541462467843
254 1.886008619399085
255 1.886008619399085
256 2.0559545763697624
257 2.0559545763697624
258 1.3931248433331238
259 1.3931248433331238
260 1.0596467186994176
261 1.0596467186994176
262 1.6678661359988332
263 1.6678661359988332
264 3.026420452115565
265 3.026420452115565
266 3.057320644952084
267 3.057320644952084
268 0.7009370759085463
269 0.7009370759085463
270 2.1012894974059297
271 2.1012894974059297
272 1.5924019676664267
273 1.5924019676664267
274 1.6577400226657593
275 1.6577400226657593
276 0.7066981668608299
277 0.7066981668608299
278 1.1975695147139045
279 1.1975695147139045
280 1.1846943771796354
281 1.1846943771796354
282 1.2316284992218143
283 1.2316284992218143
284 0.9475336515029635
285 0.9475336515029635
286 0.531282508088638
287 0.531282508088638
288 1.695841305103444
289 1.695841305103444
290 2.0579261451592608
291 2.0579261451592608
292 2.249269627794267
293 2.249269627794267
294 0.7946550293667825
295 2.047595020667778
296 2.047595020667778
297 3.6204761485891597
298 3.6204761485891597
299 1.0499415736953845
300 1.0499415736953845
301 4.4431377936064465
302 4.4431377936064465
303 3.2260853232652886
304 3.2260853232652886
305 1.9152714566500948
306 1.9152714566500948
307 1.9636630982546728
308 1.9636630982546728
309 4.009021556667616
310 4.009021556667616
311 1.898640824427442
312 1.898640824427442
313 3.2681148021147077
314 3.2681148021147077
315 4.762616267560732
316 4.762616267560732
317 4.928441606570451
318 4.928441606570451
319 3.023716865426365
320 3.023716865426365
321 5.777059172466484
322 5.777059172466484
323 1.5203415957493094
324 1.5203415957493094
325 1.8033659290747481
326 1.8033659290747481
327 4.951147911578177
328 4.951147911578177
329 4.310821618676824
330 4.310821618676824
331 2.060832997118848
332 2.060832997118848
333 2.4650632618108643
334 2.4650632618108643
335 1.9218258155796717
336 1.9218258155796717
337 4.439872196006508
338 4.439872196006508
339 1.7244167928159801
340 1.7244167928159801
341 5.275925396222543
342 5.275925396222543
343 3.7203952673548857
344 3.7203952673548857
345 4.268698892922902
346 4.268698892922902
347 2.7035035469139044
348 2.7035035469139044
349 4.905035912352799
350 4.905035912352799
351 3.7805239135222806
352 3.7805239135222806
353 4.144422439367039
354 4.144422439367039
355 2.37504298334713
356 2.37504298334713
357 5.886108001292494
358 5.886108001292494
359 1.478637968202839
360 1.478637968202839
361 2.5709912960270267
362 2.5709912960270267
363 2.6564252363566467
364 2.6564252363566467
365 3.117212932190601
366 3.117212932190601
367 2.1483166224900465
368 2.1483166224900465
369 3.518147241374624
370 3.518147241374624
371 4.153715150490078
372 4.153715150490078
373 2.321954399261755
374 2.321954399261755
375 0.1
376 0.1
377 3.847575271408709
378 3.847575271408709
379 2.638899454200089
380 2.638899454200089
381 5.162571646841217
382 5.162571646841217
383 5.225835584748355
384 5.225835584748355
385 4.648784148150255
386 4.648784148150255
387 1.361821378109611
388 1.361821378109611
389 4.1654601466010925
390 4.1654601466010925
391 3.132127711967016
392 3.132127711967016
393 2.143033160614531
394 2.143033160614531
395 2.8077375551447257
396 2.8077375551447257
397 2.737987268292461
398 2.737987268292461
399 3.6809321532856134
400 3.6809321532856134
401 4.872336326937829
402 4.872336326937829
403 4.13820294687024
404 4.13820294687024
405 3.8313732079053704
406 3.8313732079053704
407 3.0460762699778394
408 3.0460762699778394
409 3.7072718645396177
410 3.7072718645396177
411 4.415897086992166
412 4.415897086992166
413 3.069830013120003
414 3.069830013120003
415 2.5272041507816256
416 2.5272041507816256
417 1.9909145630884244
418 1.9909145630884244
419 0.1
420 0.1
421 1.1502881934365736
422 1.1502881934365736
423 3.6127401916927444
424 3.6127401916927444
425 2.295523536467828
426 2.295523536467828
427 6.970167485326568
428 6.970167485326568
429 3.563673360672593
430 3.563673360672593
431 4.620820722553642
432 4.620820722553642
433 1.5397382207648371
434 1.5397382207648371
435 1.1963623417048623
436 1.1963623417048623
437 4.797346029504313
438 4.797346029504313
439 1.7535073343386922
440 1.7535073343386922
441 3.967053494684653
442 3.967053494684653
443 3.2114129343345565
444 3.2114129343345565
445 3.0078236670327985
446 3.0078236670327985
447 2.495425541782806
448 2.495425541782806
449 2.835812925645122
450 2.835812925645122
451 4.502612332582854
452 4.502612332582854
453 2.9456279425291743
454 2.9456279425291743
455 3.2684255751056486
456 3.2684255751056486
457 5.393766274258681
458 5.393766274258681
459 2.0945579012589564
460 2.0945579012589564
461 2.694979041419769
462 2.694979041419769
463 2.0202312470385726
464 2.0202312470385726
465 1.2148471667437437
466 1.2148471667437437
467 4.254042164599903
468 4.254042164599903
469 1.2937457314738765
470 1.2937457314738765
471 2.9572695454424744
472 2.9572695454424744
473 1.148570705578991
474 1.148570705578991
475 2.448416373053905
476 2.448416373053905
477 6.045116204366268
478 6.045116204366268
479 4.939453705834191
480 4.939453705834191
481 1.5394099769800804
482 1.5394099769800804
483 2.758368372604716
484 2.758368372604716
485 3.2441049887303923
486 3.2441049887303923
487 1.6687009952802156
488 1.6687009952802156
489 1.4008715267385705
490 1.4008715267385705
491 2.8000181686892125
492 2.8000181686892125
493 0.33530475281338923
494 1.1164401391520924
495 1.1164401391520924
496 3.7049431052216235
497 3.7049431052216235
498 1.6201597138684387
499 1.6201597138684387
500 1.159651444470505
501 1.159651444470505
502 0.7088544977610816
503 0.7088544977610816
504 2.7761545181076817
505 2.7761545181076817
506 1.6733813684696761
507 1.6733813684696761
508 2.9817872784133184
509 2.9817872784133184
510 1.781038695790632
511 3.60491601899354
512 3.60491601899354
513 0.5742438676618209
514 0.5742438676618209
515 3.749484198149376
516 3.749484198149376
517 3.1520776956037
518 3.1520776956037
519 3.4694241174695497
520 3.4070908694427198
521 3.4070908694427198
522 2.0023646150802867
523 2.0023646150802867
524 0.2976605519750395
525 0.2976605519750395
526 3.245186946280966
527 3.245186946280966
528 2.00533462221871
529 2.00533462221871
530 2.4713994754791413
531 2.4713994754791413
532 1.0508244643574094
533 1.0508244643574094
534 3.7522405566518264
535 3.7522405566518264
536 0.7343486952991791
537 0.7343486952991791
538 2.6710085722476316
539 2.6710085722476316
540 3.9989345458474173
541 3.9989345458474173
542 2.4264837705804645
543 2.4264837705804645
544 5.61725271404968
545 5.61725271404968
546 2.8031349497873066
547 2.8031349497873066
548 3.663589317114581
549 3.663589317114581
550 1.6613128122023975
551 1.6613128122023975
552 3.8106733554009806
553 3.8106733554009806
554 2.974512284765953
555 2.974512284765953
556 7.123555564053051
557 7.123555564053051
558 4.438992415048156
559 4.438992415048156
560 5.037140694082395
561 5.037140694082395
562 2.763237722365697
563 2.763237722365697
564 3.8882750676250843
565 3.8882750676250843
566 3.5184758889570684
567 3.054264926244185
568 3.054264926244185
569 6.182279654974954
570 6.182279654974954
571 3.429584128504728
572 3.429584128504728
573 3.79351757373519
574 3.79351757373519
575 5.30732874879871
576 5.30732874879871
577 1.3694854197566917
578 1.3694854197566917
579 2.9537238224207365
580 2.9537238224207365
581 3.3802226236247037
582 3.3802226236247037
583 2.6402786231045887
584 2.6402786231045887
585 1.591237602130324
586 1.591237602130324
587 3.987812347730487
588 3.987812347730487
589 2.8123009627325883
590 2.8123009627325883
591 4.001745839601484
592 4.001745839601484
593 5.474745926466973
594 5.474745926466973
595 2.088851428015445
596 2.088851428015445
597 5.791042106718355
598 5.791042106718355
599 4.318716324554757
600 4.318716324554757
601 2.806787732333812
602 2.806787732333812
603 2.54974080562969
604 2.54974080562969
605 2.162884393456949
606 2.162884393456949
607 3.367645132156679
608 3.367645132156679
609 5.204312147446302
610 5.204312147446302
611 1.9049255301070265
612 1.9049255301070265
613 1.086529686715863
614 1.086529686715863
615 1.6064186441523256
616 1.6064186441523256
617 7.580701833331482
618 7.580701833331482
619 3.1583941871996717
620 3.1583941871996717
621 2.950081925937277
622 6.3422650889763625
623 6.3422650889763625
624 2.7106974685838985
625 2.7106974685838985
626 2.518882579786224
627 2.518882579786224
628 1.4519601449275545
629 1.4519601449275545
630 3.371069117602551
631 3.371069117602551
632 5.2553383273791
633 1.5229994549090269
634 1.5229994549090269
635 1.2925205081763258
636 1.2925205081763258
637 3.070275774853248
638 3.070275774853248
639 1.557007677118212
640 1.557007677118212
641 2.0957615357684323
642 2.0957615357684323
643 1.544551308393531
644 1.544551308393531
645 1.6596968817352133
646 1.6596968817352133
647 1.462679652996276
648 1.462679652996276
649 1.452330103842153
650 1.452330103842153
651 1.0396908246982082
652 1.0396908246982082
653 0.5406950142881619
654 0.5406950142881619
655 2.430547539148602
656 2.430547539148602
657 2.038428486426756
658 2.038428486426756
659 0.21182801263039308
660 0.21182801263039308
661 1.476185061597062
662 1.476185061597062
663 2.1457467733739053
664 4.752131408564159
665 4.752131408564159
666 6.516508882862833
667 6.516508882862833
668 6.204355791139838
669 6.204355791139838
670 1.9574594198710904
671 1.9574594198710904
672 3.616465226448142
673 3.616465226448142
674 2.179924402818327
675 2.179924402818327
676 4.665546253937048
677 4.665546253937048
678 2.9001755336654558
679 2.9001755336654558
680 1.013026723821722
681 1.013026723821722
682 4.7777372838538525
683 4.7777372838538525
684 4.417523432338256
685 4.417523432338256
686 5.23747382853571
687 5.23747382853571
688 3.3265281777784734
689 3.3265281777784734
690 3.7975930034265644
691 3.7975930034265644
692 3.63474645746022
693 3.63474645746022
694 4.821604738986624
695 4.821604738986624
696 2.693510789984444
697 2.693510789984444
698 5.333173596119244
699 5.333173596119244
700 1.7454867368848401
701 1.7454867368848401
702 1.731375180525624
703 1.731375180525624
704 3.588243193383665
705 3.588243193383665
706 4.341260810394756
707 4.341260810394756
708 5.738398919313997
709 5.738398919313997
710 4.178001785760886
711 4.178001785760886
712 3.721799063062233
713 3.721799063062233
714 4.859203954152859
715 4.859203954152859
716 2.6731383725634363
717 2.6731383725634363
718 3.4841620268779865
719 3.4841620268779865
720 5.325727640732405
721 0.9528258739160086
722 0.9528258739160086
723 0.7978714658949322
724 0.7978714658949322
725 0.47794419533548016
726 0.47794419533548016
727 0.8998376652750397
728 0.8998376652750397
729 0.483061350635425
730 0.483061350635425
731 0.9855369856267202
732 0.9855369856267202
733 0.4195656696430061
734 0.4195656696430061
735 0.7423218920780648
736 0.7423218920780648
737 0.6422594320028502
738 0.6422594320028502
739 0.7632657035794563
740 0.7632657035794563
741 0.7661604927180999
742 0.7661604927180999
743 0.6486833614505738
744 0.6486833614505738
745 1.114257431994379
746 1.114257431994379
747 3.9519848676150238
748 3.9519848676150238
749 3.3993745633894115
750 3.3993745633894115
751 3.9071796671087595
752 3.9071796671087595
753 3.6176111173810845
754 3.6176111173810845
755 2.648742245339628
756 2.648742245339628
757 3.1363834976110834
758 3.1363834976110834
759 0.5208768238304284
760 0.5208768238304284
761 1.1975521847824062
762 1.1975521847824062
763 0.4166895329575181
764 0.4166895329575181
765 0.7149462275139364
766 0.7149462275139364
767 0.790412618537887
768 0.790412618537887
769 0.754937095698624
770 0.754937095698624
771 0.4759565137305414
772 0.4759565137305414
773 0.5763154634025022
774 0.5763154634025022
775 0.38419723399278466
776 0.38419723399278466
777 0.7145133277971722
778 0.7145133277971722
779 0.4493076138611073
780 0.4493076138611073
781 0.6473924227349938
782 2.3717689295099325
783 2.2261527747889978
784 2.2261527747889978
785 2.8750458562943613
786 2.8750458562943613
787 1.1055253399550553
788 1.1055253399550553
789 1.7794298520291096
790 1.7794298520291096
791 2.5729088776888602
792 2.5729088776888602
793 3.0818602987100103
794 3.0818602987100103
795 3.6742122634399124
796 3.6742122634399124
797 3.038926719484844
798 3.038926719484844
799 2.037633450515907
800 2.037633450515907
801 3.4053497105741153
802 3.4053497105741153
803 3.176017573638025
804 3.176017573638025
805 2.814605262453811
806 2.814605262453811
807 5.287585817539004
808 5.287585817539004
809 2.761571580384011
810 2.761571580384011
811 3.401737907936778
812 3.401737907936778
813 1.9653591239356225
814 1.9653591239356225
815 1.1922181311435902
816 1.1922181311435902
817 2.260223680620352
818 2.260223680620352
819 0.1
820 0.1
821 3.1586163881130758
822 3.1586163881130758
823 3.555578175020455
824 3.555578175020455
825 2.2376383880655912
826 2.2376383880655912
827 2.236399507956155
828 2.236399507956155
829 3.073863590374448
830 3.073863590374448
831 2.2577761121036053
832 2.2577761121036053
833 2.8640204786962222
834 2.8640204786962222
835 3.4829991246778462
836 3.4829991246778462
837 5.102656057794004
838 5.102656057794004
839 1.2585852426251436
840 1.2585852426251436
841 4.039369542316157
842 4.039369542316157
843 2.3744005915282687
844 2.3744005915282687
845 4.984203546396943
846 0.209822558791316
847 0.209822558791316
848 4.700940940537517
849 4.700940940537517
850 4.986754357912977
851 4.986754357912977
852 2.0520264532962034
853 2.0520264532962034
854 2.4453933204982277
855 2.4453933204982277
856 4.8755684354496855
857 4.8755684354496855
858 1.8095708496143865
859 1.8095708496143865
860 5.068673570072045
861 5.068673570072045
862 4.011841378420388
863 4.011841378420388
864 6.17925665029823
865 6.17925665029823
866 3.228143096363373
867 3.228143096363373
868 3.4935921330631534
869 3.4935921330631534
870 2.7019912152052696
871 2.7019912152052696
872 2.2992248981817003
873 2.2992248981817003
874 1.7788480506264621
875 1.7788480506264621
876 5.892735894210354
877 5.892735894210354
878 4.4769947978931555
879 0.3969260236853597
880 0.3969260236853597
881 0.6713516279506331
882 0.6713516279506331
883 0.9967284218071575
884 0.9967284218071575
885 0.6504751680359654
886 0.6504751680359654
887 0.8187721000425964
888 0.8187721000425964
889 0.6864225506884529
890 0.6864225506884529
891 0.8838400059316501
892 0.8838400059316501
893 0.651153326628441
894 0.651153326628441
895 0.1
896 0.1
897 0.8372414748617266
898 0.8372414748617266
899 0.6954727386441327
900 0.6954727386441327
901 0.8963440165305863
902 0.8963440165305863
903 0.7823874826962474
904 0.7823874826962474
905 0.538236431202209
906 0.538236431202209
907 0.485993297092598
908 0.485993297092598
909 0.12565153587145994
910 0.12565153587145994
911 0.5199967826292088
912 0.5199967826292088
913 0.7789060800222386
914 0.7789060800222386
915 0.5882396802709756
916 0.5882396802709756
917 0.6168544228219242
918 0.6168544228219242
919 0.28915731520741456
920 0.28915731520741456
921 1.0230055496483361
922 1.0230055496483361
923 0.7639026563149196
924 0.7639026563149196
925 0.7525092125830913
926 0.7525092125830913
927 0.8236412406683926
928 0.8236412406683926
929 0.6828505666133674
930 0.6828505666133674
931 1.2862946003648612
932 1.2862946003648612
933 0.5978452327406238
934 0.5978452327406238
935 0.9556081339520759
936 0.9556081339520759
937 0.40265413418731427
938 0.40265413418731427
939 0.7887608812745122
940 0.7887608812745122
941 0.8292412326286108
942 0.8292412326286108
943 0.985744700542114
944 0.985744700542114
945 0.7054503312082021
946 0.7054503312082021
947 0.3402846123384541
948 0.3402846123384541
949 0.5656648684743265
950 0.5656648684743265
951 0.44780050605335964
952 0.44780050605335964
953 6.517638100065234
954 6.517638100065234
955 3.344105755049718
956 3.344105755049718
957 2.784496677652755
958 2.784496677652755
959 6.842568973310118
960 6.842568973310118
961 5.8443565213165956
962 5.8443565213165956
963 3.7555036875517596
964 3.7555036875517596
965 1.9900227455703372
966 1.9900227455703372
967 1.5156706205516395
968 1.5156706205516395
969 1.9150748639979516
970 1.9150748639979516
971 0.6487308917944716
972 0.6487308917944716
973 1.75293512592582
974 1.75293512592582
975 2.940534238336224
976 2.940534238336224
977 1.3643153631390466
978 1.3643153631390466
979 3.6684698911148503
980 8.092092484211708
981 8.092092484211708
982 6.759678300484023
983 6.759678300484023
984 5.509445617818354
985 5.509445617818354
986 3.5926667568129913
987 3.5926667568129913
988 4.118706277086751
989 4.118706277086751
990 4.509201813425778
991 4.509201813425778
992 4.241861186764002
993 4.241861186764002
994 5.131332700057714
995 5.131332700057714
996 3.319243269346378
997 3.319243269346378
998 7.682904742603412
999 7.682904742603412
1000 0.7618687290024737
1001 0.7618687290024737
1002 5.568400861391643
1003 5.568400861391643
1004 1.4047702480828717
1005 1.4047702480828717
1006 2.812023193783064
1007 2.812023193783064
1008 6.726169521411036
1009 6.726169521411036
1010 7.132625748708749
1011 7.132625748708749
1012 7.460776392558483
1013 7.460776392558483
1014 6.964235476664367
1015 6.964235476664367
1016 5.6457138425982665
1017 5.6457138425982665
1018 6.885496041297145
1019 6.885496041297145
1020 2.8662247169478503
1021 2.8662247169478503
1022 5.940430422106134
1023 5.940430422106134
1024 1.5355714193203895
1025 1.5355714193203895
1026 0.944759848679208
1027 0.944759848679208
1028 0.7353646307316256
1029 0.7353646307316256
1030 1.0488970480506392
1031 1.0488970480506392
1032 3.3479577840290196
1033 3.3479577840290196
1034 1.4599713715758804
1035 1.4599713715758804
1036 1.3465839799291526
1037 1.3465839799291526
1038 1.8717493133341585
1039 1.8717493133341585
1040 3.6890281806732697
1041 3.6890281806732697
1042 2.032707831206759
1043 2.032707831206759
1044 3.072022316544505
1045 3.072022316544505
1046 1.7134345457942894
1047 1.7134345457942894
1048 5.764386424406999
1049 5.764386424406999
1050 4.740123367078432
1051 4.740123367078432
1052 5.432771551802791
1053 5.432771551802791
1054 5.334739343556304
1055 5.334739343556304
1056 0.1
1057 0.1
1058 3.896133129823072
1059 3.896133129823072
1060 4.103057889071426
1061 4.103057889071426
1062 3.252570137748535
1063 3.252570137748535
1064 5.104554030996116
1065 5.104554030996116
1066 5.542402689035902
1067 2.077617249707986
1068 2.077617249707986
1069 2.2955830542903675
1070 2.2955830542903675
1071 2.6336226609968265
1072 2.6336226609968265
1073 4.903184770512085
1074 4.903184770512085
1075 2.948732997569227
1076 2.948732997569227
1077 0.6013829069996275
1078 0.6013829069996275
1079 4.324212005414757
1080 4.324212005414757
1081 0.6030511164267369
1082 0.6030511164267369
1083 3.5813620626368428
1084 3.5813620626368428
1085 3.385822615635882
1086 3.385822615635882
1087 3.301921155991584
1088 3.301921155991584
1089 4.677260384720755
1090 4.677260384720755
1091 6.053061872595849
1092 6.053061872595849
1093 1.8932013027310919
1094 1.8932013027310919
1095 3.2238676460479017
1096 3.2238676460479017
1097 5.861766629751278
1098 5.861766629751278
1099 4.40134502368558
1100 4.071694882749853
1101 4.071694882749853
1102 5.518983738617177
1103 5.518983738617177
1104 3.8084631811814664
1105 3.8084631811814664
1106 7.2995169888209865
1107 7.2995169888209865
1108 7.528997899717169
1109 7.528997899717169
1110 4.684135110811981
1111 4.684135110811981
1112 7.058779164193024
1113 7.058779164193024
1114 7.275325712835736
1115 7.275325712835736
1116 7.291867177071509
1117 3.21513549462615
1118 3.21513549462615
1119 2.7532712258014422
1120 2.7532712258014422
1121 3.3476914027009004
1122 3.3476914027009004
1123 3.3049988853793852
1124 3.3049988853793852
1125 1.9940819984132236
1126 1.9940819984132236
1127 3.664298612842882
1128 3.664298612842882
1129 3.5926221384723847
1130 3.5926221384723847
1131 1.075875110712193
1132 1.075875110712193
1133 3.0210355006479466
1134 3.0210355006479466
1135 4.08879432174338
1136 4.08879432174338
1137 4.046870783726113
1138 4.046870783726113
1139 1.7921425325508127
1140 1.7921425325508127
1141 2.7448791130875057
1142 2.7448791130875057
1143 3.540311258747992
1144 3.540311258747992
1145 2.748402111700826
1146 2.748402111700826
1147 2.16499892528235
1148 2.16499892528235
1149 2.447635938159042
1150 2.447635938159042
1151 3.931484793909066
1152 3.931484793909066
1153 4.304428047924579
1154 4.304428047924579
1155 3.2444555327170517
1156 3.2444555327170517
1157 3.1747941284197254
1158 3.1747941284197254
1159 4.369395397883167
1160 4.369395397883167
1161 4.067459804976027
1162 4.067459804976027
1163 3.0199193504488524
1164 3.0199193504488524
1165 5.0926368289868815
1166 5.0926368289868815
1167 1.3028391612261645
1168 1.3028391612261645
1169 4.877731117021764
1170 4.877731117021764
1171 3.872796286713732
1172 3.872796286713732
1173 4.651044388510569
1174 4.651044388510569
1175 4.170373401799802
1176 4.170373401799802
1177 3.6963266486235136
1178 3.6963266486235136
1179 4.18508765179964
1180 4.18508765179964
1181 6.105735884679497
1182 6.105735884679497
1183 3.6642584624651984
1184 3.6642584624651984
1185 4.790295301156517
1186 4.790295301156517
1187 2.6190835416483713
1188 2.6190835416483713
1189 4.164743565715405
1190 4.164743565715405
1191 2.7418616827739175
1192 2.7418616827739175
1193 4.219469861406999
1194 4.219469861406999
1195 1.1514946963309036
1196 1.1514946963309036
1197 2.5514598647833227
1198 2.5514598647833227
1199 2.935759569623763
1200 2.935759569623763
1201 2.057758386215695
1202 2.057758386215695
1203 5.497734891969999
1204 5.497734891969999
1205 3.576203061417845
1206 3.576203061417845
1207 2.498059927955607
1208 2.498059927955607
1209 4.148320647354716
1210 4.148320647354716
1211 4.325785304046105
1212 4.325785304046105
1213 5.997580849194666
1214 5.997580849194666
1215 5.866328177284624
1216 5.866328177284624
1217 6.523975791489413
1218 6.523975791489413
1219 2.3760212581169853
1220 2.5644206348475262
1221 2.5644206348475262
1222 3.8103391410626113
1223 3.8103391410626113
1224 1.7587478174742066
1225 1.7587478174742066
1226 1.5262700040943733
1227 0.961907981647131
1228 0.961907981647131
1229 3.251785470363598
1230 3.251785470363598
1231 1.5747451289566596
1232 1.5747451289566596
1233 1.8846482420519548
1234 1.8846482420519548
1235 2.3178351645852597
1236 2.3178351645852597
1237 3.4045565589825957
1238 3.4045565589825957
1239 1.7600094897524048
1240 1.7600094897524048
1241 3.5950878272951527
1242 0.7608683488588509
1243 0.7608683488588509
1244 0.5944529870101278
1245 0.5944529870101278
1246 0.7908476764302628
1247 0.7908476764302628
1248 0.1
1249 0.1
1250 0.2944355839212182
1251 0.2944355839212182
1252 1.097678249605949
1253 1.097678249605949
1254 0.865977563912081
1255 0.865977563912081
1256 0.35090512846691985
1257 0.35090512846691985
1258 0.522206560314473
1259 0.522206560314473
1260 1.0079619225948013
1261 1.0079619225948013
1262 0.7259101953479035
1263 4.873987153974134
1264 4.873987153974134
1265 4.233135000146731
1266 4.233135000146731
1267 3.4502705549974797
1268 3.4502705549974797
1269 2.5732195316950905
1270 2.5732195316950905
1271 3.2308519231832924
1272 3.2308519231832924
1273 3.714707249873386
1274 3.714707249873386
1275 0.6147295687927254
1276 0.6147295687927254
1277 4.1572112236368435
1278 4.1572112236368435
1279 3.3911761002510654
1280 3.3911761002510654
1281 2.1549891178425904
1282 2.1549891178425904
1283 1.6761140678369373
1284 1.6761140678369373
1285 2.921029856215484
1286 2.921029856215484
1287 1.7887856494099774
1288 1.7887856494099774
1289 3.3658068474939036
1290 3.3658068474939036
1291 2.467139597386033
1292 2.467139597386033
1293 3.242453770064594
1294 3.242453770064594
1295 1.0000950329224638
1296 1.0000950329224638
1297 4.174090020020611
1298 4.174090020020611
1299 3.3282131895772067
1300 3.3282131895772067
1301 1.9995495536150587
1302 1.9995495536150587
1303 1.1143691146738268
1304 1.1143691146738268
1305 2.2253316617222523
1306 2.2253316617222523
1307 3.720082373914891
1308 3.720082373914891
1309 2.5477942315154816
1310 2.5477942315154816
1311 6.228178450553855
1312 6.228178450553855
1313 0.709232378569955
1314 0.709232378569955
1315 5.45417569119092
1316 5.45417569119092
1317 6.450922395577866
1318 6.450922395577866
1319 3.979502617049416
1320 3.979502617049416
1321 2.3438259528995435
1322 2.3438259528995435
1323 3.192081232270689
1324 3.192081232270689
1325 5.065365548363027
1326 5.065365548363027
1327 5.39834217559287
1328 5.39834217559287
1329 3.197167648030831
1330 3.197167648030831
1331 3.615601618158283
1332 3.615601618158283
1333 2.585279524211834
1334 2.585279524211834
1335 5.48552482426808
1336 5.48552482426808
1337 4.980899918416918
1338 4.980899918416918
1339 3.9776061011776283
1340 3.9776061011776283
1341 6.82258895673702
1342 6.82258895673702
1343 3.5540900172796284
1344 3.5540900172796284
1345 5.1015327939166895
1346 5.1015327939166895
1347 5.070590550483041
1348 5.070590550483041
1349 0.1
1350 0.1
1351 3.527773756884616
1352 3.527773756884616
1353 3.6353799716746225
1354 3.6353799716746225
1355 2.408344589167731
1356 2.408344589167731
1357 0.4333397033189428
1358 0.4333397033189428
1359 0.5242390312973417
1360 0.5242390312973417
1361 4.1049204474834164
1362 4.1049204474834164
1363 3.867207287654118
1364 3.867207287654118
1365 2.901124841784309
1366 2.901124841784309
1367 5.242143474401256
1368 5.242143474401256
1369 1.9321867968396056
1370 1.9321867968396056
1371 5.781937068555827
1372 5.781937068555827
1373 4.2285576701992325
1374 4.2285576701992325
1375 6.781775884938657
1376 1.0347591051754434
1377 1.0347591051754434
1378 1.3587727154446045
1379 1.3587727154446045
1380 0.5999616131587627
1381 0.5999616131587627
1382 1.275897862236858
1383 1.275897862236858
1384 1.5710129136811701
1385 1.5710129136811701
1386 0.35060739789824635
1387 0.35060739789824635
1388 0.6198497079420204
1389 0.6198497079420204
1390 1.4742652983410665
1391 1.4742652983410665
1392 1.6497831647557537
1393 1.6497831647557537
1394 1.8302911070167287
1395 1.8302911070167287
1396 0.24397972457559702
1397 0.24397972457559702
1398 0.8102863518240842
1399 3.991481653393383
1400 3.991481653393383
1401 3.6059796754220557
1402 3.6059796754220557
1403 3.5024280953449183
1404 3.5024280953449183
1405 2.626734158653392
1406 2.626734158653392
1407 4.2383533333191075
1408 4.2383533333191075
1409 3.0977621096199077
1410 3.0977621096199077
1411 2.7316308774170968
1412 2.7316308774170968
1413 0.1
1414 0.1
1415 2.938089618777814
1416 2.938089618777814
1417 2.6677905628975593
1418 2.6677905628975593
1419 1.6998552075742435
1420 1.1957486960438206
1421 1.1957486960438206
1422 0.2330628633116416
1423 0.2330628633116416
1424 0.14073512511799202
1425 0.14073512511799202
1426 0.15329423269631465
1427 0.15329423269631465
1428 0.3802788888768135
1429 0.3802788888768135
1430 0.19489448957993707
1431 3.0836714392851925
1432 3.0836714392851925
1433 3.0308593691321435
1434 3.0308593691321435
1435 1.5590385148499497
1436 1.5590385148499497
1437 3.7966507538685996
1438 3.7966507538685996
1439 2.0506595161632317
1440 2.0506595161632317
1441 4.564541919418394
1442 4.564541919418394
1443 2.174111132282569
1444 2.174111132282569
1445 4.9911471576510476
1446 4.9911471576510476
1447 3.153884644848886
1448 3.153884644848886
1449 2.5262837474226174
1450 1.6312525165880114
1451 1.6312525165880114
1452 1.2955534651515859
1453 1.2955534651515859
1454 2.3602234337102015
1455 2.3602234337102015
1456 1.1734370522420317
1457 1.1734370522420317
1458 2.1313238074868357
1459 2.1313238074868357
1460 1.3113478211783696
1461 1.3113478211783696
1462 2.480008879712707
1463 2.480008879712707
1464 2.2733270835679877
1465 2.2733270835679877
1466 1.1387114251865258
1467 1.1387114251865258
1468 1.7338858277920557
1469 1.7338858277920557
1470 1.7776895971108702
1471 1.7776895971108702
1472 1.5011123790028775
1473 1.5011123790028775
1474 2.4106639841308954
1475 2.4106639841308954
1476 1.5726890626257455
1477 1.5726890626257455
1478 4.841952913609673
1479 4.841952913609673
1480 6.118083991278788
1481 6.118083991278788
1482 4.495286727370563
1483 4.495286727370563
1484 4.450144253363436
1485 4.450144253363436
1486 4.834528075885881
1487 4.834528075885881
1488 2.4120045719617487
1489 2.4120045719617487
1490 3.2941346300825494
1491 3.2941346300825494
1492 7.3948052915103295
1493 7.3948052915103295
1494 5.121806453478592
1495 5.121806453478592
1496 3.8540125892597787
1497 3.8540125892597787
1498 3.897492920338197
1499 3.897492920338197
1500 1.804828346138022
1501 1.804828346138022
1502 4.286518995270135
1503 4.286518995270135
1504 4.79741227004069
1505 4.79741227004069
1506 4.592972272578003
1507 4.592972272578003
1508 3.5955394142630097
1509 3.5955394142630097
1510 2.6132937601131387
1511 2.6132937601131387
1512 1.6408519868959157
1513 1.6408519868959157
1514 3.923975481688517
1515 3.923975481688517
1516 0.6719868368925224
1517 0.6719868368925224
1518 5.393604891339399
1519 5.393604891339399
1520 3.203065778363788
1521 3.203065778363788
1522 3.581396391930375
1523 3.581396391930375
1524 5.237270154151336
1525 5.237270154151336
1526 2.7026112118671266
1527 2.7026112118671266
1528 6.51667298919828
1529 6.51667298919828
1530 3.819744238486158
1531 3.819744238486158
1532 5.219907219022702
1533 5.219907219022702
1534 3.996008321039249
1535 3.996008321039249
1536 2.279371416124795
1537 2.279371416124795
1538 5.724439440942305
1539 5.724439440942305
1540 3.4508779752604917
1541 3.4508779752604917
1542 7.208842395670045
1543 7.208842395670045
1544 3.1362719722363908
1545 3.1362719722363908
1546 5.014117376852784
1547 5.014117376852784
1548 3.940252566059768
1549 3.940252566059768
1550 7.97530769902577
1551 7.97530769902577
1552 4.555079841606203
1553 4.555079841606203
1554 4.527094128901878
1555 4.527094128901878
1556 5.417865547792609
1557 5.417865547792609
1558 0.7764871037132313
1559 0.7764871037132313
1560 6.056128046692727
1561 6.056128046692727
1562 3.078402021929742
1563 3.078402021929742
1564 5.8358801688406
1565 5.8358801688406
1566 4.26866906366932
1567 4.26866906366932
1568 2.198425862551394
1569 2.198425862551394
1570 4.4122148012779165
1571 4.4122148012779165
1572 2.8352098075481065
1573 2.8352098075481065
1574 3.485954437708825
1575 3.485954437708825
1576 3.875574306995619
1577 3.875574306995619
1578 1.2094077559889629
1579 1.2094077559889629
1580 1.1259705184116506
1581 1.1259705184116506
1582 1.1229647077145783
1583 1.1229647077145783
1584 0.7952890161707717
1585 0.7952890161707717
1586 0.9813671978705235
1587 0.9813671978705235
1588 1.158134694275708
1589 1.158134694275708
1590 1.238585002196206
1591 1.238585002196206
1592 1.125870967186228
1593 1.125870967186228
1594 1.2756535947268257
1595 1.2756535947268257
1596 1.1100083067756417
1597 1.1100083067756417
1598 1.0428239835815265
1599 1.0428239835815265
1600 0.2712177283118733
1601 0.2712177283118733
1602 1.6199314165007288
1603 1.6199314165007288
1604 0.9107801006899894
1605 0.9107801006899894
1606 0.5499147106294878
1607 0.5499147106294878
1608 0.7515925167972246
1609 0.7515925167972246
1610 1.186231597226034
1611 1.186231597226034
1612 1.2193324727400021
1613 1.2193324727400021
1614 0.9747298859659335
1615 0.9747298859659335
1616 1.155367086243953
1617 1.155367086243953
1618 1.5806868829558878
1619 1.5806868829558878
1620 1.0154634449643312
1621 1.0154634449643312
1622 0.9820533847116424
1623 0.9820533847116424
1624 1.9315211001191943
1625 1.9315211001191943
1626 0.916878412186193
1627 0.916878412186193
1628 0.7757324668057313
1629 0.7757324668057313
1630 0.5363638737592213
1631 0.5363638737592213
1632 1.1857542037377102
1633 1.1857542037377102
1634 1.2288525185257737
1635 1.2288525185257737
1636 1.1206274290201845
1637 1.1206274290201845
1638 0.8257810036511044
1639 0.8257810036511044
1640 2.25858236730544
1641 2.25858236730544
1642 1.5215853960252752
1643 1.5215853960252752
1644 1.0057056830563484
1645 1.0057056830563484
1646 1.4055887662684365
1647 1.4055887662684365
1648 0.9693268792519931
1649 0.9693268792519931
1650 1.1956408694967355
1651 1.1956408694967355
1652 1.1552972226852822
1653 1.1552972226852822
1654 1.1545309306113756
1655 1.1545309306113756
1656 1.3048186831853377
1657 1.3048186831853377
1658 0.879197566235417
1659 0.879197566235417
1660 0.8472140319681909
1661 0.8472140319681909
1662 1.2616969476995052
1663 1.2616969476995052
1664 0.9340605947237737
1665 0.9340605947237737
1666 0.4638646170863334
1667 0.4638646170863334
1668 0.4417931286738921
1669 0.4417931286738921
1670 3.8661539796995927
1671 3.8661539796995927
1672 5.656978328674581
1673 1.231350907354419
1674 1.231350907354419
1675 1.1381971225004115
1676 1.1381971225004115
1677 1.662860050592748
1678 1.662860050592748
1679 1.1580682502540123
1680 1.1580682502540123
1681 0.8487259137776909
1682 0.8487259137776909
1683 0.7991173752865897
1684 0.7991173752865897
1685 2.082323969449625
1686 2.082323969449625
1687 0.1
1688 0.1
1689 1.811673994416353
1690 1.811673994416353
1691 0.6004687516974974
1692 0.6004687516974974
1693 0.688327453130289
1694 0.688327453130289
1695 1.0921931782535435
1696 1.0921931782535435
1697 0.8277025252128163
1698 0.8277025252128163
1699 1.8774930366116462
1700 1.8774930366116462
1701 0.8022600987830989
1702 0.8022600987830989
1703 1.3512577286019065
1704 1.3512577286019065
1705 1.5489958626533245
1706 1.5489958626533245
1707 1.6726497817506614
1708 1.6726497817506614
1709 1.6337502293685757
1710 1.6337502293685757
1711 0.8648126716495941
1712 0.8648126716495941
1713 0.20441816608153007
1714 0.20441816608153007
1715 0.21151588862632842
1716 0.21151588862632842
1717 3.667473555032496
1718 3.667473555032496
1719 3.119542594659296
1720 0.7124096533411425
1721 0.7124096533411425
1722 1.1331973752449636
1723 1.1331973752449636
1724 0.9080176610013818
1725 0.9080176610013818
1726 1.271193343754023
1727 1.271193343754023
1728 1.5645189087274014
1729 1.5645189087274014
1730 2.5924582873746553
1731 2.5924582873746553
1732 0.5302802489215358
1733 0.5302802489215358
1734 1.7477316997855814
1735 1.7477316997855814
1736 1.2862340600192494
1737 1.2862340600192494
1738 1.009006938816464
1739 1.009006938816464
1740 0.9254533324707315
1741 2.1677267961290596
1742 2.1677267961290596
1743 1.7940824451645039
1744 1.7940824451645039
1745 2.5757637653231726
1746 2.5757637653231726
1747 1.76149794501039
1748 1.76149794501039
1749 1.8717825419705454
1750 1.8717825419705454
1751 1.7371230065572314
1752 1.7371230065572314
1753 2.189846991478632
1754 2.189846991478632
1755 2.6481205749558523
1756 2.6481205749558523
1757 1.9812725797272666
1758 1.9812725797272666
1759 0.7283340649515555
1760 0.7283340649515555
1761 1.057980404994876
1762 1.057980404994876
1763 2.0680003745037077
1764 2.976997444501724
1765 2.976997444501724
1766 3.3450925715491415
1767 3.3450925715491415
1768 4.079282916386081
1769 4.079282916386081
1770 6.953998658283394
1771 6.953998658283394
1772 4.420044281481333
1773 4.420044281481333
1774 1.8268981519469736
1775 1.8268981519469736
1776 2.4965026248372455
1777 2.4965026248372455
1778 2.3107255230042254
1779 2.3107255230042254
1780 6.910774535181828
1781 6.910774535181828
1782 4.417573721176471
1783 4.417573721176471
1784 6.090086722508225
1785 6.090086722508225
1786 3.0793518133226176
1787 3.0793518133226176
1788 4.702040052321457
1789 4.702040052321457
1790 0.7381746021658672
1791 0.7381746021658672
1792 0.4054880853012032
1793 0.4054880853012032
1794 0.4896011575265288
1795 0.4896011575265288
1796 0.8313833760674019
1797 0.8313833760674019
1798 1.7304626994128736
1799 1.7304626994128736
1800 0.5584325646289455
1801 0.5584325646289455
1802 1.0320700454228866
1803 1.0320700454228866
1804 0.1
1805 0.1
1806 0.7187039564947948
1807 0.7187039564947948
1808 0.1
1809 0.1
1810 0.30227669831744014
1811 0.30227669831744014
1812 0.29091974313798635
1813 0.29091974313798635
1814 0.2329300166963243
1815 0.2329300166963243
1816 0.2146083881958311
1817 0.2146083881958311
1818 0.3836818881930496
1819 0.3836818881930496
1820 0.22826799908505097
1821 0.22826799908505097
1822 0.10315879948329154
1823 0.10315879948329154
1824 0.2753783046863779
1825 0.2753783046863779
1826 0.4007793940614818
1827 0.4007793940614818
1828 0.19338652625136354
1829 0.19338652625136354
1830 0.1
1831 0.1
1832 0.40358943637802325
1833 0.40358943637802325
1834 0.1
1835 0.1
1836 0.11250897655753653
1837 0.11250897655753653
1838 0.24891446304800924
1839 0.24891446304800924
1840 0.11939374488420111
1841 0.11939374488420111
1842 0.22363074208157313
1843 0.22363074208157313
1844 0.12720070916398546
1845 0.12720070916398546
1846 0.2835333683169655
1847 0.2835333683169655
1848 0.10147384526950268
1849 0.10147384526950268
1850 0.2539831827146769
1851 0.2539831827146769
1852 0.14489087723630928
1853 0.14489087723630928
1854 0.12219428898818205
1855 0.12219428898818205
1856 0.1723366203083255
1857 0.1723366203083255
1858 0.32884690088941343
1859 0.32884690088941343
1860 0.30711029734658696
1861 0.30711029734658696
1862 2.664409919856676
1863 2.664409919856676
1864 2.9851281611677862
1865 2.9851281611677862
1866 3.666075275179515
1867 3.666075275179515
1868 2.4322122228704792
1869 2.4322122228704792
1870 2.767534130221685
1871 2.767534130221685
1872 2.167950297344432
1873 2.167950297344432
1874 4.023523908064609
1875 4.023523908064609
1876 2.914813049263272
1877 2.914813049263272
1878 0.16966913944988127
1879 0.16966913944988127
1880 2.4879067027949793
1881 2.4879067027949793
1882 1.0491922085901113
1883 1.0491922085901113
1884 1.600923970560149
1885 1.600923970560149
1886 2.393645266752178
1887 2.393645266752178
1888 2.105641390863952
1889 2.105641390863952
1890 2.214871808765512
1891 2.214871808765512
1892 2.9117483856292354
1893 2.9117483856292354
1894 2.2349396739003624
1895 2.2349396739003624
1896 0.6557237866793784
1897 0.6557237866793784
1898 2.4318231363049985
1899 2.4318231363049985
1900 2.6580005868179497
1901 0.8373287355384925
1902 0.8373287355384925
1903 0.8438542279850747
1904 0.8438542279850747
1905 1.1330549185292538
1906 1.1330549185292538
1907 0.9516592864730735
1908 0.9516592864730735
1909 0.7770406877252591
1910 2.458976925956824
1911 2.458976925956824
1912 2.4487612869235327
1913 2.4487612869235327
1914 2.700431104044765
1915 2.700431104044765
1916 3.4356172835721988
1917 3.4356172835721988
1918 2.7406721723805445
1919 2.7406721723805445
1920 3.8954656741032654
1921 3.8954656741032654
1922 4.660532225846373
1923 4.660532225846373
1924 1.480549127814812
1925 1.480549127814812
1926 3.972259720045094
1927 3.972259720045094
1928 3.3979836529435743
1929 3.3979836529435743
1930 3.307757884767101
1931 3.307757884767101
1932 3.110144754740741
1933 3.110144754740741
1934 1.3800481049626416
1935 1.3800481049626416
1936 3.2008176344536547
1937 3.2008176344536547
1938 6.637979610216656
1939 6.637979610216656
1940 4.177243963399718
1941 4.177243963399718
1942 2.890735514691863
1943 2.890735514691863
1944 5.290873698183393
1945 5.290873698183393
1946 0.5316799557673022
1947 0.5316799557673022
1948 2.5083411377947886
1949 2.5083411377947886
1950 2.5976520060428996
1951 0.5764399699668021
1952 0.5764399699668021
1953 2.144939120264725
1954 3.5465482194539644
1955 3.5465482194539644
1956 2.4052175757049343
1957 2.4052175757049343
1958 6.378675496989768
1959 6.378675496989768
1960 2.7838764298279335
1961 2.7838764298279335
1962 3.7392327498151094
1963 3.7392327498151094
1964 5.4319552191085725
1965 5.4319552191085725
1966 6.622218888940495
1967 6.622218888940495
1968 3.9740919168803037
1969 3.9740919168803037
1970 4.2327815633736785
1971 4.2327815633736785
1972 3.5279949305600904
1973 3.5279949305600904
1974 5.183878176519797
1975 5.183878176519797
1976 1.3494235484665418
1977 1.3494235484665418
1978 4.030018297431901
1979 4.030018297431901
1980 3.304647330295432
1981 3.304647330295432
1982 3.6055221319798103
1983 3.6055221319798103
1984 3.7016051911208767
1985 3.7016051911208767
1986 2.8617577735589057
1987 2.8617577735589057
1988 4.11205434310513
1989 4.11205434310513
1990 4.6793686981887035
1991 4.6793686981887035
1992 6.939968133981269
1993 6.939968133981269
1994 2.5782981204695603
1995 2.5782981204695603
1996 4.04449933499123
1997 4.04449933499123
1998 5.7666012620912195
1999 5.7666012620912195
