0 1.0377542304002993
1 1.0377542304002993
2 1.0377542304002993
3 1.0838544341954859
4 1.0838544341954859
5 1.0838544341954859
6 0.8555296573754233
7 0.8555296573754233
8 0.8555296573754233
9 0.9095390425317844
10 0.9095390425317844
11 0.9095390425317844
12 1.2864449497473425
13 1.2864449497473425
14 1.2864449497473425
15 1.4391567737790063
16 1.4391567737790063
17 1.4391567737790063
18 1.1405219627914152
19 1.1405219627914152
20 1.1405219627914152
21 1.333186422252927
22 1.333186422252927
23 1.333186422252927
24 0.9786882678678719
25 0.9786882678678719
26 0.9786882678678719
27 1.3436056154385445
28 1.3436056154385445
29 1.3436056154385445
30 1.2914376924420712
31 1.2914376924420712
32 1.2914376924420712
33 3.8668207494490825
34 3.8668207494490825
35 3.8668207494490825
36 3.6619565724559866
37 3.6619565724559866
38 3.6619565724559866
39 3.8199965475869138
40 3.8199965475869138
41 3.8199965475869138
42 4.655590421861771
43 4.655590421861771
44 4.655590421861771
45 3.0371704871643725
46 3.0371704871643725
47 3.0371704871643725
48 3.237134763054278
49 3.237134763054278
50 3.237134763054278
51 3.770118419578679
52 3.770118419578679
53 3.770118419578679
54 3.2797010580482677
55 3.2797010580482677
56 3.2797010580482677
57 4.726904314021029
58 4.726904314021029
59 4.726904314021029
60 3.3640328491642366
61 3.3640328491642366
62 3.3640328491642366
63 4.05041106389011
64 4.05041106389011
65 4.05041106389011
66 4.294451094069905
67 4.294451094069905
68 4.294451094069905
69 4.436966292902669
70 4.436966292902669
71 4.436966292902669
72 1.2473154073266417
73 1.2473154073266417
74 1.2473154073266417
75 0.638921004501463
76 0.638921004501463
77 0.638921004501463
78 0.8962835261801525
79 0.8962835261801525
80 0.8962835261801525
81 0.7896063460510758
82 0.7896063460510758
83 0.7896063460510758
84 0.9213377426177239
85 0.9213377426177239
86 0.9213377426177239
87 1.1157302529440136
88 1.0996266543901292
89 3.4836144892930863
90 3.4836144892930863
91 3.4836144892930863
92 2.2034376469914116
93 2.2034376469914116
94 2.2034376469914116
95 1.6747270973716066
96 1.6747270973716066
97 1.6747270973716066
98 2.235757703494931
99 2.235757703494931
100 0.5286388431153726
101 0.5286388431153726
102 0.5286388431153726
103 2.785285942853451
104 2.785285942853451
105 2.785285942853451
106 2.6228490277085075
107 2.6228490277085075
108 0.6621570169618765
109 0.6621570169618765
110 0.6621570169618765
111 0.7647462883479079
112 0.7647462883479079
113 0.7647462883479079
114 0.40825330333641346
115 0.40825330333641346
116 0.40825330333641346
117 0.8230952469754995
118 0.8230952469754995
119 0.8230952469754995
120 0.6880351814797232
121 0.6880351814797232
122 0.6880351814797232
123 0.6498265007551334
124 0.6498265007551334
125 0.6498265007551334
126 1.017253296346079
127 1.017253296346079
128 1.017253296346079
129 0.6833077488150501
130 0.6833077488150501
131 2.033986249222454
132 2.033986249222454
133 2.033986249222454
134 1.741324197385834
135 1.741324197385834
136 1.741324197385834
137 1.2413907435021159
138 1.2413907435021159
139 1.2413907435021159
140 2.2736451777955224
141 2.2736451777955224
142 2.2736451777955224
143 2.109234505607421
144 2.109234505607421
145 2.109234505607421
146 2.7472236245911374
147 2.7472236245911374
148 2.7472236245911374
149 2.8683745427260274
150 2.8683745427260274
151 2.8683745427260274
152 2.3297661714790445
153 2.3297661714790445
154 2.3297661714790445
155 2.3086379390819998
156 2.3086379390819998
157 2.3086379390819998
158 2.131084912047812
159 2.131084912047812
160 2.131084912047812
161 2.691917540348204
162 2.691917540348204
163 2.691917540348204
164 2.750870137002414
165 2.750870137002414
166 2.750870137002414
167 2.7968005504111653
168 2.7968005504111653
169 2.7968005504111653
170 2.4544982673019295
171 2.4544982673019295
172 2.4544982673019295
173 3.1887615469800474
174 3.1887615469800474
175 3.1887615469800474
176 2.6462941687019184
177 3.1436593806187116
178 3.1436593806187116
179 3.1436593806187116
180 3.6298923874583555
181 3.6298923874583555
182 3.6298923874583555
183 4.1837467934979085
184 4.1837467934979085
185 4.1837467934979085
186 3.6513023368803865
187 3.6513023368803865
188 3.6513023368803865
189 3.356926911434754
190 3.356926911434754
191 3.356926911434754
192 5.470849071363427
193 5.470849071363427
194 1.0212738776864045
195 1.0212738776864045
196 1.0212738776864045
197 0.6295348017214095
198 0.6295348017214095
199 0.6295348017214095
200 1.0630254877047731
201 1.0630254877047731
202 1.0630254877047731
203 0.8515130478773292
204 0.8515130478773292
205 0.8515130478773292
206 1.229925339677748
207 1.229925339677748
208 1.229925339677748
209 1.0190725297375984
210 1.0190725297375984
211 1.0190725297375984
212 0.8781974366425724
213 0.8781974366425724
214 0.8781974366425724
215 1.1544715828797374
216 1.1544715828797374
217 1.1544715828797374
218 1.1953145022390763
219 1.1953145022390763
220 1.1953145022390763
221 1.1836495217362115
222 1.1836495217362115
223 1.1836495217362115
224 1.2547414981526968
225 1.2547414981526968
226 1.2547414981526968
227 1.0743989335348265
228 1.0743989335348265
229 1.0743989335348265
230 1.3518003842722457
231 1.3518003842722457
232 1.3518003842722457
233 1.684928185326641
234 1.684928185326641
235 1.684928185326641
236 0.8156899443406282
237 0.8156899443406282
238 0.8156899443406282
239 0.7357125207326175
240 0.7357125207326175
241 0.7357125207326175
242 1.2839741692455051
243 1.2839741692455051
244 1.2839741692455051
245 1.283737828494313
246 2.944372680416974
247 2.944372680416974
248 2.944372680416974
249 2.270200494773719
250 2.270200494773719
251 2.270200494773719
252 2.274781814041945
253 2.274781814041945
254 2.274781814041945
255 3.025594896579192
256 3.025594896579192
257 3.025594896579192
258 3.768836853764059
259 3.768836853764059
260 3.768836853764059
261 2.350722473177332
262 2.350722473177332
263 2.350722473177332
264 2.7095683758453974
265 2.7095683758453974
266 2.7095683758453974
267 2.787495600813592
268 2.787495600813592
269 2.787495600813592
270 2.4972948220730204
271 2.4972948220730204
272 2.4972948220730204
273 2.08547841206898
274 2.08547841206898
275 2.08547841206898
276 3.168568940767819
277 3.168568940767819
278 3.168568940767819
279 3.1412335441746517
280 3.1412335441746517
281 3.1412335441746517
282 2.6353915450833716
283 2.6353915450833716
284 2.6353915450833716
285 2.9835224015303
286 2.9835224015303
287 2.9835224015303
288 3.515726911203595
289 3.515726911203595
290 3.515726911203595
291 2.4656229297857246
292 2.4656229297857246
293 2.4656229297857246
294 2.591314444880638
295 2.591314444880638
296 2.591314444880638
297 2.66858116854966
298 2.66858116854966
299 2.66858116854966
300 2.1940153585554785
301 2.1940153585554785
302 2.1940153585554785
303 3.259425641775604
304 3.259425641775604
305 3.259425641775604
306 3.09072305026525
307 3.09072305026525
308 3.09072305026525
309 2.893867698359408
310 2.893867698359408
311 2.893867698359408
312 2.68086854331493
313 2.68086854331493
314 2.68086854331493
315 3.4457289036746857
316 3.4457289036746857
317 3.4457289036746857
318 2.58448722218316
319 2.58448722218316
320 2.58448722218316
321 2.6066811454885292
322 2.6066811454885292
323 0.2376461401692662
324 0.2376461401692662
325 0.2376461401692662
326 0.2617225603155366
327 0.2617225603155366
328 0.2617225603155366
329 0.12923270083669208
330 0.12923270083669208
331 0.12923270083669208
332 0.1498871311261428
333 0.1498871311261428
334 0.1498871311261428
335 0.16855016058558778
336 0.16855016058558778
337 0.16855016058558778
338 0.20275012247134086
339 0.20275012247134086
340 0.20275012247134086
341 0.8672900733293267
342 0.8672900733293267
343 0.8672900733293267
344 0.6491921561624631
345 1.2986120371307976
346 1.2986120371307976
347 1.2986120371307976
348 0.9445411888775876
349 0.9445411888775876
350 0.9445411888775876
351 1.0063332870149508
352 1.0063332870149508
353 1.0063332870149508
354 1.319047115940812
355 1.319047115940812
356 1.319047115940812
357 1.2270440338822153
358 1.2270440338822153
359 1.2270440338822153
360 1.085390115497433
361 1.085390115497433
362 1.085390115497433
363 3.7502011329447456
364 3.7502011329447456
365 3.7502011329447456
366 2.7310897841194857
367 2.7310897841194857
368 2.7310897841194857
369 3.599292745888904
370 3.599292745888904
371 3.599292745888904
372 3.9331482039729546
373 3.9331482039729546
374 3.9331482039729546
375 3.079070467886201
376 3.079070467886201
377 3.079070467886201
378 4.007279554022796
379 4.007279554022796
380 4.007279554022796
381 3.6212094240733137
382 3.6212094240733137
383 3.6212094240733137
384 4.015888032590517
385 4.015888032590517
386 4.015888032590517
387 2.9957748494590515
388 2.9957748494590515
389 2.9957748494590515
390 3.3241931064735226
391 3.3241931064735226
392 3.3241931064735226
393 3.157459365152589
394 3.157459365152589
395 3.157459365152589
396 2.172337962743912
397 2.172337962743912
398 2.172337962743912
399 4.724650668167313
400 4.724650668167313
401 4.724650668167313
402 3.916736117339446
403 3.916736117339446
404 3.916736117339446
405 2.9803120890274153
406 2.9803120890274153
407 2.9803120890274153
408 3.703398665913825
409 3.703398665913825
410 3.703398665913825
411 3.6735677060895284
412 3.6735677060895284
413 3.6735677060895284
414 2.997616435788323
415 2.997616435788323
416 2.997616435788323
417 2.2875494719019454
418 2.2875494719019454
419 2.2875494719019454
420 4.030149671443041
421 4.030149671443041
422 4.030149671443041
423 3.1544300814347723
424 3.1544300814347723
425 3.1544300814347723
426 2.6956947108199967
427 2.6956947108199967
428 2.6956947108199967
429 3.614318102334966
430 3.614318102334966
431 3.614318102334966
432 3.4202854747836096
433 3.4202854747836096
434 3.4202854747836096
435 4.092403137625711
436 1.793856553357144
437 1.793856553357144
438 1.793856553357144
439 2.551269440778072
440 2.551269440778072
441 2.551269440778072
442 1.3468188767329319
443 1.3468188767329319
444 1.3468188767329319
445 1.4237778259145193
446 1.4237778259145193
447 1.4237778259145193
448 0.9636108410554602
449 1.2435468175579452
450 1.2435468175579452
451 1.2435468175579452
452 1.0357729616959812
453 2.2105416487161347
454 2.2105416487161347
455 2.2105416487161347
456 1.835349693811403
457 1.835349693811403
458 1.835349693811403
459 2.2365783242215334
460 2.2365783242215334
461 2.2365783242215334
462 1.4577009770901295
463 1.4577009770901295
464 1.4577009770901295
465 2.039351290677062
466 2.039351290677062
467 2.039351290677062
468 2.309576558933353
469 2.309576558933353
470 2.309576558933353
471 2.237014255615936
472 2.237014255615936
473 2.237014255615936
474 1.7553424639634148
475 1.7553424639634148
476 1.7553424639634148
477 3.0944856317450578
478 3.0944856317450578
479 3.0944856317450578
480 1.380252905038548
481 1.380252905038548
482 1.380252905038548
483 1.214632052184582
484 1.214632052184582
485 1.214632052184582
486 0.9605551566230353
487 0.9605551566230353
488 0.9605551566230353
489 1.1607617675926512
490 1.1607617675926512
491 1.1607617675926512
492 0.9915562316795136
493 0.9915562316795136
494 2.8941740524632222
495 2.8941740524632222
496 2.8941740524632222
497 3.401798844928301
498 3.401798844928301
499 3.401798844928301
500 3.7105963483335818
501 3.7105963483335818
502 3.7105963483335818
503 1.351638146267906
504 1.351638146267906
505 1.351638146267906
506 1.52052679300703
507 1.52052679300703
508 1.52052679300703
509 2.044423434051553
510 2.044423434051553
511 2.044423434051553
512 1.3023419979295086
513 1.3023419979295086
514 1.3023419979295086
515 1.228916197672087
516 1.228916197672087
517 1.228916197672087
518 3.392914172916279
519 3.392914172916279
520 3.392914172916279
521 1.8670397734748263
522 1.8670397734748263
523 1.8670397734748263
524 1.3385830973388633
525 1.3385830973388633
526 1.3385830973388633
527 2.11568402603371
528 2.11568402603371
529 2.11568402603371
530 1.7536587980566205
531 1.7536587980566205
532 1.7536587980566205
533 3.8517625780707507
534 3.8517625780707507
535 3.8517625780707507
536 3.8711499003408556
537 3.8711499003408556
538 3.8711499003408556
539 3.3803060202118393
540 3.3803060202118393
541 3.3803060202118393
542 3.9628688824298335
543 3.9628688824298335
544 3.9628688824298335
545 4.609830482459408
546 4.609830482459408
547 4.609830482459408
548 3.1262816613927527
549 3.1262816613927527
550 3.1262816613927527
551 2.825850380993748
552 2.825850380993748
553 2.825850380993748
554 4.633435443015612
555 4.633435443015612
556 4.633435443015612
557 3.867145998243755
558 3.867145998243755
559 3.867145998243755
560 3.73530778347607
561 3.73530778347607
562 3.73530778347607
563 3.6937624418907298
564 3.6937624418907298
565 3.6937624418907298
566 4.252781165617257
567 4.252781165617257
568 4.252781165617257
569 2.0873511061790015
570 2.0873511061790015
571 2.0873511061790015
572 3.8652857639080405
573 3.8652857639080405
574 2.6032061887173317
575 2.6032061887173317
576 2.6032061887173317
577 2.410844254064417
578 2.410844254064417
579 2.410844254064417
580 2.12521540345334
581 2.12521540345334
582 2.12521540345334
583 2.708675690903588
584 2.708675690903588
585 2.708675690903588
586 2.666388052691019
587 2.666388052691019
588 2.666388052691019
589 2.4341205166983433
590 2.4341205166983433
591 2.4341205166983433
592 2.018094310130253
593 2.018094310130253
594 2.018094310130253
595 2.2640832335695618
596 2.2640832335695618
597 2.2640832335695618
598 2.658723340335087
599 2.658723340335087
600 2.658723340335087
601 1.8089747617182752
602 1.8089747617182752
603 1.8089747617182752
604 1.7488980659338473
605 1.7488980659338473
606 1.7488980659338473
607 2.1122727270232073
608 2.1122727270232073
609 2.1122727270232073
610 2.2415032452037154
611 2.2415032452037154
612 2.2415032452037154
613 2.3602991025141207
614 2.3602991025141207
615 2.3602991025141207
616 2.998753692314591
617 2.998753692314591
618 2.998753692314591
619 2.441939850764579
620 2.441939850764579
621 2.441939850764579
622 3.0340180447614005
623 3.0340180447614005
624 3.0340180447614005
625 3.592016043796127
626 3.592016043796127
627 3.592016043796127
628 2.0114920964114633
629 2.0114920964114633
630 2.0114920964114633
631 2.5351423145299314
632 2.5351423145299314
633 2.5351423145299314
634 2.9616284908119375
635 2.9616284908119375
636 2.9616284908119375
637 2.699188158738079
638 2.699188158738079
639 2.699188158738079
640 2.168279294861824
641 2.168279294861824
642 2.168279294861824
643 3.4526983063172585
644 3.4526983063172585
645 3.4526983063172585
646 2.4176588682399123
647 2.4176588682399123
648 2.4176588682399123
649 2.939433652045711
650 2.939433652045711
651 2.939433652045711
652 2.999484116616935
653 2.999484116616935
654 2.999484116616935
655 2.279303969143267
656 2.279303969143267
657 2.279303969143267
658 1.7810823980469297
659 1.7810823980469297
660 1.7810823980469297
661 2.244902758507128
662 2.244902758507128
663 2.244902758507128
664 1.8169603501255445
665 3.426081966202769
666 3.426081966202769
667 3.426081966202769
668 5.392114001004505
669 5.392114001004505
670 5.392114001004505
671 3.4053267544704386
672 3.4053267544704386
673 3.4053267544704386
674 3.349939458377087
675 3.349939458377087
676 3.349939458377087
677 4.026915881953814
678 4.026915881953814
679 4.026915881953814
680 2.6033521753323
681 2.6033521753323
682 2.6033521753323
683 1.8490691455833517
684 1.8490691455833517
685 1.8490691455833517
686 2.6121687940236655
687 2.6121687940236655
688 2.6121687940236655
689 3.210837261333929
690 3.210837261333929
691 3.210837261333929
692 2.1617064122346803
693 2.1617064122346803
694 2.1617064122346803
695 0.7890468050338706
696 0.7890468050338706
697 0.7890468050338706
698 0.4206436574881841
699 0.4206436574881841
700 0.4206436574881841
701 0.5832971424051318
702 0.5832971424051318
703 0.5832971424051318
704 0.7632793049338532
705 0.7632793049338532
706 0.7632793049338532
707 0.5861494010443576
708 0.5861494010443576
709 0.5861494010443576
710 0.6731902280655115
711 0.6731902280655115
712 0.6731902280655115
713 0.6512973680920857
714 0.6512973680920857
715 0.6512973680920857
716 0.5665438751503655
717 0.5665438751503655
718 0.5665438751503655
719 0.7938463283687649
720 0.7938463283687649
721 0.7938463283687649
722 0.41900109639898553
723 0.41900109639898553
724 0.41900109639898553
725 0.7294037204012457
726 0.7294037204012457
727 0.7294037204012457
728 0.673417022753967
729 0.673417022753967
730 0.673417022753967
731 0.4662583969306936
732 0.4662583969306936
733 0.4662583969306936
734 0.7175368265093724
735 0.7175368265093724
736 0.7175368265093724
737 0.48148892970232987
738 0.48148892970232987
739 0.48148892970232987
740 2.5053395572918236
741 2.5053395572918236
742 2.5053395572918236
743 2.628267996551515
744 2.628267996551515
745 2.628267996551515
746 3.0653429975544815
747 3.4020383643904637
748 3.4020383643904637
749 3.4020383643904637
750 5.301115686451325
751 5.301115686451325
752 5.301115686451325
753 4.238146244493136
754 4.238146244493136
755 4.238146244493136
756 5.449549222628269
757 5.449549222628269
758 5.449549222628269
759 6.41939872413482
760 0.9327817171945593
761 0.9327817171945593
762 0.4367381592090138
763 0.4367381592090138
764 0.4367381592090138
765 0.6165052234033785
766 0.6165052234033785
767 0.6165052234033785
768 0.8075242580749087
769 0.8075242580749087
770 0.8075242580749087
771 0.6667768330727255
772 0.6667768330727255
773 0.6667768330727255
774 0.9025346213426995
775 0.9025346213426995
776 0.9025346213426995
777 0.742903611349201
778 0.742903611349201
779 0.742903611349201
780 0.5536066494569077
781 0.5536066494569077
782 0.5536066494569077
783 0.7111979981746366
784 0.7111979981746366
785 0.18791596548355446
786 0.18791596548355446
787 0.18791596548355446
788 0.23482686354431198
789 0.23482686354431198
790 0.23482686354431198
791 0.3218738172794716
792 0.3218738172794716
793 0.3218738172794716
794 0.2082130812013883
795 0.2082130812013883
796 0.2082130812013883
797 0.17343511275330015
798 0.17343511275330015
799 0.17343511275330015
800 0.1464626812206921
801 0.1464626812206921
802 0.1464626812206921
803 0.16035710550054505
804 0.16035710550054505
805 0.16035710550054505
806 0.29964650957546585
807 0.29964650957546585
808 0.29964650957546585
809 0.1954875734958582
810 0.1954875734958582
811 0.1954875734958582
812 0.1756508525910154
813 2.134437698908286
814 2.134437698908286
815 2.134437698908286
816 1.322032131627634
817 1.322032131627634
818 1.322032131627634
819 2.6361405115394065
820 2.6361405115394065
821 2.6361405115394065
822 1.4801361449870634
823 1.4801361449870634
824 1.4801361449870634
825 1.6672793021025747
826 1.6672793021025747
827 1.6672793021025747
828 1.493901498561013
829 1.493901498561013
830 1.493901498561013
831 1.4946971230687476
832 1.4946971230687476
833 1.4946971230687476
834 2.044832216417329
835 2.044832216417329
836 2.044832216417329
837 1.7161723545206655
838 1.7161723545206655
839 1.7161723545206655
840 1.7296536881421662
841 1.7296536881421662
842 1.7296536881421662
843 1.6417702914766463
844 1.6417702914766463
845 1.6417702914766463
846 0.6404322089305097
847 0.6404322089305097
848 0.6404322089305097
849 0.8235823955727861
850 0.8235823955727861
851 0.8235823955727861
852 0.7202680254054393
853 0.7202680254054393
854 0.7202680254054393
855 0.6132462439326634
856 0.6132462439326634
857 0.6132462439326634
858 1.533664520058255
859 1.533664520058255
860 1.533664520058255
861 1.26385082746788
862 1.26385082746788
863 1.26385082746788
864 1.1477245145569803
865 1.1477245145569803
866 1.1477245145569803
867 1.197296923886226
868 1.197296923886226
869 1.197296923886226
870 0.7923896686303704
871 0.7923896686303704
872 0.7923896686303704
873 1.475008554767073
874 1.475008554767073
875 1.475008554767073
876 1.469610683401616
877 1.469610683401616
878 1.469610683401616
879 1.276457983042849
880 1.276457983042849
881 1.276457983042849
882 0.9155730919118849
883 0.9155730919118849
884 2.3867091484274368
885 2.3867091484274368
886 2.3867091484274368
887 2.5081481489899664
888 2.5081481489899664
889 2.5081481489899664
890 3.442926102106516
891 3.442926102106516
892 3.442926102106516
893 3.214909773920826
894 3.214909773920826
895 3.214909773920826
896 3.686150741201959
897 3.686150741201959
898 3.686150741201959
899 3.3093013047074478
900 3.3093013047074478
901 3.3093013047074478
902 1.783825599638543
903 1.783825599638543
904 1.783825599638543
905 2.59309099645246
906 2.59309099645246
907 2.59309099645246
908 3.3793984206623766
909 3.3793984206623766
910 3.3793984206623766
911 2.4355846692649714
912 2.4355846692649714
913 2.4355846692649714
914 3.052319946688718
915 3.052319946688718
916 3.052319946688718
917 2.2135353711307397
918 2.2135353711307397
919 2.2135353711307397
920 2.1516517718900587
921 2.1516517718900587
922 2.1516517718900587
923 1.891389859898156
924 1.891389859898156
925 1.891389859898156
926 1.4739209478964173
927 1.4739209478964173
928 1.4739209478964173
929 1.7717351603651381
930 1.7717351603651381
931 1.7717351603651381
932 2.309315944367994
933 2.309315944367994
934 2.309315944367994
935 1.6414754461776373
936 1.6414754461776373
937 1.6414754461776373
938 1.6942553692066207
939 1.6942553692066207
940 1.6942553692066207
941 2.394385468438549
942 3.5117996337570023
943 3.5117996337570023
944 3.5117996337570023
945 2.363192390359514
946 2.363192390359514
947 1.113579050100345
948 1.113579050100345
949 1.113579050100345
950 1.1734956288922538
951 1.1734956288922538
952 1.1734956288922538
953 1.2024555709546274
954 1.2024555709546274
955 1.2024555709546274
956 1.1498013042401733
957 1.1498013042401733
958 1.1498013042401733
959 1.2565349694369254
960 1.2565349694369254
961 2.7972372645208323
962 2.7972372645208323
963 2.7972372645208323
964 3.1701225706526306
965 3.1701225706526306
966 3.1701225706526306
967 3.188433883835232
968 3.188433883835232
969 3.188433883835232
970 2.9217170248742823
971 2.9217170248742823
972 2.9217170248742823
973 2.4495073872225457
974 2.4495073872225457
975 2.4495073872225457
976 2.2337153027992596
977 2.2337153027992596
978 2.2337153027992596
979 3.1322099052029824
980 3.1322099052029824
981 3.1322099052029824
982 2.260929220352692
983 2.260929220352692
984 2.260929220352692
985 2.4612470861782993
986 2.4612470861782993
987 2.4612470861782993
988 2.9879358639315057
989 2.9879358639315057
990 2.9879358639315057
991 2.1700195169940133
992 2.1700195169940133
993 2.1700195169940133
994 2.6647939486905847
995 2.6647939486905847
996 2.6647939486905847
997 3.1215886806830886
998 3.1215886806830886
999 3.1215886806830886
1000 4.216944072699682
1001 4.216944072699682
1002 4.216944072699682
1003 3.0034027529902425
1004 3.0034027529902425
1005 3.0034027529902425
1006 2.337134146044021
1007 2.337134146044021
1008 2.337134146044021
1009 2.7682075387836966
1010 2.7682075387836966
1011 2.7682075387836966
1012 4.55017490257482
1013 4.55017490257482
1014 4.55017490257482
1015 3.491844059390861
1016 3.491844059390861
1017 3.491844059390861
1018 3.2134130411359156
1019 3.2134130411359156
1020 3.2134130411359156
1021 3.453395246282869
1022 3.453395246282869
1023 3.453395246282869
1024 3.838120434404946
1025 3.838120434404946
1026 3.838120434404946
1027 3.302983530529595
1028 3.302983530529595
1029 3.302983530529595
1030 0.6781726408052297
1031 0.6781726408052297
1032 0.6781726408052297
1033 0.4360856897729497
1034 0.4360856897729497
1035 0.4360856897729497
1036 0.7170329526465898
1037 0.7170329526465898
1038 0.7170329526465898
1039 0.7736793607158887
1040 0.7736793607158887
1041 0.7736793607158887
1042 0.7193113718481681
1043 0.7193113718481681
1044 0.7193113718481681
1045 0.5337504099161048
1046 0.5337504099161048
1047 0.5337504099161048
1048 0.22002788670072215
1049 0.22002788670072215
1050 0.22002788670072215
1051 0.23059439513866287
1052 0.23059439513866287
1053 0.23059439513866287
1054 0.19969128863865104
1055 0.19969128863865104
1056 0.19969128863865104
1057 0.21247937182752313
1058 0.21247937182752313
1059 0.21247937182752313
1060 0.20094154048196713
1061 0.20094154048196713
1062 0.20094154048196713
1063 0.1636244458320684
1064 0.1636244458320684
1065 0.1636244458320684
1066 0.24524536477122852
1067 0.24524536477122852
1068 0.24524536477122852
1069 0.2221416951732784
1070 0.2221416951732784
1071 0.2221416951732784
1072 0.23048497882456978
1073 0.23048497882456978
1074 0.23048497882456978
1075 0.23320558070835287
1076 0.23320558070835287
1077 0.23320558070835287
1078 0.19954803064720789
1079 0.19954803064720789
1080 0.19954803064720789
1081 0.1758461156376825
1082 0.1758461156376825
1083 0.1758461156376825
1084 2.013638732768321
1085 2.013638732768321
1086 2.013638732768321
1087 2.3536589342201704
1088 2.3536589342201704
1089 2.3536589342201704
1090 3.0383495199241404
1091 3.0383495199241404
1092 3.0383495199241404
1093 2.824571515699457
1094 2.824571515699457
1095 2.824571515699457
1096 2.7142988689029375
1097 2.7142988689029375
1098 2.7142988689029375
1099 2.90785128889417
1100 2.90785128889417
1101 2.90785128889417
1102 2.8339410934845533
1103 3.117070532390745
1104 3.117070532390745
1105 3.117070532390745
1106 2.114090036586395
1107 2.114090036586395
1108 2.114090036586395
1109 2.7695482764186603
1110 2.7695482764186603
1111 2.7695482764186603
1112 2.3877365746734265
1113 2.3877365746734265
1114 2.3877365746734265
1115 2.7986292895015383
1116 2.7986292895015383
1117 2.7986292895015383
1118 2.6428467391518797
1119 2.6428467391518797
1120 2.6428467391518797
1121 1.0526680357247051
1122 1.0526680357247051
1123 1.0526680357247051
1124 1.8227408587044875
1125 1.8227408587044875
1126 1.8227408587044875
1127 3.1049922202842835
1128 3.1049922202842835
1129 3.1049922202842835
1130 2.9802244414125525
1131 5.659073290908787
1132 5.659073290908787
1133 5.659073290908787
1134 4.060997696269785
1135 4.060997696269785
1136 4.060997696269785
1137 1.9594060261630268
1138 1.9594060261630268
1139 1.9594060261630268
1140 1.542970549024648
1141 1.542970549024648
1142 1.542970549024648
1143 2.292075634284078
1144 2.292075634284078
1145 2.292075634284078
1146 3.127173233839062
1147 3.127173233839062
1148 3.127173233839062
1149 2.1339378458074796
1150 2.1339378458074796
1151 2.1339378458074796
1152 2.9996150491457323
1153 2.9996150491457323
1154 2.9996150491457323
1155 3.2799888812458464
1156 3.2799888812458464
1157 3.2799888812458464
1158 3.171617780812982
1159 3.171617780812982
1160 3.171617780812982
1161 2.78988158359136
1162 2.4639971736519812
1163 2.4639971736519812
1164 2.4639971736519812
1165 2.5980345481137546
1166 2.5980345481137546
1167 2.5980345481137546
1168 3.5697083448612013
1169 3.5697083448612013
1170 3.5697083448612013
1171 3.5598634034218195
1172 3.5598634034218195
1173 3.5598634034218195
1174 2.4648703208148044
1175 2.4648703208148044
1176 2.4648703208148044
1177 2.3677431230548494
1178 2.3677431230548494
1179 2.3677431230548494
1180 2.8524594235229124
1181 2.8524594235229124
1182 2.8524594235229124
1183 3.5740016024477104
1184 3.5740016024477104
1185 3.5740016024477104
1186 2.940392382661525
1187 2.940392382661525
1188 0.5764960655369976
1189 0.5764960655369976
1190 3.8178169526932386
1191 3.8178169526932386
1192 3.8178169526932386
1193 3.121772415905744
1194 3.121772415905744
1195 3.121772415905744
1196 3.0376699005451777
1197 3.0376699005451777
1198 3.0376699005451777
1199 4.0792323628147615
1200 4.0792323628147615
1201 4.0792323628147615
1202 3.969808445685323
1203 3.969808445685323
1204 3.969808445685323
1205 3.1572341707597618
1206 3.1572341707597618
1207 3.1572341707597618
1208 3.1969020621872946
1209 3.1969020621872946
1210 3.1969020621872946
1211 2.3277738542936035
1212 2.3277738542936035
1213 2.3277738542936035
1214 3.052311366378455
1215 3.052311366378455
1216 3.052311366378455
1217 2.6437385059180576
1218 2.6437385059180576
1219 2.6437385059180576
1220 3.293251163957938
1221 3.293251163957938
1222 3.293251163957938
1223 2.385720661787073
1224 2.385720661787073
1225 2.385720661787073
1226 2.955583986207302
1227 2.955583986207302
1228 2.955583986207302
1229 3.220677200934645
1230 3.220677200934645
1231 3.220677200934645
1232 3.878835196527999
1233 3.878835196527999
1234 3.878835196527999
1235 2.4750428023098814
1236 2.4750428023098814
1237 2.4750428023098814
1238 2.3464020655282707
1239 2.3464020655282707
1240 1.6877279507714211
1241 1.6877279507714211
1242 1.6877279507714211
1243 2.060874943627384
1244 2.060874943627384
1245 2.060874943627384
1246 1.3399302997242315
1247 1.3399302997242315
1248 1.3399302997242315
1249 0.8653284455415182
1250 0.8653284455415182
1251 0.8653284455415182
1252 0.9415710488749702
1253 0.9415710488749702
1254 0.9415710488749702
1255 1.5926631700211924
1256 1.5926631700211924
1257 1.5926631700211924
1258 1.1682489678477141
1259 1.1682489678477141
1260 1.1682489678477141
1261 2.8903330842116723
1262 2.8903330842116723
1263 2.8903330842116723
1264 3.3034920645194474
1265 3.3034920645194474
1266 3.3034920645194474
1267 2.4784568697813647
1268 2.4784568697813647
1269 2.4784568697813647
1270 3.542615392530755
1271 3.542615392530755
1272 3.542615392530755
1273 2.8951016821625317
1274 2.8951016821625317
1275 2.8951016821625317
1276 3.504675451246397
1277 3.504675451246397
1278 3.504675451246397
1279 2.5459839363792347
1280 2.5459839363792347
1281 2.5459839363792347
1282 2.8871579474106235
1283 2.8871579474106235
1284 2.8871579474106235
1285 2.9568889792599777
1286 2.9568889792599777
1287 2.9568889792599777
1288 2.4009184017391068
1289 2.4009184017391068
1290 2.4009184017391068
1291 2.3391768728776263
1292 2.3391768728776263
1293 2.3391768728776263
1294 3.6467249560378527
1295 3.6467249560378527
1296 3.994850408743782
1297 3.994850408743782
1298 3.994850408743782
1299 3.606267692567215
1300 3.606267692567215
1301 3.606267692567215
1302 4.4386511077039
1303 4.4386511077039
1304 4.4386511077039
1305 2.907115836787953
1306 2.907115836787953
1307 2.907115836787953
1308 5.677639473273784
1309 5.677639473273784
1310 5.677639473273784
1311 4.543825056396896
1312 4.543825056396896
1313 4.543825056396896
1314 3.466164081807545
1315 3.466164081807545
1316 3.466164081807545
1317 3.9816048800026413
1318 3.9816048800026413
1319 3.9816048800026413
1320 3.8136853502424355
1321 3.8136853502424355
1322 3.8136853502424355
1323 3.7129071403614438
1324 3.7129071403614438
1325 3.7129071403614438
1326 5.30330322922224
1327 5.30330322922224
1328 5.30330322922224
1329 3.503540794998693
1330 3.503540794998693
1331 3.503540794998693
1332 4.419320221757811
1333 4.419320221757811
1334 4.419320221757811
1335 4.935950809027119
1336 4.935950809027119
1337 4.935950809027119
1338 1.2546787095066954
1339 1.2546787095066954
1340 1.2546787095066954
1341 3.6854478688172922
1342 3.6854478688172922
1343 3.6854478688172922
1344 3.499495864939486
1345 3.499495864939486
1346 3.499495864939486
1347 2.5224368141584357
1348 2.5224368141584357
1349 2.5224368141584357
1350 1.7924649516775122
1351 1.7924649516775122
1352 1.7924649516775122
1353 2.6229923798247055
1354 2.6229923798247055
1355 2.6229923798247055
1356 2.7782957116310056
1357 2.7782957116310056
1358 2.7782957116310056
1359 2.54086554159872
1360 2.54086554159872
1361 2.54086554159872
1362 2.511923177048997
1363 2.511923177048997
1364 2.511923177048997
1365 1.1423065432928055
1366 1.1423065432928055
1367 1.1423065432928055
1368 2.3590076189627482
1369 2.3590076189627482
1370 2.3590076189627482
1371 2.3816232608332095
1372 2.3816232608332095
1373 2.3816232608332095
1374 2.3784959475389034
1375 2.3784959475389034
1376 2.3784959475389034
1377 2.7570959364467007
1378 2.7570959364467007
1379 2.7570959364467007
1380 2.2927574953625665
1381 2.2927574953625665
1382 2.2927574953625665
1383 2.4758090517483544
1384 2.4758090517483544
1385 2.4758090517483544
1386 1.3824953524868477
1387 1.3824953524868477
1388 1.3824953524868477
1389 2.4211380810166885
1390 2.4211380810166885
1391 2.4211380810166885
1392 2.3931191059884878
1393 2.3931191059884878
1394 2.3931191059884878
1395 2.583905392325437
1396 2.583905392325437
1397 2.583905392325437
1398 2.7593468956823948
1399 2.7593468956823948
1400 2.7593468956823948
1401 2.9483199338952106
1402 2.9483199338952106
1403 2.9483199338952106
1404 2.0561499022342056
1405 2.0561499022342056
1406 2.0561499022342056
1407 2.4925311472453773
1408 2.4925311472453773
1409 2.4925311472453773
1410 2.3961741606290388
1411 2.3961741606290388
1412 2.3961741606290388
1413 3.039453820940363
1414 3.039453820940363
1415 3.039453820940363
1416 3.9193996752870257
1417 3.9193996752870257
1418 3.9193996752870257
1419 3.0967276637292693
1420 3.0967276637292693
1421 3.0967276637292693
1422 3.759725330657422
1423 3.759725330657422
1424 3.759725330657422
1425 3.994326515430894
1426 1.7028083671673506
1427 1.7028083671673506
1428 1.7028083671673506
1429 2.7177042362615005
1430 2.7177042362615005
1431 2.7177042362615005
1432 4.533061027273277
1433 4.533061027273277
1434 4.533061027273277
1435 2.3626699978726364
1436 2.3626699978726364
1437 2.3626699978726364
1438 3.625027925822938
1439 3.625027925822938
1440 3.625027925822938
1441 4.245610066525357
1442 4.245610066525357
1443 4.245610066525357
1444 3.9894803485422146
1445 3.9894803485422146
1446 2.2337388089144548
1447 2.2337388089144548
1448 2.2337388089144548
1449 1.3326727368493505
1450 1.3326727368493505
1451 1.3326727368493505
1452 3.1122637433131253
1453 3.1122637433131253
1454 3.1122637433131253
1455 2.681747138326656
1456 2.681747138326656
1457 2.681747138326656
1458 2.8847932531968308
1459 2.8847932531968308
1460 2.8847932531968308
1461 2.2095778247682163
1462 2.2095778247682163
1463 4.396495495309049
1464 4.396495495309049
1465 4.396495495309049
1466 5.585819778852036
1467 5.585819778852036
1468 5.585819778852036
1469 4.281893207841599
1470 4.281893207841599
1471 4.281893207841599
1472 3.7682473114204997
1473 3.7682473114204997
1474 3.7682473114204997
1475 2.918261950852069
1476 2.918261950852069
1477 2.918261950852069
1478 4.3858535307593245
1479 4.3858535307593245
1480 4.3858535307593245
1481 4.418202704869589
1482 4.418202704869589
1483 4.418202704869589
1484 1.2302032061166819
1485 1.2302032061166819
1486 1.2302032061166819
1487 1.1232879257673007
1488 1.1232879257673007
1489 1.1232879257673007
1490 2.947823920043392
1491 2.947823920043392
1492 2.947823920043392
1493 2.71250479745136
1494 0.8801770679316785
1495 0.8801770679316785
1496 0.8801770679316785
1497 0.5726824657269051
1498 0.5726824657269051
1499 0.5726824657269051
1500 0.8814038184672289
1501 0.8814038184672289
1502 0.8814038184672289
1503 0.5145407102173074
1504 0.5145407102173074
1505 0.5145407102173074
1506 0.9873636861801849
1507 0.9873636861801849
1508 0.9873636861801849
1509 0.6570632340865363
1510 4.387851245764242
1511 4.387851245764242
1512 4.387851245764242
1513 3.915430637507844
1514 3.915430637507844
1515 3.915430637507844
1516 4.693297522519964
1517 4.693297522519964
1518 4.693297522519964
1519 3.65882959795753
1520 3.65882959795753
1521 3.65882959795753
1522 3.3448458507105148
1523 3.3448458507105148
1524 3.3448458507105148
1525 1.604542899367729
1526 1.604542899367729
1527 1.604542899367729
1528 1.219448747714822
1529 1.219448747714822
1530 1.219448747714822
1531 1.6448789673471396
1532 1.6448789673471396
1533 1.6448789673471396
1534 2.4367149196910747
1535 2.4367149196910747
1536 2.4367149196910747
1537 3.8140344138504325
1538 3.8140344138504325
1539 3.8140344138504325
1540 1.39082381700715
1541 1.39082381700715
1542 1.39082381700715
1543 3.174772232619494
1544 3.174772232619494
1545 3.174772232619494
1546 2.7190731675488764
1547 2.7190731675488764
1548 2.7190731675488764
1549 3.070865769806172
1550 3.070865769806172
1551 3.070865769806172
1552 2.810718110295701
1553 1.5879497441477746
1554 1.5879497441477746
1555 1.5879497441477746
1556 1.741616494135407
1557 1.741616494135407
1558 1.741616494135407
1559 1.6753072180834188
1560 1.6753072180834188
1561 1.6753072180834188
1562 1.6918292248114517
1563 1.6918292248114517
1564 1.6918292248114517
1565 1.4630015763618387
1566 1.4630015763618387
1567 1.4630015763618387
1568 1.662257318516096
1569 1.662257318516096
1570 1.662257318516096
1571 1.7874878114229296
1572 1.7874878114229296
1573 1.7874878114229296
1574 2.26577297493552
1575 2.26577297493552
1576 2.26577297493552
1577 1.9953178416042017
1578 1.9953178416042017
1579 1.9953178416042017
1580 1.2516028989642227
1581 1.2516028989642227
1582 1.2516028989642227
1583 2.077576930354968
1584 2.077576930354968
1585 2.077576930354968
1586 1.9756108258338223
1587 1.9756108258338223
1588 1.9756108258338223
1589 0.644424236687656
1590 0.644424236687656
1591 0.644424236687656
1592 0.9102335501938715
1593 0.9102335501938715
1594 0.9102335501938715
1595 1.6752164129130847
1596 1.6752164129130847
1597 1.6752164129130847
1598 1.354246764651746
1599 1.354246764651746
1600 1.354246764651746
1601 1.3135493684205253
1602 1.3135493684205253
1603 1.3135493684205253
1604 0.9725764385525327
1605 0.9725764385525327
1606 0.9725764385525327
1607 2.972973184494339
1608 2.972973184494339
1609 2.972973184494339
1610 3.1604078049975137
1611 3.1604078049975137
1612 3.1604078049975137
1613 1.502002252812738
1614 1.502002252812738
1615 1.502002252812738
1616 2.6714964816476243
1617 2.6714964816476243
1618 2.6714964816476243
1619 1.9302213734143578
1620 1.9302213734143578
1621 1.9302213734143578
1622 1.7225267950193692
1623 2.811748403398461
1624 2.811748403398461
1625 2.811748403398461
1626 2.6580678386285084
1627 2.6580678386285084
1628 2.6580678386285084
1629 3.559269372289144
1630 3.559269372289144
1631 3.559269372289144
1632 2.4855934141199687
1633 2.4855934141199687
1634 2.4855934141199687
1635 3.3749278569001557
1636 3.3749278569001557
1637 3.3749278569001557
1638 0.48972191013175154
1639 0.48972191013175154
1640 0.48972191013175154
1641 0.6454615017956377
1642 0.6454615017956377
1643 0.6454615017956377
1644 0.5084862860695867
1645 0.5084862860695867
1646 0.5084862860695867
1647 0.47246554730462964
1648 0.47246554730462964
1649 0.47246554730462964
1650 0.8083971607047246
1651 0.8083971607047246
1652 0.8083971607047246
1653 0.5925019967045069
1654 0.5925019967045069
1655 0.5925019967045069
1656 0.7448115109081651
1657 0.7448115109081651
1658 0.7448115109081651
1659 0.5021756212674778
1660 0.5021756212674778
1661 0.5021756212674778
1662 0.6058413495865649
1663 0.6058413495865649
1664 0.6058413495865649
1665 0.6878950083010069
1666 0.6878950083010069
1667 0.6878950083010069
1668 0.8126200331353816
1669 0.8126200331353816
1670 0.8126200331353816
1671 0.4886597565381208
1672 2.704362746679439
1673 2.704362746679439
1674 2.704362746679439
1675 2.372054047624061
1676 2.372054047624061
1677 2.372054047624061
1678 2.4809117825995277
1679 2.4809117825995277
1680 2.4809117825995277
1681 2.267267466893832
1682 2.267267466893832
1683 2.267267466893832
1684 2.286767655217639
1685 2.286767655217639
1686 2.286767655217639
1687 2.0037877946270006
1688 2.0037877946270006
1689 2.0037877946270006
1690 2.424174124051258
1691 2.424174124051258
1692 2.424174124051258
1693 1.7352503728195068
1694 1.7352503728195068
1695 1.7352503728195068
1696 1.139198622160194
1697 1.139198622160194
1698 1.139198622160194
1699 2.801057372022962
1700 2.801057372022962
1701 2.801057372022962
1702 2.852935724574506
1703 2.852935724574506
1704 2.852935724574506
1705 3.0672544377467803
1706 3.0672544377467803
1707 3.0672544377467803
1708 2.480859043679264
1709 2.480859043679264
1710 2.480859043679264
1711 2.2252192417218986
1712 2.2252192417218986
1713 2.2252192417218986
1714 3.014763397111943
1715 3.014763397111943
1716 3.014763397111943
1717 2.3031527121890734
1718 2.3031527121890734
1719 2.3031527121890734
1720 2.9808811644170374
1721 1.847762885477499
1722 1.847762885477499
1723 1.847762885477499
1724 1.8018053193365402
1725 1.8018053193365402
1726 1.8018053193365402
1727 1.7887015744943566
1728 1.7887015744943566
1729 1.7887015744943566
1730 1.9091876885328238
1731 1.9091876885328238
1732 2.7983736525541865
1733 2.7983736525541865
1734 2.7983736525541865
1735 2.325126762298903
1736 2.325126762298903
1737 2.325126762298903
1738 2.481847198005464
1739 2.481847198005464
1740 2.481847198005464
1741 1.9760152060902136
1742 1.9760152060902136
1743 1.9760152060902136
1744 2.095408479877128
1745 2.095408479877128
1746 4.514041656698691
1747 4.514041656698691
1748 4.514041656698691
1749 3.204658914294209
1750 1.382341304995845
1751 1.382341304995845
1752 1.382341304995845
1753 1.4850007784798962
1754 1.4850007784798962
1755 1.4850007784798962
1756 1.666768473226332
1757 1.666768473226332
1758 1.666768473226332
1759 4.32425944329858
1760 4.32425944329858
1761 4.32425944329858
1762 0.6142980196495401
1763 0.6142980196495401
1764 0.6142980196495401
1765 0.7337459253310662
1766 0.7337459253310662
1767 0.7337459253310662
1768 0.316469291084224
1769 0.316469291084224
1770 0.316469291084224
1771 0.592738087879507
1772 0.592738087879507
1773 0.592738087879507
1774 0.5188033155863943
1775 0.5188033155863943
1776 0.5188033155863943
1777 0.5830741867721012
1778 2.818296416537157
1779 2.818296416537157
1780 2.818296416537157
1781 3.0902446542919977
1782 3.0902446542919977
1783 3.0902446542919977
1784 2.5120914778581183
1785 2.5120914778581183
1786 2.5120914778581183
1787 2.674575698633911
1788 2.674575698633911
1789 2.674575698633911
1790 4.980884979395162
1791 4.980884979395162
1792 4.980884979395162
1793 2.8617011814101816
1794 2.8617011814101816
1795 2.8617011814101816
1796 2.496532063873713
1797 2.496532063873713
1798 2.496532063873713
1799 1.4102023367376346
1800 1.4102023367376346
1801 1.4102023367376346
1802 1.4140422008134501
1803 1.4140422008134501
1804 1.4140422008134501
1805 1.3096219009731527
1806 1.3096219009731527
1807 1.3096219009731527
1808 0.7256698414877379
1809 0.7256698414877379
1810 0.7256698414877379
1811 0.7218219875591154
1812 0.7218219875591154
1813 0.7218219875591154
1814 0.8187249628052103
1815 0.8187249628052103
1816 0.8187249628052103
1817 3.174572593262178
1818 3.174572593262178
1819 3.174572593262178
1820 3.490717170918455
1821 3.490717170918455
1822 3.490717170918455
1823 2.280935985494568
1824 2.280935985494568
1825 2.280935985494568
1826 3.2772482114104884
1827 3.2772482114104884
1828 3.2772482114104884
1829 3.1921200809821393
1830 3.1921200809821393
1831 3.1921200809821393
1832 2.9508007139271903
1833 2.9508007139271903
1834 2.9508007139271903
1835 2.3285181581056626
1836 2.3285181581056626
1837 2.3285181581056626
1838 3.4021451107357907
1839 3.4021451107357907
1840 3.4021451107357907
1841 3.0360282612755247
1842 3.0360282612755247
1843 3.0360282612755247
1844 2.999438787226566
1845 2.999438787226566
1846 2.999438787226566
1847 0.8675511213444078
1848 0.8675511213444078
1849 0.8675511213444078
1850 0.9473639393989075
1851 0.9473639393989075
1852 0.9473639393989075
1853 1.2574208422469582
1854 1.2574208422469582
1855 1.2574208422469582
1856 0.8983916013958329
1857 0.8983916013958329
1858 0.8983916013958329
1859 0.9730404273771489
1860 0.9730404273771489
1861 0.9730404273771489
1862 1.0689137620353124
1863 1.0689137620353124
1864 1.0689137620353124
1865 1.1962154381717118
1866 1.1962154381717118
1867 1.1962154381717118
1868 1.228715985194152
1869 1.228715985194152
1870 1.228715985194152
1871 0.8440187402588712
1872 0.8440187402588712
1873 0.8440187402588712
1874 1.2421719194104806
1875 1.2421719194104806
1876 1.2421719194104806
1877 1.2838146974250424
1878 1.2838146974250424
1879 1.2838146974250424
1880 1.2989130984497588
1881 1.2989130984497588
1882 1.2989130984497588
1883 1.0348270027972553
1884 1.0348270027972553
1885 1.0348270027972553
1886 1.3342829080152123
1887 1.3342829080152123
1888 1.3342829080152123
1889 1.0957373821941807
1890 1.0957373821941807
1891 1.0957373821941807
1892 1.0567567135346374
1893 1.0567567135346374
1894 1.0567567135346374
1895 0.9944563227732572
1896 0.9944563227732572
1897 0.9944563227732572
1898 1.3259686364159982
1899 1.3259686364159982
1900 1.3259686364159982
1901 0.9037541937774494
1902 0.9037541937774494
1903 0.9037541937774494
1904 0.6972166958694399
1905 0.6972166958694399
1906 0.6972166958694399
1907 1.141734815669706
1908 1.141734815669706
1909 1.141734815669706
1910 1.3209349179376484
1911 1.3209349179376484
1912 1.3209349179376484
1913 1.4659013826308758
1914 1.4659013826308758
1915 1.4852064993363943
1916 1.4852064993363943
1917 1.4852064993363943
1918 4.446594113591136
1919 4.446594113591136
1920 4.446594113591136
1921 1.0331453073723507
1922 1.0331453073723507
1923 1.0331453073723507
1924 1.0572798401011307
1925 1.0572798401011307
1926 1.0572798401011307
1927 1.073914207092575
1928 1.073914207092575
1929 1.073914207092575
1930 0.7018060901511844
1931 0.7018060901511844
1932 0.7018060901511844
1933 1.3468493839631683
1934 1.3468493839631683
1935 0.7668774286970677
1936 0.7668774286970677
1937 0.7668774286970677
1938 0.7378557659995875
1939 0.7378557659995875
1940 0.7378557659995875
1941 0.5687258423092438
1942 0.5687258423092438
1943 0.5687258423092438
1944 0.6560060024106439
1945 0.6560060024106439
1946 2.8660625244041213
1947 2.8660625244041213
1948 1.0299144318086526
1949 1.0299144318086526
1950 1.0299144318086526
1951 1.1213957308686557
1952 1.1213957308686557
1953 1.1213957308686557
1954 2.333830081512412
1955 2.333830081512412
1956 2.333830081512412
1957 1.1224301620517072
1958 1.1224301620517072
1959 1.1224301620517072
1960 1.4721414250489318
1961 1.4721414250489318
1962 1.4721414250489318
1963 1.2110025401686204
1964 1.2110025401686204
1965 1.2110025401686204
1966 1.8577815721872954
1967 1.8577815721872954
1968 1.8577815721872954
1969 1.3357455702789407
1970 1.3357455702789407
1971 2.085250384482091
1972 2.085250384482091
1973 2.085250384482091
1974 3.334281246811244
1975 3.334281246811244
1976 3.334281246811244
1977 2.9254888641824444
1978 2.9254888641824444
1979 2.9254888641824444
1980 4.083125856052421
1981 4.083125856052421
1982 4.083125856052421
1983 2.738401255626525
1984 2.738401255626525
1985 2.738401255626525
1986 2.7755967211506443
1987 2.7755967211506443
1988 2.7755967211506443
1989 2.4218292645102073
1990 1.052134309482229
1991 1.052134309482229
1992 1.052134309482229
1993 1.10389194408138
1994 1.10389194408138
1995 1.10389194408138
1996 1.0974922053534817
1997 1.0974922053534817
1998 1.0974922053534817
1999 1.1961147186589174
