0 3.1486019462079513
1 3.1486019462079513
2 1.2022537818764292
3 1.2022537818764292
4 1.2022537818764292
5 1.2022537818764292
6 1.076450355853906
7 1.076450355853906
8 1.076450355853906
9 1.076450355853906
10 1.0247520316277754
11 1.0247520316277754
12 1.0247520316277754
13 1.0247520316277754
14 1.113485131688898
15 1.113485131688898
16 1.113485131688898
17 1.113485131688898
18 1.1401493216152117
19 1.1401493216152117
20 1.1401493216152117
21 1.1401493216152117
22 1.1414613163227765
23 1.1414613163227765
24 1.1414613163227765
25 3.328075985033312
26 3.328075985033312
27 3.328075985033312
28 3.328075985033312
29 3.2081826558808944
30 3.2081826558808944
31 3.2081826558808944
32 3.2081826558808944
33 2.825674593360323
34 2.825674593360323
35 2.825674593360323
36 2.825674593360323
37 3.1342692185968737
38 3.1342692185968737
39 3.1342692185968737
40 3.1342692185968737
41 4.037945595874735
42 4.037945595874735
43 4.037945595874735
44 4.037945595874735
45 4.058964793240002
46 4.058964793240002
47 4.058964793240002
48 4.058964793240002
49 4.419425621173953
50 4.419425621173953
51 4.419425621173953
52 4.419425621173953
53 4.344604708425554
54 4.344604708425554
55 4.063115977176341
56 4.063115977176341
57 4.063115977176341
58 4.063115977176341
59 4.109349239488676
60 4.109349239488676
61 4.109349239488676
62 4.109349239488676
63 4.1547122321228604
64 4.1547122321228604
65 4.1547122321228604
66 4.1547122321228604
67 3.4289334966579026
68 3.4289334966579026
69 3.4289334966579026
70 3.4289334966579026
71 3.534420787002248
72 3.534420787002248
73 3.534420787002248
74 3.534420787002248
75 4.1773745027173845
76 4.1773745027173845
77 4.1773745027173845
78 4.1773745027173845
79 4.183194535561906
80 4.183194535561906
81 4.183194535561906
82 4.183194535561906
83 3.7536835566524354
84 3.7536835566524354
85 3.7536835566524354
86 3.7536835566524354
87 4.280793118077746
88 4.280793118077746
89 4.280793118077746
90 4.280793118077746
91 3.603393421659753
92 3.603393421659753
93 3.603393421659753
94 3.603393421659753
95 3.725347870482668
96 3.725347870482668
97 3.725347870482668
98 3.725347870482668
99 3.960266755651822
100 3.960266755651822
101 3.960266755651822
102 3.960266755651822
103 3.5891127247748504
104 3.5891127247748504
105 3.5891127247748504
106 3.5891127247748504
107 4.18205233624111
108 4.18205233624111
109 4.18205233624111
110 4.18205233624111
111 3.825378420955394
112 3.825378420955394
113 3.825378420955394
114 3.825378420955394
115 4.296063325392761
116 4.296063325392761
117 4.296063325392761
118 4.296063325392761
119 3.7193935813770933
120 3.7193935813770933
121 3.7193935813770933
122 3.7193935813770933
123 3.7019500335011988
124 3.7019500335011988
125 3.7019500335011988
126 3.7019500335011988
127 4.057582857236579
128 4.057582857236579
129 4.057582857236579
130 4.057582857236579
131 4.125322892641743
132 4.125322892641743
133 4.125322892641743
134 4.125322892641743
135 4.16197947811651
136 4.16197947811651
137 4.16197947811651
138 4.16197947811651
139 4.01585324909964
140 4.01585324909964
141 4.01585324909964
142 4.01585324909964
143 3.512367207541989
144 3.512367207541989
145 3.512367207541989
146 3.512367207541989
147 4.1489541771147875
148 4.1489541771147875
149 0.6572498343424761
150 0.6572498343424761
151 0.6572498343424761
152 0.6572498343424761
153 0.6049021362077791
154 0.6049021362077791
155 0.6049021362077791
156 0.6049021362077791
157 0.5865656997278691
158 0.5865656997278691
159 0.5865656997278691
160 1.1569448519397878
161 1.1569448519397878
162 1.1569448519397878
163 1.1569448519397878
164 1.236834509371835
165 1.236834509371835
166 1.236834509371835
167 1.236834509371835
168 1.0027084359761886
169 1.0027084359761886
170 1.0027084359761886
171 1.0027084359761886
172 1.0565635637923265
173 1.0565635637923265
174 1.0565635637923265
175 1.0565635637923265
176 1.0970787780659068
177 1.0970787780659068
178 1.0970787780659068
179 1.0970787780659068
180 1.0261523807811948
181 1.0261523807811948
182 1.0261523807811948
183 1.0261523807811948
184 1.084295425486995
185 1.084295425486995
186 1.084295425486995
187 1.084295425486995
188 1.2060791770203418
189 1.2060791770203418
190 1.2060791770203418
191 1.2060791770203418
192 1.1118652460144807
193 1.1118652460144807
194 1.1118652460144807
195 1.1118652460144807
196 1.1386041668698503
197 1.1386041668698503
198 1.1386041668698503
199 1.1386041668698503
200 1.121068810406534
201 1.121068810406534
202 1.121068810406534
203 1.121068810406534
204 1.0812110581973078
205 1.0812110581973078
206 1.0812110581973078
207 1.0812110581973078
208 1.251102653855166
209 1.251102653855166
210 1.251102653855166
211 1.251102653855166
212 1.171025178913332
213 1.171025178913332
214 1.171025178913332
215 1.171025178913332
216 0.9103381344884348
217 0.9103381344884348
218 0.9103381344884348
219 0.9103381344884348
220 1.0675162079032283
221 1.0675162079032283
222 1.0675162079032283
223 1.0675162079032283
224 1.1326700257417004
225 1.1326700257417004
226 1.1326700257417004
227 1.1326700257417004
228 0.981878476320966
229 0.981878476320966
230 0.981878476320966
231 0.981878476320966
232 1.1380142377779379
233 1.1380142377779379
234 1.1380142377779379
235 1.1380142377779379
236 1.0768304154426072
237 1.0768304154426072
238 1.0768304154426072
239 1.0768304154426072
240 0.9028277333716779
241 0.9028277333716779
242 0.9028277333716779
243 0.9028277333716779
244 1.27108528807491
245 1.27108528807491
246 1.27108528807491
247 1.27108528807491
248 1.003923666414845
249 1.003923666414845
250 1.003923666414845
251 1.003923666414845
252 1.1868212658297743
253 1.1868212658297743
254 1.1868212658297743
255 1.1868212658297743
256 1.0410741181826673
257 1.0410741181826673
258 1.0410741181826673
259 1.0410741181826673
260 0.9435235063679545
261 0.9435235063679545
262 0.9435235063679545
263 0.9435235063679545
264 1.320271101926918
265 1.320271101926918
266 1.320271101926918
267 1.320271101926918
268 1.174813032670625
269 1.174813032670625
270 1.174813032670625
271 2.179693409360585
272 2.179693409360585
273 2.179693409360585
274 2.179693409360585
275 2.1718299031174637
276 2.1718299031174637
277 2.1718299031174637
278 2.1718299031174637
279 2.12205448175452
280 2.12205448175452
281 2.12205448175452
282 2.12205448175452
283 2.0987619790019245
284 2.0987619790019245
285 2.0987619790019245
286 2.0987619790019245
287 2.29392511716216
288 2.29392511716216
289 2.29392511716216
290 2.29392511716216
291 1.8785011151022544
292 1.8785011151022544
293 1.8785011151022544
294 1.8785011151022544
295 2.138324188789244
296 2.138324188789244
297 2.138324188789244
298 2.138324188789244
299 2.1354309296538365
300 2.1354309296538365
301 2.1354309296538365
302 2.1354309296538365
303 1.983990573373678
304 1.983990573373678
305 1.983990573373678
306 1.983990573373678
307 2.0920177130326736
308 2.0920177130326736
309 2.0920177130326736
310 2.0920177130326736
311 2.263097115770032
312 2.263097115770032
313 2.263097115770032
314 2.263097115770032
315 2.086670293242595
316 2.086670293242595
317 2.086670293242595
318 2.086670293242595
319 1.253472135118145
320 1.253472135118145
321 1.253472135118145
322 1.253472135118145
323 1.1105216286506987
324 1.1105216286506987
325 1.1105216286506987
326 1.1105216286506987
327 1.0398523204042027
328 1.0398523204042027
329 1.0398523204042027
330 1.0398523204042027
331 1.0994907435207941
332 1.0994907435207941
333 1.0994907435207941
334 1.0994907435207941
335 2.4557229114123245
336 2.4557229114123245
337 2.4557229114123245
338 4.342926311253273
339 4.342926311253273
340 4.342926311253273
341 4.342926311253273
342 3.3850889320587134
343 3.3850889320587134
344 3.3850889320587134
345 3.3850889320587134
346 4.0790644106484075
347 4.0790644106484075
348 0.615071634729857
349 0.615071634729857
350 0.615071634729857
351 0.615071634729857
352 0.6442750900334526
353 0.6442750900334526
354 0.6442750900334526
355 0.6442750900334526
356 0.6145405630917328
357 3.025401749055918
358 2.590449269315427
359 2.590449269315427
360 2.590449269315427
361 2.590449269315427
362 2.499277762495789
363 2.499277762495789
364 2.499277762495789
365 2.499277762495789
366 2.529477089536294
367 2.529477089536294
368 2.529477089536294
369 2.529477089536294
370 2.524829566566928
371 2.524829566566928
372 2.524829566566928
373 2.524829566566928
374 2.3211470684180453
375 2.3211470684180453
376 2.3211470684180453
377 2.3211470684180453
378 2.7982070757728956
379 2.7982070757728956
380 2.7982070757728956
381 2.7982070757728956
382 2.4132213178538198
383 2.4132213178538198
384 3.088764007670984
385 1.902392871414979
386 1.902392871414979
387 1.902392871414979
388 1.902392871414979
389 1.7090055015606702
390 1.7090055015606702
391 1.7090055015606702
392 1.7090055015606702
393 1.765339739466135
394 1.765339739466135
395 1.765339739466135
396 1.765339739466135
397 1.7116586091965749
398 1.7116586091965749
399 1.7116586091965749
400 1.7116586091965749
401 1.6057859640182786
402 1.6057859640182786
403 1.6057859640182786
404 1.6057859640182786
405 1.54019275842858
406 1.54019275842858
407 1.54019275842858
408 1.54019275842858
409 1.6220463220102768
410 1.6220463220102768
411 1.6220463220102768
412 1.6220463220102768
413 1.7392055983016832
414 1.7392055983016832
415 1.7392055983016832
416 1.7392055983016832
417 1.5370950634784553
418 1.5370950634784553
419 1.5370950634784553
420 1.5370950634784553
421 1.396697962412239
422 1.396697962412239
423 1.396697962412239
424 1.396697962412239
425 1.561159914361134
426 1.561159914361134
427 1.561159914361134
428 2.8289319346526076
429 2.8289319346526076
430 2.8289319346526076
431 2.8289319346526076
432 3.061777351515341
433 3.061777351515341
434 3.061777351515341
435 2.0360214774034704
436 2.0360214774034704
437 2.0360214774034704
438 2.0360214774034704
439 2.2371290653920424
440 2.2371290653920424
441 2.2371290653920424
442 2.2371290653920424
443 2.080802528202799
444 2.080802528202799
445 2.080802528202799
446 2.080802528202799
447 2.2334099487767647
448 2.2334099487767647
449 2.2334099487767647
450 3.6414423501720274
451 3.6414423501720274
452 3.6414423501720274
453 3.6414423501720274
454 3.5861041955173083
455 3.5861041955173083
456 3.5861041955173083
457 3.5861041955173083
458 4.582985137850399
459 1.8149745804250004
460 1.8149745804250004
461 1.8149745804250004
462 1.8149745804250004
463 1.7177763558205565
464 1.7177763558205565
465 1.7177763558205565
466 1.7177763558205565
467 1.6618922422040987
468 1.6618922422040987
469 1.6618922422040987
470 1.6618922422040987
471 1.5420740680885339
472 1.5420740680885339
473 1.5420740680885339
474 1.5420740680885339
475 1.6601646618479262
476 1.6601646618479262
477 1.6601646618479262
478 1.6601646618479262
479 1.7403099822699346
480 1.7403099822699346
481 1.7403099822699346
482 1.7403099822699346
483 1.5858542123873578
484 1.5858542123873578
485 1.5858542123873578
486 1.5858542123873578
487 1.7038404341459126
488 1.7038404341459126
489 1.7038404341459126
490 1.7038404341459126
491 1.7514065114435564
492 1.7514065114435564
493 1.7514065114435564
494 1.7514065114435564
495 1.338229592354777
496 1.338229592354777
497 1.338229592354777
498 1.338229592354777
499 1.6161029983237096
500 2.1241135400477433
501 2.1241135400477433
502 2.1241135400477433
503 2.1241135400477433
504 1.7932834711305126
505 1.7932834711305126
506 1.7932834711305126
507 1.7932834711305126
508 1.9895458910632813
509 1.9895458910632813
510 0.22012256002653938
511 0.22012256002653938
512 0.22012256002653938
513 0.22012256002653938
514 0.19518727625470247
515 0.19518727625470247
516 0.19518727625470247
517 0.19518727625470247
518 0.1817136669316065
519 0.1817136669316065
520 0.1817136669316065
521 0.1817136669316065
522 0.7233294334164201
523 0.7233294334164201
524 0.7233294334164201
525 0.7233294334164201
526 0.6676326293828326
527 0.6676326293828326
528 0.6676326293828326
529 0.6676326293828326
530 0.7016980247226702
531 0.7016980247226702
532 0.7016980247226702
533 0.7016980247226702
534 0.6820208952354871
535 0.6820208952354871
536 0.6820208952354871
537 0.6820208952354871
538 0.6171386652925387
539 0.6171386652925387
540 0.6171386652925387
541 0.6171386652925387
542 0.6467607406865282
543 1.5222680935749469
544 1.5222680935749469
545 1.5222680935749469
546 1.5222680935749469
547 1.556710028448713
548 1.556710028448713
549 1.556710028448713
550 1.556710028448713
551 1.7249466065005077
552 1.7249466065005077
553 1.7249466065005077
554 1.7249466065005077
555 1.317674086226323
556 1.317674086226323
557 1.317674086226323
558 1.317674086226323
559 1.6700221309839727
560 1.6700221309839727
561 1.6700221309839727
562 1.6700221309839727
563 1.5228657423563559
564 1.5228657423563559
565 1.5228657423563559
566 1.5228657423563559
567 1.7076037644983568
568 1.7076037644983568
569 1.7076037644983568
570 1.7076037644983568
571 1.3480618433256646
572 1.3480618433256646
573 1.3480618433256646
574 1.3480618433256646
575 1.540234408032243
576 1.540234408032243
577 1.540234408032243
578 1.540234408032243
579 1.6207681888277505
580 1.6207681888277505
581 1.6207681888277505
582 1.6207681888277505
583 1.3733119168952013
584 1.3733119168952013
585 1.3733119168952013
586 1.3733119168952013
587 1.4680594173782169
588 1.4680594173782169
589 4.234396522346697
590 4.234396522346697
591 4.234396522346697
592 4.234396522346697
593 4.088892289677637
594 4.088892289677637
595 4.088892289677637
596 1.9428318796687685
597 1.9428318796687685
598 1.9428318796687685
599 1.9428318796687685
600 1.8784707457161642
601 1.8784707457161642
602 1.8784707457161642
603 1.8784707457161642
604 2.0109912348995778
605 2.0109912348995778
606 2.0109912348995778
607 2.0109912348995778
608 1.9356169362629545
609 1.9356169362629545
610 1.9356169362629545
611 1.9356169362629545
612 2.0626087281524716
613 2.0626087281524716
614 2.0626087281524716
615 2.0626087281524716
616 1.7066483063433548
617 1.7066483063433548
618 1.7066483063433548
619 1.7066483063433548
620 2.0655100669430313
621 2.0655100669430313
622 2.0655100669430313
623 2.0655100669430313
624 1.9064308535308352
625 1.9064308535308352
626 1.9064308535308352
627 1.9064308535308352
628 1.9340195181309379
629 1.9340195181309379
630 1.9340195181309379
631 1.9340195181309379
632 2.1566577005940184
633 2.1566577005940184
634 2.1566577005940184
635 2.1566577005940184
636 1.7955486185773915
637 1.7955486185773915
638 1.7955486185773915
639 1.7955486185773915
640 2.1431949996977915
641 2.1431949996977915
642 2.1431949996977915
643 2.1431949996977915
644 2.0260676582140102
645 2.0260676582140102
646 2.0260676582140102
647 2.0260676582140102
648 1.8982669519466207
649 1.8982669519466207
650 1.8982669519466207
651 1.8982669519466207
652 1.9685373294218662
653 1.9685373294218662
654 1.9685373294218662
655 1.9685373294218662
656 1.7996210175140468
657 1.7996210175140468
658 1.7996210175140468
659 1.7996210175140468
660 1.9063545112810574
661 1.9063545112810574
662 1.9063545112810574
663 1.9063545112810574
664 2.045650797645902
665 2.045650797645902
666 2.045650797645902
667 2.045650797645902
668 2.158344483318022
669 2.158344483318022
670 2.158344483318022
671 2.158344483318022
672 1.8802637252061554
673 1.8802637252061554
674 1.8802637252061554
675 1.8802637252061554
676 1.6575693128535403
677 1.6575693128535403
678 1.6575693128535403
679 1.6575693128535403
680 2.088796943488345
681 2.088796943488345
682 2.088796943488345
683 2.088796943488345
684 1.8663068462938988
685 1.8663068462938988
686 1.8663068462938988
687 1.8663068462938988
688 1.9211173235921637
689 1.9211173235921637
690 1.9211173235921637
691 1.9211173235921637
692 1.6066212244097515
693 1.6066212244097515
694 1.6066212244097515
695 1.6066212244097515
696 1.5611165601407342
697 1.5611165601407342
698 1.5611165601407342
699 1.5611165601407342
700 1.3184923926025875
701 0.678196746330772
702 0.678196746330772
703 0.678196746330772
704 0.678196746330772
705 0.6256606853777014
706 0.6256606853777014
707 0.6256606853777014
708 0.6256606853777014
709 0.5536225470456047
710 0.5536225470456047
711 0.5536225470456047
712 0.5536225470456047
713 0.7434802534597632
714 0.7434802534597632
715 0.7434802534597632
716 0.7434802534597632
717 0.6908741599272092
718 0.6908741599272092
719 0.6908741599272092
720 0.6908741599272092
721 0.6810569696699339
722 0.6810569696699339
723 0.6810569696699339
724 0.6810569696699339
725 0.6748938464282856
726 0.6748938464282856
727 0.6748938464282856
728 0.6748938464282856
729 0.6309301986756063
730 0.6309301986756063
731 0.6309301986756063
732 0.6309301986756063
733 0.6171614244067783
734 0.6171614244067783
735 0.6171614244067783
736 0.6171614244067783
737 2.0030244743518026
738 2.0030244743518026
739 2.0030244743518026
740 2.0030244743518026
741 2.3197360996660983
742 2.3197360996660983
743 2.3197360996660983
744 2.3197360996660983
745 2.0651043663942565
746 2.0651043663942565
747 2.0651043663942565
748 2.0651043663942565
749 2.227905619247104
750 1.0693949602905304
751 1.0693949602905304
752 1.0693949602905304
753 1.0693949602905304
754 1.0021872687179354
755 1.0021872687179354
756 1.0021872687179354
757 1.0021872687179354
758 1.0917578628145048
759 1.0917578628145048
760 1.0917578628145048
761 1.0917578628145048
762 1.1620702813946604
763 1.1620702813946604
764 1.1620702813946604
765 1.1620702813946604
766 1.171810461482947
767 1.171810461482947
768 1.171810461482947
769 1.171810461482947
770 0.9400045319937056
771 0.9400045319937056
772 0.9400045319937056
773 0.9400045319937056
774 1.1747519190128481
775 1.1747519190128481
776 1.1747519190128481
777 1.1747519190128481
778 1.2176680927685652
779 1.2176680927685652
780 1.2176680927685652
781 1.2176680927685652
782 1.057514775821701
783 1.057514775821701
784 1.057514775821701
785 1.057514775821701
786 1.244159008035816
787 1.244159008035816
788 1.244159008035816
789 1.244159008035816
790 1.1098246361365558
791 1.1098246361365558
792 1.1098246361365558
793 1.1098246361365558
794 1.2717506951524564
795 1.2717506951524564
796 1.2717506951524564
797 1.2717506951524564
798 1.0170639453613115
799 1.0170639453613115
800 1.0170639453613115
801 1.0170639453613115
802 1.0470467286150402
803 1.0470467286150402
804 1.0470467286150402
805 1.0470467286150402
806 1.064308409449678
807 1.064308409449678
808 1.064308409449678
809 1.064308409449678
810 1.1089413379669009
811 1.1089413379669009
812 1.1089413379669009
813 1.1089413379669009
814 1.0430890054166027
815 1.0430890054166027
816 1.0430890054166027
817 1.0430890054166027
818 1.0925647230931395
819 1.0925647230931395
820 1.0925647230931395
821 1.0925647230931395
822 1.076905782020937
823 1.076905782020937
824 1.076905782020937
825 1.076905782020937
826 1.082864527180483
827 1.082864527180483
828 1.082864527180483
829 1.082864527180483
830 1.0740346193432762
831 1.0740346193432762
832 1.0740346193432762
833 1.0740346193432762
834 1.1055321352089105
835 1.1055321352089105
836 1.1055321352089105
837 1.1055321352089105
838 1.2251310218698683
839 1.2251310218698683
840 1.2251310218698683
841 1.2251310218698683
842 1.0435517521171909
843 1.0435517521171909
844 1.0435517521171909
845 1.0435517521171909
846 1.0085177523220574
847 1.0085177523220574
848 1.0085177523220574
849 1.0085177523220574
850 1.0859804644990443
851 1.0859804644990443
852 1.0859804644990443
853 1.0859804644990443
854 1.1289723530397653
855 1.1289723530397653
856 1.1289723530397653
857 1.1289723530397653
858 1.1569482382817637
859 1.1569482382817637
860 1.1569482382817637
861 1.1569482382817637
862 1.1574182159784334
863 1.1574182159784334
864 1.1574182159784334
865 1.1574182159784334
866 1.1912912267110798
867 1.1912912267110798
868 1.1912912267110798
869 1.1912912267110798
870 1.0772233183985085
871 1.0772233183985085
872 1.0772233183985085
873 1.0772233183985085
874 1.2039981588084725
875 1.2039981588084725
876 1.2039981588084725
877 1.2039981588084725
878 1.051826476438898
879 1.051826476438898
880 1.051826476438898
881 1.051826476438898
882 1.0763610201089475
883 1.0763610201089475
884 1.0763610201089475
885 1.0763610201089475
886 1.1068399112128928
887 1.1068399112128928
888 1.1068399112128928
889 1.1068399112128928
890 1.0959177319542341
891 1.0959177319542341
892 1.0959177319542341
893 1.0959177319542341
894 1.0596867476909437
895 1.0596867476909437
896 1.0596867476909437
897 1.0596867476909437
898 3.3171648648053265
899 3.3171648648053265
900 3.3171648648053265
901 3.3171648648053265
902 3.71919061195333
903 3.71919061195333
904 3.71919061195333
905 3.71919061195333
906 3.065367458054988
907 3.065367458054988
908 3.065367458054988
909 3.065367458054988
910 3.3643791983982436
911 3.3643791983982436
912 3.3643791983982436
913 3.3643791983982436
914 3.3540886795541978
915 3.3540886795541978
916 3.3540886795541978
917 3.3540886795541978
918 3.842042185414512
919 3.842042185414512
920 3.842042185414512
921 3.842042185414512
922 3.171882391382616
923 3.171882391382616
924 3.171882391382616
925 3.171882391382616
926 3.13584688571401
927 3.13584688571401
928 3.13584688571401
929 3.13584688571401
930 3.6590550712692735
931 3.6590550712692735
932 3.6590550712692735
933 3.6590550712692735
934 3.4329242370528683
935 3.4329242370528683
936 3.4329242370528683
937 3.4329242370528683
938 3.3325061210694176
939 3.3325061210694176
940 3.3325061210694176
941 3.3325061210694176
942 3.4668245221213447
943 3.4668245221213447
944 3.4668245221213447
945 3.4668245221213447
946 3.9202982505592745
947 3.9202982505592745
948 3.9202982505592745
949 3.9202982505592745
950 4.302622054262987
951 4.302622054262987
952 4.302622054262987
953 4.302622054262987
954 3.7623366407143535
955 3.7623366407143535
956 3.7623366407143535
957 3.7623366407143535
958 4.542234745172206
959 4.542234745172206
960 4.542234745172206
961 4.542234745172206
962 3.862332859097335
963 3.862332859097335
964 3.862332859097335
965 3.862332859097335
966 3.9172811453841487
967 3.9172811453841487
968 3.9172811453841487
969 3.9172811453841487
970 3.9874898985609333
971 3.9874898985609333
972 3.9874898985609333
973 3.9874898985609333
974 3.6126376001209577
975 3.6126376001209577
976 3.6126376001209577
977 3.6126376001209577
978 3.9319870979385727
979 3.9319870979385727
980 3.9319870979385727
981 3.9319870979385727
982 3.7409437982991802
983 3.7409437982991802
984 3.7409437982991802
985 3.7409437982991802
986 4.064619919853584
987 4.064619919853584
988 4.064619919853584
989 4.064619919853584
990 4.26412112853502
991 4.26412112853502
992 4.26412112853502
993 4.26412112853502
994 3.520856791189514
995 3.520856791189514
996 3.520856791189514
997 3.520856791189514
998 3.7497697691476892
999 3.7497697691476892
1000 3.7497697691476892
1001 3.7497697691476892
1002 3.7553102961803577
1003 3.7553102961803577
1004 3.7553102961803577
1005 3.7553102961803577
1006 3.768028043697267
1007 3.768028043697267
1008 3.768028043697267
1009 3.768028043697267
1010 3.3902413183324365
1011 3.3902413183324365
1012 3.3902413183324365
1013 3.3902413183324365
1014 4.268462991054088
1015 4.268462991054088
1016 4.268462991054088
1017 4.268462991054088
1018 3.916406965004978
1019 3.916406965004978
1020 3.916406965004978
1021 3.916406965004978
1022 4.035454953300529
1023 4.035454953300529
1024 4.035454953300529
1025 4.035454953300529
1026 3.5695376220056483
1027 3.5695376220056483
1028 3.5695376220056483
1029 2.0206978584484427
1030 2.0206978584484427
1031 2.0206978584484427
1032 2.0206978584484427
1033 1.9525893023800582
1034 1.9525893023800582
1035 1.9525893023800582
1036 1.9525893023800582
1037 1.778724002657814
1038 1.778724002657814
1039 1.778724002657814
1040 1.778724002657814
1041 1.732222695599367
1042 1.732222695599367
1043 1.732222695599367
1044 1.732222695599367
1045 2.214767127776135
1046 2.214767127776135
1047 2.214767127776135
1048 2.214767127776135
1049 2.236786071380786
1050 2.841693598029907
1051 2.841693598029907
1052 2.841693598029907
1053 2.841693598029907
1054 2.705810696458532
1055 2.705810696458532
1056 2.705810696458532
1057 2.705810696458532
1058 2.602589559989676
1059 2.602589559989676
1060 2.602589559989676
1061 2.602589559989676
1062 3.2316668220116864
1063 3.2316668220116864
1064 3.2316668220116864
1065 2.0830675064338333
1066 2.0830675064338333
1067 2.0830675064338333
1068 2.0830675064338333
1069 2.219793940726326
1070 2.219793940726326
1071 2.219793940726326
1072 2.219793940726326
1073 1.9337823964280905
1074 1.9337823964280905
1075 1.9337823964280905
1076 1.9337823964280905
1077 2.2006674059490736
1078 2.2006674059490736
1079 2.2006674059490736
1080 1.1070693914421266
1081 1.1070693914421266
1082 1.1070693914421266
1083 1.1070693914421266
1084 1.2329860688539023
1085 1.2329860688539023
1086 1.2329860688539023
1087 1.2329860688539023
1088 1.088823897217984
1089 1.088823897217984
1090 1.088823897217984
1091 1.088823897217984
1092 1.2072290832502715
1093 1.2072290832502715
1094 1.2072290832502715
1095 1.2072290832502715
1096 1.1820654364304377
1097 0.7142808182638734
1098 0.7142808182638734
1099 0.7142808182638734
1100 0.7142808182638734
1101 0.6430195998440171
1102 0.6430195998440171
1103 0.6430195998440171
1104 0.6430195998440171
1105 0.6381097042739913
1106 0.6381097042739913
1107 0.6381097042739913
1108 0.6381097042739913
1109 0.5994452061874855
1110 2.0236533921313673
1111 2.0236533921313673
1112 2.0236533921313673
1113 2.0236533921313673
1114 2.2617264428374173
1115 2.2617264428374173
1116 2.2617264428374173
1117 2.2617264428374173
1118 2.2680638743080217
1119 2.2680638743080217
1120 2.2680638743080217
1121 2.2680638743080217
1122 1.892736213864592
1123 1.892736213864592
1124 1.892736213864592
1125 1.892736213864592
1126 2.053038194595986
1127 2.053038194595986
1128 2.053038194595986
1129 2.053038194595986
1130 1.97305715188727
1131 1.97305715188727
1132 1.97305715188727
1133 1.97305715188727
1134 1.8942540799904213
1135 1.8942540799904213
1136 1.8942540799904213
1137 1.8942540799904213
1138 1.9440705855266516
1139 1.9440705855266516
1140 1.9440705855266516
1141 1.9440705855266516
1142 2.0082331986609283
1143 2.0082331986609283
1144 2.0082331986609283
1145 2.0082331986609283
1146 2.072590184340145
1147 2.072590184340145
1148 2.072590184340145
1149 2.072590184340145
1150 2.1183219257202515
1151 2.1183219257202515
1152 2.1183219257202515
1153 2.1183219257202515
1154 2.243977715229998
1155 2.243977715229998
1156 2.243977715229998
1157 2.243977715229998
1158 2.0578147177954613
1159 2.0578147177954613
1160 2.0578147177954613
1161 2.0578147177954613
1162 2.2853291135211795
1163 3.1573558670618156
1164 3.1573558670618156
1165 3.1573558670618156
1166 3.1573558670618156
1167 2.961276272145272
1168 2.961276272145272
1169 2.961276272145272
1170 2.961276272145272
1171 2.8235430716280905
1172 2.8235430716280905
1173 2.8235430716280905
1174 2.8235430716280905
1175 3.2120501509123094
1176 3.2120501509123094
1177 3.2120501509123094
1178 3.2120501509123094
1179 2.9489691693388345
1180 2.9489691693388345
1181 2.9489691693388345
1182 2.9489691693388345
1183 3.110279142180569
1184 3.110279142180569
1185 3.110279142180569
1186 3.110279142180569
1187 3.133559323016137
1188 3.133559323016137
1189 3.133559323016137
1190 3.133559323016137
1191 2.9899915024828343
1192 2.9899915024828343
1193 2.9899915024828343
1194 2.9899915024828343
1195 2.68225378705366
1196 2.68225378705366
1197 2.68225378705366
1198 2.68225378705366
1199 3.243703438517995
1200 3.243703438517995
1201 3.243703438517995
1202 3.243703438517995
1203 2.9192122348070657
1204 2.9192122348070657
1205 2.9192122348070657
1206 2.9192122348070657
1207 2.695600925268719
1208 2.695600925268719
1209 2.695600925268719
1210 2.695600925268719
1211 2.778543260081829
1212 2.778543260081829
1213 2.778543260081829
1214 2.778543260081829
1215 3.1244525855854466
1216 3.1244525855854466
1217 0.6042829779080402
1218 0.6042829779080402
1219 0.6042829779080402
1220 0.6042829779080402
1221 0.7634880397515772
1222 0.7634880397515772
1223 0.7634880397515772
1224 0.7634880397515772
1225 0.6646508031547711
1226 0.6646508031547711
1227 0.6646508031547711
1228 0.6646508031547711
1229 0.6943038176293846
1230 0.6943038176293846
1231 0.6943038176293846
1232 0.6943038176293846
1233 0.6193721545971901
1234 0.6193721545971901
1235 0.6193721545971901
1236 0.6193721545971901
1237 0.688543622222058
1238 0.688543622222058
1239 0.688543622222058
1240 0.688543622222058
1241 0.7196689111486828
1242 0.7196689111486828
1243 0.7196689111486828
1244 0.7196689111486828
1245 0.6350044182109723
1246 0.6350044182109723
1247 3.160155299171512
1248 3.160155299171512
1249 3.160155299171512
1250 3.160155299171512
1251 3.141236406055746
1252 3.141236406055746
1253 2.0784681075796656
1254 2.0784681075796656
1255 2.0784681075796656
1256 2.0784681075796656
1257 1.7895675375987607
1258 1.7895675375987607
1259 1.7895675375987607
1260 1.7895675375987607
1261 1.102315206378177
1262 1.102315206378177
1263 1.102315206378177
1264 1.102315206378177
1265 1.1080150479322135
1266 1.1080150479322135
1267 1.1080150479322135
1268 1.1080150479322135
1269 1.1106640418502045
1270 1.1106640418502045
1271 1.1106640418502045
1272 1.1106640418502045
1273 1.1800560649384015
1274 1.1800560649384015
1275 1.1800560649384015
1276 1.1800560649384015
1277 1.140080449666609
1278 1.140080449666609
1279 1.140080449666609
1280 1.140080449666609
1281 1.1127610534802892
1282 1.1127610534802892
1283 3.5406203994129037
1284 3.5406203994129037
1285 3.5406203994129037
1286 3.5406203994129037
1287 3.6157213863380413
1288 3.6157213863380413
1289 3.6157213863380413
1290 3.6157213863380413
1291 4.030666773637904
1292 0.672963882440937
1293 0.672963882440937
1294 0.672963882440937
1295 0.672963882440937
1296 0.7113913145719459
1297 0.7113913145719459
1298 0.7113913145719459
1299 0.7113913145719459
1300 0.6904571859586001
1301 0.6904571859586001
1302 0.6904571859586001
1303 0.6904571859586001
1304 0.6831669538786402
1305 0.6831669538786402
1306 0.6831669538786402
1307 0.6831669538786402
1308 0.6241533057223791
1309 0.6241533057223791
1310 0.6241533057223791
1311 0.22193230529448593
1312 0.22193230529448593
1313 0.22193230529448593
1314 0.22193230529448593
1315 0.20997392172517418
1316 0.20997392172517418
1317 0.20997392172517418
1318 0.20997392172517418
1319 0.20036590475708416
1320 0.20036590475708416
1321 0.20036590475708416
1322 0.20036590475708416
1323 0.19344587813432465
1324 0.19344587813432465
1325 0.19344587813432465
1326 0.19344587813432465
1327 0.19809578555505555
1328 0.19809578555505555
1329 0.19809578555505555
1330 0.19809578555505555
1331 0.1918869938211665
1332 0.1918869938211665
1333 0.1918869938211665
1334 0.1918869938211665
1335 0.19135736434034345
1336 0.19135736434034345
1337 0.19135736434034345
1338 0.19135736434034345
1339 0.1918329319929675
1340 0.1918329319929675
1341 0.6976532290813026
1342 0.6976532290813026
1343 0.6976532290813026
1344 0.6976532290813026
1345 2.6114016064074512
1346 2.6114016064074512
1347 2.6114016064074512
1348 2.6114016064074512
1349 3.0722016271897257
1350 3.0722016271897257
1351 3.0722016271897257
1352 3.0722016271897257
1353 3.004058066391673
1354 3.004058066391673
1355 3.004058066391673
1356 3.004058066391673
1357 2.3391973079854744
1358 2.3391973079854744
1359 2.3391973079854744
1360 2.3391973079854744
1361 2.8646002386930345
1362 2.8646002386930345
1363 2.8646002386930345
1364 2.8646002386930345
1365 2.887218355352312
1366 2.887218355352312
1367 2.887218355352312
1368 2.887218355352312
1369 3.402721555571114
1370 3.402721555571114
1371 3.402721555571114
1372 3.402721555571114
1373 2.9102638213792766
1374 2.9102638213792766
1375 2.9102638213792766
1376 2.9102638213792766
1377 2.8417375868183465
1378 2.8417375868183465
1379 2.8417375868183465
1380 2.8417375868183465
1381 3.3923017531078212
1382 3.3923017531078212
1383 3.3923017531078212
1384 3.3923017531078212
1385 2.9093237387974105
1386 2.9093237387974105
1387 2.9093237387974105
1388 2.9093237387974105
1389 2.566916976132193
1390 2.566916976132193
1391 2.566916976132193
1392 2.566916976132193
1393 2.8634930666209564
1394 2.8634930666209564
1395 2.8634930666209564
1396 2.8634930666209564
1397 2.7976641830212454
1398 2.7976641830212454
1399 2.7976641830212454
1400 2.7976641830212454
1401 3.0746663113012103
1402 3.0746663113012103
1403 3.0746663113012103
1404 3.0746663113012103
1405 3.26521458308947
1406 1.2043052246896184
1407 1.2043052246896184
1408 1.2043052246896184
1409 1.2043052246896184
1410 0.916559186733634
1411 0.916559186733634
1412 0.916559186733634
1413 0.916559186733634
1414 1.0778322715899382
1415 1.0778322715899382
1416 1.0778322715899382
1417 1.0778322715899382
1418 1.0323076497394588
1419 1.0323076497394588
1420 1.0323076497394588
1421 1.0323076497394588
1422 0.7006410150481663
1423 0.7006410150481663
1424 0.7006410150481663
1425 0.7006410150481663
1426 0.6648402253341916
1427 0.6648402253341916
1428 0.6648402253341916
1429 0.6648402253341916
1430 0.678636606268529
1431 0.678636606268529
1432 0.678636606268529
1433 0.678636606268529
1434 0.6090629331192955
1435 0.6090629331192955
1436 0.6090629331192955
1437 0.6090629331192955
1438 0.6079181649924741
1439 0.6079181649924741
1440 0.6079181649924741
1441 0.6079181649924741
1442 0.6136163016777755
1443 0.6136163016777755
1444 0.6136163016777755
1445 1.8945976904211301
1446 1.8945976904211301
1447 1.8945976904211301
1448 1.8945976904211301
1449 2.1117833749775934
1450 2.1117833749775934
1451 2.1117833749775934
1452 2.1117833749775934
1453 2.2388954040306333
1454 2.2388954040306333
1455 2.2388954040306333
1456 2.2388954040306333
1457 1.792878363161898
1458 1.792878363161898
1459 1.792878363161898
1460 1.792878363161898
1461 1.8882472804872286
1462 1.8882472804872286
1463 2.9250667985296963
1464 2.9250667985296963
1465 2.9250667985296963
1466 2.9250667985296963
1467 3.082407252877612
1468 3.082407252877612
1469 3.082407252877612
1470 3.082407252877612
1471 3.337363612495663
1472 3.337363612495663
1473 3.337363612495663
1474 1.1733605966420961
1475 1.1733605966420961
1476 2.566434569098717
1477 2.566434569098717
1478 2.566434569098717
1479 2.566434569098717
1480 2.5394007274640256
1481 2.5394007274640256
1482 2.5394007274640256
1483 2.5394007274640256
1484 2.4954775453519056
1485 2.4954775453519056
1486 2.4954775453519056
1487 2.4954775453519056
1488 2.1471956896819866
1489 2.1471956896819866
1490 2.1471956896819866
1491 2.1471956896819866
1492 2.3412185300597965
1493 2.3412185300597965
1494 2.3412185300597965
1495 2.3412185300597965
1496 2.3733280945691932
1497 2.3733280945691932
1498 2.3733280945691932
1499 2.3733280945691932
1500 2.4631750208228227
1501 2.4631750208228227
1502 2.4631750208228227
1503 2.4631750208228227
1504 2.2823875447008324
1505 2.2823875447008324
1506 2.2823875447008324
1507 2.2823875447008324
1508 2.3558927896368775
1509 2.3558927896368775
1510 2.3558927896368775
1511 2.3558927896368775
1512 2.2045870478562106
1513 2.2045870478562106
1514 2.2045870478562106
1515 2.2045870478562106
1516 2.4443462371707976
1517 2.4443462371707976
1518 2.4443462371707976
1519 2.4443462371707976
1520 2.535352144826069
1521 2.535352144826069
1522 2.535352144826069
1523 2.535352144826069
1524 2.4455173339142005
1525 2.4455173339142005
1526 2.4455173339142005
1527 2.4455173339142005
1528 2.0134425240762073
1529 2.0134425240762073
1530 2.0134425240762073
1531 2.0134425240762073
1532 2.5160626853381505
1533 2.5160626853381505
1534 2.5160626853381505
1535 2.5160626853381505
1536 0.9327940460345668
1537 0.9327940460345668
1538 0.9327940460345668
1539 0.9327940460345668
1540 1.1160686558208002
1541 1.1160686558208002
1542 1.1160686558208002
1543 1.1160686558208002
1544 1.097559331885507
1545 1.097559331885507
1546 1.097559331885507
1547 1.097559331885507
1548 1.0288100474703028
1549 1.0288100474703028
1550 1.0288100474703028
1551 1.0288100474703028
1552 1.1681712955406014
1553 1.1681712955406014
1554 1.1681712955406014
1555 1.1681712955406014
1556 1.203507699414125
1557 1.203507699414125
1558 1.203507699414125
1559 1.203507699414125
1560 1.1642012973345803
1561 1.1642012973345803
1562 1.1642012973345803
1563 1.1642012973345803
1564 1.163885692770042
1565 1.163885692770042
1566 1.163885692770042
1567 1.163885692770042
1568 1.1269463405683486
1569 1.6571799757808252
1570 1.6571799757808252
1571 1.6571799757808252
1572 1.6571799757808252
1573 2.4199525277184732
1574 2.4199525277184732
1575 2.4199525277184732
1576 2.4199525277184732
1577 2.2754630343941527
1578 2.2754630343941527
1579 2.2754630343941527
1580 2.2754630343941527
1581 2.308397897840403
1582 2.308397897840403
1583 2.308397897840403
1584 2.308397897840403
1585 2.319896857584361
1586 2.319896857584361
1587 2.319896857584361
1588 2.319896857584361
1589 1.8650726531030575
1590 1.8650726531030575
1591 1.8650726531030575
1592 1.8650726531030575
1593 2.421969710354161
1594 2.421969710354161
1595 2.421969710354161
1596 2.421969710354161
1597 2.037374307650414
1598 2.037374307650414
1599 2.037374307650414
1600 2.037374307650414
1601 1.935675533916383
1602 1.935675533916383
1603 1.935675533916383
1604 1.935675533916383
1605 1.9146001937925887
1606 1.9146001937925887
1607 1.9146001937925887
1608 1.9146001937925887
1609 2.1126942428863185
1610 2.1126942428863185
1611 2.1126942428863185
1612 2.1126942428863185
1613 2.095969950986738
1614 2.095969950986738
1615 2.095969950986738
1616 2.095969950986738
1617 2.135543804437914
1618 2.135543804437914
1619 2.135543804437914
1620 2.135543804437914
1621 2.176531807252069
1622 2.176531807252069
1623 2.176531807252069
1624 2.176531807252069
1625 1.872283533237855
1626 1.872283533237855
1627 4.563530052467181
1628 4.563530052467181
1629 4.563530052467181
1630 4.563530052467181
1631 3.795968423815159
1632 3.795968423815159
1633 3.795968423815159
1634 1.0665610327432073
1635 1.0665610327432073
1636 1.0665610327432073
1637 1.0665610327432073
1638 1.1869600086679866
1639 1.1869600086679866
1640 1.1869600086679866
1641 1.1869600086679866
1642 1.1448734153224005
1643 1.1448734153224005
1644 1.1448734153224005
1645 1.1448734153224005
1646 1.0846280681188076
1647 1.0846280681188076
1648 1.0846280681188076
1649 1.0846280681188076
1650 1.1809310871320697
1651 2.880106993342085
1652 2.880106993342085
1653 2.880106993342085
1654 2.880106993342085
1655 2.9311301411023574
1656 2.9311301411023574
1657 2.9311301411023574
1658 2.9311301411023574
1659 2.999352314926056
1660 2.999352314926056
1661 2.999352314926056
1662 2.999352314926056
1663 3.099110555232326
1664 3.099110555232326
1665 3.099110555232326
1666 3.099110555232326
1667 2.6753964387627707
1668 2.6753964387627707
1669 2.6753964387627707
1670 2.6753964387627707
1671 3.2998824435369203
1672 3.2998824435369203
1673 3.2998824435369203
1674 3.2998824435369203
1675 3.1555071280515077
1676 3.1555071280515077
1677 3.1555071280515077
1678 3.1555071280515077
1679 2.8726175398008467
1680 2.8726175398008467
1681 2.8726175398008467
1682 2.8726175398008467
1683 2.792363212502937
1684 2.792363212502937
1685 2.792363212502937
1686 2.792363212502937
1687 2.782959239187385
1688 2.782959239187385
1689 2.782959239187385
1690 2.782959239187385
1691 2.9689995141001932
1692 2.9689995141001932
1693 2.9689995141001932
1694 2.9689995141001932
1695 2.8921186067826095
1696 2.8921186067826095
1697 2.8921186067826095
1698 2.8921186067826095
1699 2.9303309488730878
1700 2.9303309488730878
1701 2.9303309488730878
1702 2.9303309488730878
1703 2.943336752798474
1704 2.943336752798474
1705 2.943336752798474
1706 2.943336752798474
1707 3.0393838283830394
1708 3.0393838283830394
1709 3.0393838283830394
1710 3.0393838283830394
1711 2.930164385324915
1712 2.930164385324915
1713 2.930164385324915
1714 2.930164385324915
1715 2.7466196875178848
1716 2.7466196875178848
1717 2.7466196875178848
1718 2.7466196875178848
1719 3.0833099639060646
1720 3.0833099639060646
1721 3.0833099639060646
1722 3.0833099639060646
1723 2.7092911683098055
1724 2.7092911683098055
1725 2.7092911683098055
1726 2.7092911683098055
1727 2.930568962544235
1728 2.930568962544235
1729 2.930568962544235
1730 2.930568962544235
1731 3.008167393535951
1732 3.008167393535951
1733 3.008167393535951
1734 3.008167393535951
1735 2.9228488660659804
1736 2.9228488660659804
1737 2.9228488660659804
1738 2.9228488660659804
1739 3.0347530700977954
1740 3.0347530700977954
1741 3.0347530700977954
1742 3.0347530700977954
1743 2.588697095085881
1744 2.588697095085881
1745 2.588697095085881
1746 2.588697095085881
1747 2.8369831427783483
1748 2.8369831427783483
1749 2.8369831427783483
1750 2.8369831427783483
1751 2.975859638132299
1752 2.975859638132299
1753 2.975859638132299
1754 2.975859638132299
1755 2.86641417196551
1756 2.0669373866062264
1757 2.0669373866062264
1758 2.0669373866062264
1759 2.0669373866062264
1760 2.09654331013057
1761 2.09654331013057
1762 2.09654331013057
1763 2.09654331013057
1764 1.992811236954673
1765 1.992811236954673
1766 1.992811236954673
1767 1.992811236954673
1768 1.9320849268930655
1769 1.9320849268930655
1770 1.9320849268930655
1771 1.9320849268930655
1772 1.9081122859053266
1773 1.9081122859053266
1774 1.9081122859053266
1775 1.9081122859053266
1776 2.0814922825407365
1777 2.0814922825407365
1778 2.0814922825407365
1779 2.0814922825407365
1780 2.1817936557176867
1781 2.1817936557176867
1782 2.1817936557176867
1783 2.1817936557176867
1784 2.305260791976447
1785 2.305260791976447
1786 2.305260791976447
1787 2.305260791976447
1788 1.8781495788660256
1789 1.8781495788660256
1790 1.8781495788660256
1791 1.8781495788660256
1792 1.930603670128188
1793 1.930603670128188
1794 1.930603670128188
1795 1.930603670128188
1796 1.9538155392112326
1797 1.9538155392112326
1798 1.9538155392112326
1799 1.9538155392112326
1800 2.046459197515698
1801 2.9017811723081555
1802 2.9017811723081555
1803 2.9017811723081555
1804 2.9017811723081555
1805 2.7793293306555116
1806 2.7793293306555116
1807 2.7793293306555116
1808 2.7793293306555116
1809 2.5057501154952786
1810 2.5057501154952786
1811 2.5057501154952786
1812 2.5057501154952786
1813 3.29574594321792
1814 3.29574594321792
1815 3.29574594321792
1816 3.29574594321792
1817 3.008340100323742
1818 3.008340100323742
1819 3.008340100323742
1820 0.5872229201604127
1821 0.5872229201604127
1822 0.5872229201604127
1823 0.5872229201604127
1824 0.6095742718805301
1825 0.6095742718805301
1826 0.6095742718805301
1827 0.6095742718805301
1828 0.6172991712465777
1829 0.6172991712465777
1830 0.6172991712465777
1831 0.6172991712465777
1832 0.728258857153671
1833 0.728258857153671
1834 0.728258857153671
1835 0.728258857153671
1836 0.729820895915793
1837 0.729820895915793
1838 0.729820895915793
1839 0.729820895915793
1840 0.6132244790940723
1841 0.6132244790940723
1842 0.6132244790940723
1843 0.6132244790940723
1844 0.6740086886825613
1845 0.6740086886825613
1846 0.6740086886825613
1847 0.6740086886825613
1848 0.65318946239754
1849 0.65318946239754
1850 0.65318946239754
1851 0.65318946239754
1852 0.6670776317163687
1853 0.6670776317163687
1854 0.6670776317163687
1855 0.6670776317163687
1856 0.6202646447506455
1857 0.6202646447506455
1858 0.6202646447506455
1859 0.6202646447506455
1860 0.5168864357247941
1861 0.5168864357247941
1862 0.5168864357247941
1863 0.5168864357247941
1864 0.6963696645134902
1865 0.6963696645134902
1866 0.6963696645134902
1867 0.6963696645134902
1868 0.6262513407350676
1869 0.6262513407350676
1870 0.6262513407350676
1871 0.6262513407350676
1872 0.7050134141630504
1873 0.7050134141630504
1874 0.7050134141630504
1875 0.7050134141630504
1876 0.6806752003610971
1877 0.6806752003610971
1878 0.6806752003610971
1879 0.6806752003610971
1880 0.6560669629238136
1881 0.6560669629238136
1882 0.6560669629238136
1883 0.6560669629238136
1884 0.5876053332436364
1885 0.5876053332436364
1886 0.5876053332436364
1887 0.5876053332436364
1888 0.6657382437057003
1889 0.20714531403312755
1890 0.20714531403312755
1891 0.20714531403312755
1892 0.20714531403312755
1893 0.207801510091622
1894 0.207801510091622
1895 0.207801510091622
1896 0.207801510091622
1897 0.2170690677648493
1898 0.2170690677648493
1899 0.2170690677648493
1900 0.2170690677648493
1901 0.20170727680467557
1902 0.20170727680467557
1903 0.20170727680467557
1904 0.20170727680467557
1905 0.19024727096513078
1906 0.19024727096513078
1907 0.19024727096513078
1908 0.19024727096513078
1909 0.19491804180327568
1910 0.19491804180327568
1911 0.19491804180327568
1912 0.19491804180327568
1913 0.1924710132830896
1914 0.1924710132830896
1915 0.1924710132830896
1916 0.1924710132830896
1917 0.2229900534824033
1918 0.2229900534824033
1919 0.2229900534824033
1920 3.0956975476118926
1921 3.0956975476118926
1922 3.0956975476118926
1923 3.0956975476118926
1924 3.071572705533319
1925 3.071572705533319
1926 3.071572705533319
1927 3.071572705533319
1928 3.2854444771292424
1929 3.2854444771292424
1930 3.2854444771292424
1931 3.2854444771292424
1932 2.823281053261193
1933 2.823281053261193
1934 2.823281053261193
1935 2.823281053261193
1936 2.9180461349670694
1937 2.9180461349670694
1938 2.9180461349670694
1939 2.9180461349670694
1940 2.9498159659107617
1941 2.9498159659107617
1942 2.9498159659107617
1943 2.9498159659107617
1944 3.0279065602369877
1945 3.0279065602369877
1946 3.0279065602369877
1947 3.0279065602369877
1948 2.90078826274877
1949 2.90078826274877
1950 2.90078826274877
1951 2.90078826274877
1952 2.692798820606349
1953 2.692798820606349
1954 2.692798820606349
1955 2.692798820606349
1956 3.058910417749618
1957 3.058910417749618
1958 3.058910417749618
1959 3.058910417749618
1960 3.206845499746188
1961 3.206845499746188
1962 3.206845499746188
1963 3.206845499746188
1964 2.656144680383796
1965 2.656144680383796
1966 2.656144680383796
1967 2.656144680383796
1968 3.0393654467583158
1969 3.0393654467583158
1970 3.0393654467583158
1971 3.0393654467583158
1972 3.034873820432752
1973 3.034873820432752
1974 3.034873820432752
1975 3.034873820432752
1976 2.9780864819346546
1977 2.9780864819346546
1978 2.9780864819346546
1979 2.9780864819346546
1980 3.0799495609688483
1981 3.0799495609688483
1982 3.0799495609688483
1983 3.0799495609688483
1984 3.0872388822089567
1985 3.0872388822089567
1986 3.0872388822089567
1987 3.0872388822089567
1988 2.679648237539635
1989 2.679648237539635
1990 2.679648237539635
1991 2.679648237539635
1992 2.953993241049876
1993 2.953993241049876
1994 2.953993241049876
1995 2.953993241049876
1996 3.431687744362073
1997 3.431687744362073
1998 3.431687744362073
1999 3.431687744362073
