0 4.288543486353582
1 4.288543486353582
2 3.4011430166330836
3 3.4011430166330836
4 1.8787667360542404
5 1.8787667360542404
6 2.9474145516945054
7 2.9474145516945054
8 3.8224231729064675
9 3.8224231729064675
10 4.6394349708540075
11 4.6394349708540075
12 4.380492341697433
13 4.380492341697433
14 2.10852207027423
15 2.10852207027423
16 3.6966388618120285
17 3.6966388618120285
18 4.880827800726681
19 4.880827800726681
20 5.561547553182956
21 5.561547553182956
22 3.839431290145125
23 3.839431290145125
24 3.4939613608877047
25 3.4939613608877047
26 2.450017930489026
27 2.450017930489026
28 4.3057125508216085
29 4.3057125508216085
30 4.038208427395076
31 4.038208427395076
32 2.7653185594015652
33 2.7653185594015652
34 1.7663810515400986
35 1.7663810515400986
36 5.31576816406289
37 5.31576816406289
38 3.8282616941636785
39 3.8282616941636785
40 5.155015517206291
41 5.155015517206291
42 3.3500060291509057
43 3.3500060291509057
44 3.393003483113662
45 3.393003483113662
46 4.162308234913707
47 4.162308234913707
48 3.346660160050672
49 3.346660160050672
50 2.8381570790990773
51 2.8381570790990773
52 4.125976259391546
53 4.125976259391546
54 3.474650193264425
55 3.474650193264425
56 2.803428131965722
57 2.803428131965722
58 4.338027513277495
59 4.338027513277495
60 2.527264268293334
61 2.527264268293334
62 4.30726759304862
63 4.30726759304862
64 3.451976864080125
65 3.451976864080125
66 3.5387429324229114
67 3.5387429324229114
68 4.7857768329652455
69 4.7857768329652455
70 7.164867504869029
71 7.164867504869029
72 3.8536316542214175
73 3.8536316542214175
74 4.303677131871832
75 4.303677131871832
76 2.4203595765685497
77 2.4203595765685497
78 3.49146308264198
79 3.49146308264198
80 1.2427682680908934
81 1.2427682680908934
82 6.087347089317239
83 6.087347089317239
84 3.9531661455510934
85 3.9531661455510934
86 4.6647612461957895
87 4.6647612461957895
88 4.55343652382109
89 4.55343652382109
90 4.729046811197113
91 4.729046811197113
92 5.052459670259479
93 5.052459670259479
94 0.7806627319176611
95 0.7806627319176611
96 3.708537936358801
97 3.708537936358801
98 3.5702107450444376
99 3.5702107450444376
100 4.0267901541284115
101 4.0267901541284115
102 2.9799109893875513
103 2.9799109893875513
104 3.67076248561124
105 3.67076248561124
106 3.954318166709929
107 3.954318166709929
108 4.686571288101844
109 4.686571288101844
110 3.396560628355654
111 3.396560628355654
112 3.3208975690527844
113 3.3208975690527844
114 2.3901681777348562
115 2.3901681777348562
116 1.8307822139313155
117 1.8307822139313155
118 5.0554837368072825
119 5.0554837368072825
120 1.151012275610607
121 1.151012275610607
122 2.161945443572767
123 2.161945443572767
124 6.720216192050204
125 6.720216192050204
126 3.8423842059678925
127 3.8423842059678925
128 4.574245109788261
129 4.574245109788261
130 3.697339577292749
131 3.697339577292749
132 3.3433931833557686
133 3.3433931833557686
134 2.545396003857249
135 2.545396003857249
136 4.019704773376656
137 4.019704773376656
138 3.4654837819768094
139 3.4654837819768094
140 2.514725462748296
141 2.514725462748296
142 0.8604057315745282
143 0.8604057315745282
144 5.338618044134267
145 5.338618044134267
146 3.63675147834325
147 3.63675147834325
148 3.0735213633163685
149 3.0735213633163685
150 4.744595462444397
151 4.744595462444397
152 3.782511658094519
153 3.782511658094519
154 4.013640753208846
155 4.013640753208846
156 4.1916075826759105
157 4.1916075826759105
158 2.4252418705048147
159 2.4252418705048147
160 3.3591804736861812
161 3.3591804736861812
162 5.730516243067196
163 5.730516243067196
164 3.159862978791058
165 3.159862978791058
166 2.702867126433924
167 2.702867126433924
168 2.7915572042239756
169 2.7915572042239756
170 2.9114831184834413
171 2.9114831184834413
172 4.626586892212876
173 4.626586892212876
174 3.8522239774766973
175 3.8522239774766973
176 4.129383578004572
177 4.129383578004572
178 3.1433967769709756
179 3.1433967769709756
180 3.9807324385096097
181 3.9807324385096097
182 5.287114290124686
183 5.287114290124686
184 4.113205601492987
185 4.113205601492987
186 2.2401104463552928
187 2.2401104463552928
188 4.371001354308774
189 4.371001354308774
190 2.561336916940609
191 2.561336916940609
192 4.039153586698618
193 4.039153586698618
194 3.728999821303951
195 3.728999821303951
196 2.003098206287945
197 2.003098206287945
198 5.047064393959974
199 5.047064393959974
200 2.653007939338837
201 2.653007939338837
202 4.061462950033245
203 4.061462950033245
204 4.961579690378597
205 4.961579690378597
206 2.7312311858567475
207 2.7312311858567475
208 3.574403627176651
209 3.574403627176651
210 2.4163924692213117
211 2.4163924692213117
212 3.608567300433339
213 3.608567300433339
214 2.883929229415628
215 2.883929229415628
216 2.2442415845638015
217 2.2442415845638015
218 2.1443887238142985
219 2.1443887238142985
220 2.0708274632006494
221 2.0708274632006494
222 4.702910804485999
223 4.702910804485999
224 4.153946971658818
225 4.153946971658818
226 3.353178195242552
227 3.353178195242552
228 3.2852351204757575
229 3.2852351204757575
230 4.469325915247076
231 4.469325915247076
232 3.917142121398562
233 3.917142121398562
234 3.9312269560953386
235 3.9312269560953386
236 1.1582602192914058
237 1.1582602192914058
238 1.0262833527124626
239 1.0262833527124626
240 1.4103355495112493
241 1.4103355495112493
242 1.3991508289595758
243 1.3991508289595758
244 1.438493644455635
245 1.438493644455635
246 1.1438551078432524
247 1.1438551078432524
248 2.22107199969746
249 2.22107199969746
250 1.468899011763301
251 1.468899011763301
252 2.1308191319925793
253 2.1308191319925793
254 0.9683473056616043
255 0.9683473056616043
256 0.9518613908643443
257 0.9518613908643443
258 1.5451182864821653
259 1.5451182864821653
260 0.9612841428125518
261 0.9612841428125518
262 1.4160559628690186
263 1.4160559628690186
264 1.507438734546957
265 1.507438734546957
266 1.4088827292274357
267 1.4088827292274357
268 1.9221681279209406
269 1.9221681279209406
270 1.2345786500376335
271 1.2345786500376335
272 1.8884554469049948
273 1.8884554469049948
274 2.181682041464276
275 2.181682041464276
276 1.1799380171093972
277 1.1799380171093972
278 2.7611178675290127
279 2.7611178675290127
280 0.9566061989507543
281 0.9566061989507543
282 1.340422264276621
283 1.340422264276621
284 1.9384383768494624
285 1.9384383768494624
286 1.259723302205946
287 1.259723302205946
288 0.581389223210175
289 0.581389223210175
290 0.888725413003014
291 0.888725413003014
292 1.590054899083247
293 1.590054899083247
294 1.1414543553790522
295 1.1414543553790522
296 1.325221907052723
297 1.325221907052723
298 2.445884001906802
299 2.445884001906802
300 0.6092267445658222
301 0.6092267445658222
302 0.7337624575387197
303 0.7337624575387197
304 2.106186332708325
305 2.106186332708325
306 2.4174172240310527
307 2.4174172240310527
308 1.3574752292881709
309 1.3574752292881709
310 1.7847231493299818
311 1.7847231493299818
312 0.9129276530344744
313 0.9129276530344744
314 1.7882884677278985
315 1.7882884677278985
316 1.485280314097105
317 1.485280314097105
318 1.0134385211354333
319 1.0134385211354333
320 1.533916644914122
321 1.533916644914122
322 2.0369759495822013
323 2.0369759495822013
324 1.4180476861209672
325 1.4180476861209672
326 1.681751252487298
327 1.681751252487298
328 1.0314760071968347
329 1.0314760071968347
330 2.367307546095691
331 2.367307546095691
332 2.0547699941571658
333 2.0547699941571658
334 1.658582869203142
335 1.658582869203142
336 1.516059503302054
337 1.516059503302054
338 0.9020939765979472
339 0.9020939765979472
340 1.3033277076352974
341 1.3033277076352974
342 1.7221692689337436
343 1.7221692689337436
344 2.4428779106724168
345 2.4428779106724168
346 1.69280437125419
347 1.69280437125419
348 1.7684540719302375
349 1.7684540719302375
350 1.1414513816044651
351 1.1414513816044651
352 0.5437595073071004
353 0.5437595073071004
354 0.4567640408376934
355 0.4567640408376934
356 0.8286858201974912
357 2.502914281899507
358 2.502914281899507
359 2.4049772033459886
360 2.4049772033459886
361 2.952453397262624
362 3.599816714508378
363 3.599816714508378
364 2.2663266613802957
365 2.2663266613802957
366 7.598308402035645
367 7.598308402035645
368 5.163168701361595
369 5.163168701361595
370 5.11069751799616
371 5.11069751799616
372 6.070701424140867
373 6.070701424140867
374 4.9575724847229585
375 4.9575724847229585
376 3.1261121253409168
377 3.1261121253409168
378 6.1884469797902115
379 6.1884469797902115
380 1.0058465056270425
381 1.0058465056270425
382 6.385189720710148
383 6.385189720710148
384 5.129190653964132
385 5.129190653964132
386 5.376995642606922
387 5.376995642606922
388 3.009631740378138
389 3.009631740378138
390 6.166999436595463
391 6.166999436595463
392 5.2552830370305195
393 3.3229124504084657
394 3.3229124504084657
395 3.3753024221472905
396 3.3753024221472905
397 0.9831885651645893
398 0.9831885651645893
399 3.2840788671828864
400 3.2840788671828864
401 1.614075170383211
402 1.614075170383211
403 1.70570653757952
404 1.70570653757952
405 3.0261324247794255
406 3.0261324247794255
407 2.450893716716258
408 2.450893716716258
409 2.3824212966651324
410 2.3824212966651324
411 3.4826527787967683
412 3.4826527787967683
413 3.8825289978857738
414 3.8825289978857738
415 5.700702910063495
416 5.700702910063495
417 2.6585027928625724
418 2.6585027928625724
419 1.586228101607321
420 1.586228101607321
421 3.048012047505949
422 3.048012047505949
423 3.1483278181184096
424 3.1483278181184096
425 1.0135870610306728
426 1.0135870610306728
427 4.0578842816531555
428 4.0578842816531555
429 3.5373127227645513
430 3.5373127227645513
431 1.9066467562013707
432 1.9066467562013707
433 3.2274877613008313
434 3.2274877613008313
435 3.1131876239887335
436 3.1131876239887335
437 3.174084974678508
438 3.174084974678508
439 2.013152218215307
440 2.013152218215307
441 3.007779478786753
442 3.007779478786753
443 2.398539939107578
444 2.398539939107578
445 3.070099368323137
446 3.070099368323137
447 1.49018802605238
448 1.49018802605238
449 1.4750254634981659
450 1.4750254634981659
451 4.908527578217887
452 4.908527578217887
453 2.9129640560272403
454 2.9129640560272403
455 3.5528896549749365
456 3.5528896549749365
457 1.5250167149671356
458 1.5250167149671356
459 3.391573746330578
460 3.391573746330578
461 3.009419012082876
462 3.009419012082876
463 1.874576061288763
464 1.874576061288763
465 1.7562855561967337
466 1.7562855561967337
467 2.6502863195226367
468 2.6502863195226367
469 3.434259591339174
470 3.434259591339174
471 4.3455952322686295
472 4.3455952322686295
473 2.4338067902956664
474 2.4338067902956664
475 1.7145325174833437
476 1.7145325174833437
477 2.01874930007674
478 2.01874930007674
479 0.48570116882988734
480 0.48570116882988734
481 0.35530300380457425
482 0.35530300380457425
483 0.8300135574932566
484 0.8300135574932566
485 0.9765116949273109
486 0.9765116949273109
487 0.9965520305109514
488 0.9965520305109514
489 0.4029437100290661
490 0.4029437100290661
491 0.41476102615996147
492 0.41476102615996147
493 0.694664957187361
494 0.694664957187361
495 0.6666049422960344
496 0.6666049422960344
497 0.5920061263890102
498 0.5920061263890102
499 0.8111224966284554
500 0.8111224966284554
501 0.6223008041274927
502 0.6223008041274927
503 0.9792057232510281
504 0.9792057232510281
505 0.18776721273746816
506 0.18776721273746816
507 0.8802426714780263
508 0.8802426714780263
509 0.6336693924440611
510 0.6336693924440611
511 0.8877936902935103
512 0.8877936902935103
513 0.5315798262447606
514 0.5315798262447606
515 0.7613074178958299
516 0.7613074178958299
517 0.7981486559819343
518 0.7981486559819343
519 0.6096247211312474
520 0.6096247211312474
521 0.5937271724467844
522 0.5937271724467844
523 0.539166707725603
524 0.539166707725603
525 0.4192020521392903
526 0.4192020521392903
527 0.5119174327895063
528 0.5119174327895063
529 0.5178692736959024
530 0.5178692736959024
531 0.4515615210387121
532 0.4515615210387121
533 0.5568672628464528
534 0.5568672628464528
535 0.8420790456574692
536 0.8420790456574692
537 0.7799151448975701
538 0.7799151448975701
539 0.47223840427752317
540 0.47223840427752317
541 4.414571516492973
542 4.414571516492973
543 1.3580452989323093
544 1.3580452989323093
545 4.285248883290888
546 4.285248883290888
547 4.707810967666929
548 4.707810967666929
549 4.814598037494712
550 4.814598037494712
551 4.552445066720219
552 4.552445066720219
553 3.6839742947668395
554 3.6839742947668395
555 1.5955538351368532
556 1.5955538351368532
557 4.424157569423384
558 4.424157569423384
559 2.2284541812243144
560 2.2284541812243144
561 3.91059952641947
562 3.91059952641947
563 3.472876134664265
564 3.472876134664265
565 3.968662001062521
566 3.968662001062521
567 3.0146415089570024
568 3.0146415089570024
569 3.2990088585933295
570 3.2990088585933295
571 6.454232033461302
572 6.454232033461302
573 4.5205276913319405
574 4.5205276913319405
575 5.066836419577587
576 5.066836419577587
577 1.7043567880202763
578 1.7043567880202763
579 2.3663360201933314
580 2.3663360201933314
581 3.019975274056444
582 3.019975274056444
583 3.079799611742527
584 3.079799611742527
585 2.5259306675518918
586 2.5259306675518918
587 3.2261062358559753
588 3.2261062358559753
589 3.8530114913370626
590 3.8530114913370626
591 2.7925749773191675
592 2.7925749773191675
593 1.6198824994622145
594 1.6198824994622145
595 3.4617506194290124
596 3.4617506194290124
597 4.705538060605827
598 4.705538060605827
599 1.0674594887966067
600 1.0674594887966067
601 0.4670716405859783
602 0.4670716405859783
603 0.9908566455019711
604 0.9908566455019711
605 1.2054336001519033
606 1.2054336001519033
607 1.4938205746301674
608 1.4938205746301674
609 0.5911513258826159
610 0.5911513258826159
611 0.6902416983562021
612 0.6902416983562021
613 0.738984492784525
614 0.738984492784525
615 1.352061478632814
616 1.352061478632814
617 0.5147723416159963
618 0.5147723416159963
619 1.2481310666651708
620 1.2481310666651708
621 0.8319512592330633
622 0.8319512592330633
623 0.944560921031827
624 0.944560921031827
625 1.0974620614920125
626 1.0974620614920125
627 1.9824255160333568
628 1.9824255160333568
629 0.9199648948143817
630 0.9199648948143817
631 1.0179320977033415
632 0.19047081915763117
633 0.19047081915763117
634 0.13589797844617071
635 0.13589797844617071
636 0.24663635027917988
637 0.24663635027917988
638 0.2735743981000307
639 0.2735743981000307
640 0.28458462582809896
641 1.09285723955823
642 1.09285723955823
643 0.8887658952628041
644 0.8887658952628041
645 1.5938566260939802
646 1.5938566260939802
647 0.1
648 0.1
649 0.9706647250221143
650 0.9706647250221143
651 1.3776369582380878
652 1.3776369582380878
653 1.049098952840526
654 1.049098952840526
655 0.6803271315037752
656 0.6803271315037752
657 0.8689982920237093
658 0.8689982920237093
659 0.28160666777688803
660 0.28160666777688803
661 0.43097713371010593
662 0.43097713371010593
663 4.496847036462262
664 4.496847036462262
665 6.781746562108422
666 6.781746562108422
667 3.8014413053554565
668 3.8014413053554565
669 5.6750718088095535
670 5.6750718088095535
671 1.527446404683368
672 1.527446404683368
673 5.660301622052128
674 5.660301622052128
675 3.590341485869119
676 3.590341485869119
677 2.1316747582656594
678 2.1316747582656594
679 2.360197126756156
680 2.360197126756156
681 1.2141469947869186
682 1.2141469947869186
683 3.6912264672095163
684 3.6912264672095163
685 3.6494372103972816
686 3.6494372103972816
687 4.508018172457553
688 4.508018172457553
689 4.318105337471543
690 4.318105337471543
691 3.349207867610983
692 3.349207867610983
693 0.6629673480133094
694 0.6629673480133094
695 5.555227337710476
696 5.555227337710476
697 3.6887096650401245
698 3.6887096650401245
699 1.9322007273713684
700 1.9322007273713684
701 2.0921625781343414
702 2.0921625781343414
703 1.9730619226598387
704 1.9730619226598387
705 2.9334050106865
706 2.9334050106865
707 5.987208802897273
708 5.987208802897273
709 5.189297212158879
710 5.189297212158879
711 4.248724912266222
712 4.248724912266222
713 2.95011201908832
714 2.95011201908832
715 2.7803381129514912
716 2.7803381129514912
717 3.1806088481769663
718 3.1806088481769663
719 3.7006497940195753
720 3.7006497940195753
721 3.553615858553858
722 3.553615858553858
723 3.1591861531642254
724 3.1591861531642254
725 2.4805295384570907
726 2.4805295384570907
727 1.469178226103861
728 1.469178226103861
729 2.9502023153423798
730 2.9502023153423798
731 3.310983324955661
732 3.310983324955661
733 4.523104711997157
734 4.523104711997157
735 4.496765606131783
736 4.496765606131783
737 4.890401561262259
738 4.890401561262259
739 3.9508846458264446
740 3.9508846458264446
741 3.8101696454534664
742 3.8101696454534664
743 2.006792120783789
744 2.006792120783789
745 3.661876544512634
746 3.661876544512634
747 1.747927303026779
748 1.747927303026779
749 2.878126458209646
750 2.878126458209646
751 1.6313428943937915
752 1.6313428943937915
753 3.49451520756155
754 3.49451520756155
755 2.8351488302400933
756 2.8351488302400933
757 3.904535612216926
758 3.904535612216926
759 2.936691680555569
760 2.936691680555569
761 1.904726275888722
762 1.904726275888722
763 3.888735069883824
764 3.888735069883824
765 3.363226917073391
766 3.363226917073391
767 3.760068893732144
768 3.760068893732144
769 4.917555190567945
770 4.917555190567945
771 4.6518589336462615
772 4.6518589336462615
773 1.8046405249615187
774 1.8046405249615187
775 3.62770417921448
776 3.62770417921448
777 3.602236523637897
778 3.602236523637897
779 3.0279643050409377
780 3.0279643050409377
781 2.6031303966580253
782 2.6031303966580253
783 2.1746737291797418
784 2.1746737291797418
785 1.4924481843261335
786 1.4924481843261335
787 2.25922941209752
788 2.25922941209752
789 3.0040956497734483
790 3.0040956497734483
791 4.099910402182409
792 4.099910402182409
793 2.977686311511745
794 2.977686311511745
795 3.4883111083318825
796 3.4883111083318825
797 3.0738998525766257
798 3.0738998525766257
799 2.936021495631694
800 2.936021495631694
801 3.6806201703018373
802 3.6806201703018373
803 2.6685569110392438
804 2.6685569110392438
805 0.915621999776028
806 0.915621999776028
807 2.844429818399997
808 2.844429818399997
809 1.526158340072718
810 1.526158340072718
811 2.1162935827058273
812 2.1162935827058273
813 2.2370409213944145
814 2.2370409213944145
815 1.9211256231605296
816 1.9211256231605296
817 2.162667868292903
818 2.162667868292903
819 1.2249288433287544
820 1.2249288433287544
821 3.4153815241453707
822 3.4153815241453707
823 1.3481051880462176
824 1.3481051880462176
825 0.9657689480197138
826 0.9657689480197138
827 1.6260353354735049
828 1.6260353354735049
829 2.7560277037223764
830 2.7560277037223764
831 1.4475375441632274
832 1.4475375441632274
833 1.1661182488281283
834 1.1661182488281283
835 1.4698925280655786
836 1.4698925280655786
837 1.0817458720442612
838 1.0817458720442612
839 2.8140300087614794
840 2.8140300087614794
841 1.080296132072226
842 1.080296132072226
843 3.509288182034744
844 3.509288182034744
845 2.413055795495753
846 2.413055795495753
847 1.0147795259255659
848 1.0147795259255659
849 2.1395423428364424
850 2.1395423428364424
851 2.341208564684632
852 2.341208564684632
853 1.7849618595294392
854 1.7849618595294392
855 2.4121631672587975
856 2.4121631672587975
857 2.302082809058691
858 2.302082809058691
859 1.9712250228288877
860 1.9712250228288877
861 2.400403783212073
862 2.400403783212073
863 0.8895069825592257
864 0.8895069825592257
865 2.1956494453472946
866 2.1956494453472946
867 1.7517995715337222
868 1.7517995715337222
869 2.05530249351523
870 2.05530249351523
871 2.070728219118599
872 2.070728219118599
873 1.203323618616706
874 1.203323618616706
875 0.49480545980698665
876 0.49480545980698665
877 1.0316862209408741
878 1.0316862209408741
879 1.6883702168468624
880 1.6883702168468624
881 1.7945444535883184
882 1.7945444535883184
883 1.7442421202721943
884 1.7442421202721943
885 2.173246704309647
886 2.173246704309647
887 0.7433332001461121
888 0.7433332001461121
889 2.0809793672066115
890 2.0809793672066115
891 0.7550504470790171
892 0.7550504470790171
893 0.7061779031036496
894 0.7061779031036496
895 0.9115607301827384
896 0.9115607301827384
897 0.8956747450394942
898 0.8956747450394942
899 0.5851140986831254
900 0.5851140986831254
901 0.46310475791311734
902 0.46310475791311734
903 0.6541081637294971
904 0.6541081637294971
905 0.8657216393060477
906 0.8657216393060477
907 0.3375797397406032
908 0.3375797397406032
909 0.8367770947838618
910 0.8367770947838618
911 0.9185475158725092
912 0.9185475158725092
913 0.8378882283468013
914 0.8378882283468013
915 0.6398614525045766
916 0.6398614525045766
917 0.7632452747940052
918 0.7632452747940052
919 0.7664118292856823
920 0.7664118292856823
921 0.676084881364836
922 0.676084881364836
923 0.6767572166958604
924 0.6767572166958604
925 0.796853803885848
926 0.796853803885848
927 0.5811615445302675
928 0.5811615445302675
929 0.5865580900323433
930 0.5865580900323433
931 0.6266750077975626
932 0.6266750077975626
933 0.6137018745321466
934 0.6137018745321466
935 0.47290849949171604
936 0.47290849949171604
937 0.6044177807300907
938 0.6044177807300907
939 0.41859277620043034
940 0.41859277620043034
941 0.8618035652418207
942 0.8618035652418207
943 0.5914592885556283
944 0.5914592885556283
945 0.753198075158754
946 0.753198075158754
947 0.5297484705779878
948 0.5297484705779878
949 0.9567609633357264
950 0.9567609633357264
951 0.2663123011648599
952 0.2663123011648599
953 0.4164747526703765
954 0.4164747526703765
955 0.8096095209586776
956 0.8096095209586776
957 0.5715881058433678
958 0.5715881058433678
959 0.6578640194794874
960 0.6578640194794874
961 0.5810378792093982
962 0.5810378792093982
963 0.7011525250368286
964 0.7011525250368286
965 0.7392847084167017
966 0.7392847084167017
967 0.9032793748107666
968 0.9032793748107666
969 0.7162364510078739
970 0.7162364510078739
971 0.6965375811956714
972 0.6965375811956714
973 0.6728814076921822
974 0.6728814076921822
975 0.7471306900271506
976 0.7471306900271506
977 0.8231381245956828
978 0.8231381245956828
979 0.7103695534489206
980 0.7103695534489206
981 0.7759147668980568
982 0.7759147668980568
983 0.46900064656701923
984 0.46900064656701923
985 0.6593045416081809
986 0.6593045416081809
987 0.89171331265411
988 0.89171331265411
989 0.9891161159291559
990 0.9891161159291559
991 0.8520043150796093
992 0.8520043150796093
993 0.5844619956130314
994 0.5844619956130314
995 0.7097245438523051
996 0.7097245438523051
997 0.4925387425072998
998 0.4925387425072998
999 0.6616797323928816
1000 0.6616797323928816
1001 0.8487426352275959
1002 0.8487426352275959
1003 0.5572361476104302
1004 0.5572361476104302
1005 0.3947118237961045
1006 0.3947118237961045
1007 1.030752408184974
1008 1.030752408184974
1009 0.6636723752325794
1010 0.6636723752325794
1011 0.28601656692032684
1012 0.28601656692032684
1013 0.38503652479419537
1014 0.38503652479419537
1015 0.36506145015794345
1016 0.36506145015794345
1017 0.4938134097554696
1018 0.4938134097554696
1019 0.9305405622938124
1020 0.9305405622938124
1021 0.5953575369984034
1022 0.5953575369984034
1023 0.48960797255666094
1024 0.48960797255666094
1025 0.95009267196444
1026 0.95009267196444
1027 0.6513112580341801
1028 0.6513112580341801
1029 0.9539871734385598
1030 0.9539871734385598
1031 0.705724396683177
1032 0.705724396683177
1033 0.17828456156505862
1034 0.17828456156505862
1035 0.7667279985545574
1036 0.7667279985545574
1037 0.6691271714140292
1038 0.6691271714140292
1039 0.6479961383111822
1040 0.6479961383111822
1041 0.43309007078772566
1042 2.5145541115353267
1043 2.5145541115353267
1044 3.3571310770113327
1045 3.3571310770113327
1046 4.70673169794034
1047 4.70673169794034
1048 4.191909522393552
1049 4.191909522393552
1050 5.086290170744045
1051 5.086290170744045
1052 2.927826288114271
1053 2.927826288114271
1054 3.9230813032733507
1055 3.9230813032733507
1056 1.6298754176864032
1057 1.6298754176864032
1058 4.406362697239565
1059 4.406362697239565
1060 3.6936711793530854
1061 3.6936711793530854
1062 3.6789694865887816
1063 3.6789694865887816
1064 5.877069550908601
1065 2.176776383007056
1066 2.176776383007056
1067 1.996453490090998
1068 1.2252773557761412
1069 1.2252773557761412
1070 2.6504138312557055
1071 2.6504138312557055
1072 3.4259419034441185
1073 3.4259419034441185
1074 2.475318282744292
1075 2.475318282744292
1076 3.1145961389482104
1077 3.1145961389482104
1078 1.8259301868792237
1079 1.8259301868792237
1080 1.568369863328153
1081 1.568369863328153
1082 1.6188386306252713
1083 1.6188386306252713
1084 4.172862670032739
1085 4.172862670032739
1086 3.432018687755664
1087 3.432018687755664
1088 1.0388522294856892
1089 1.0388522294856892
1090 2.9056007660363887
1091 2.9056007660363887
1092 2.659277515299338
1093 2.659277515299338
1094 2.402344627373662
1095 2.402344627373662
1096 2.4191706696597812
1097 2.4191706696597812
1098 2.263362739685545
1099 2.263362739685545
1100 3.152979754896831
1101 3.152979754896831
1102 1.7294481356646019
1103 1.7294481356646019
1104 1.8568534617825172
1105 1.8568534617825172
1106 2.9964537122967387
1107 2.9964537122967387
1108 2.4526441882583607
1109 2.4526441882583607
1110 2.9856289767449686
1111 2.9856289767449686
1112 2.979775443495683
1113 2.979775443495683
1114 1.909024997150043
1115 1.909024997150043
1116 2.6918170126827827
1117 2.6918170126827827
1118 2.95788984794965
1119 2.95788984794965
1120 2.5996704609071335
1121 2.5996704609071335
1122 2.6379085368900377
1123 2.6379085368900377
1124 2.7069685483184758
1125 2.7069685483184758
1126 1.9193450411975899
1127 1.9193450411975899
1128 2.614502591821279
1129 2.614502591821279
1130 2.812227386582895
1131 2.812227386582895
1132 1.4450133346182903
1133 1.4450133346182903
1134 1.5300240019875293
1135 1.5300240019875293
1136 1.5464329252885678
1137 1.5464329252885678
1138 1.1774627376621796
1139 1.1774627376621796
1140 3.3164119814060085
1141 3.3164119814060085
1142 3.0715530612506883
1143 3.0715530612506883
1144 2.4513665893775913
1145 2.4513665893775913
1146 4.343440033530028
1147 4.343440033530028
1148 0.7660312020610844
1149 0.7660312020610844
1150 4.037525202182538
1151 4.037525202182538
1152 3.374531050385877
1153 3.374531050385877
1154 2.0801495823750598
1155 2.0801495823750598
1156 2.7009148683767727
1157 2.7009148683767727
1158 2.988189721467189
1159 2.988189721467189
1160 2.7212995609776667
1161 2.7212995609776667
1162 3.7524377820292614
1163 3.7524377820292614
1164 1.9430137112924406
1165 1.9430137112924406
1166 3.2370558370409968
1167 3.2370558370409968
1168 3.594507640269957
1169 3.594507640269957
1170 2.3878823267008693
1171 2.3878823267008693
1172 1.2861319978036847
1173 1.2861319978036847
1174 2.8217052680219696
1175 2.8217052680219696
1176 5.433640449887516
1177 5.433640449887516
1178 3.2824252222873493
1179 3.2824252222873493
1180 0.6334355777058649
1181 0.6334355777058649
1182 3.2447708115517155
1183 3.2447708115517155
1184 4.663938314280303
1185 4.663938314280303
1186 1.6310624796426685
1187 1.6310624796426685
1188 2.295223425128917
1189 2.295223425128917
1190 3.9192926750076476
1191 3.9192926750076476
1192 3.680123588384837
1193 3.680123588384837
1194 4.240565730649596
1195 4.240565730649596
1196 2.9010841490885206
1197 2.9010841490885206
1198 3.5933401908172162
1199 3.5933401908172162
1200 3.6687526639403414
1201 3.6687526639403414
1202 3.612225006695017
1203 3.612225006695017
1204 3.653108451668011
1205 3.653108451668011
1206 3.457274532580392
1207 3.457274532580392
1208 0.5747780395787405
1209 0.5747780395787405
1210 2.0473118136948156
1211 2.0473118136948156
1212 2.934449321789389
1213 2.934449321789389
1214 1.9437080006030243
1215 1.9437080006030243
1216 3.1735396067710964
1217 3.1735396067710964
1218 1.6535345485774209
1219 1.6535345485774209
1220 0.785052706243921
1221 0.785052706243921
1222 4.116239003822536
1223 4.116239003822536
1224 1.8181452544902288
1225 1.8181452544902288
1226 2.602848701957634
1227 2.602848701957634
1228 2.8371281836893405
1229 2.8371281836893405
1230 1.6529817461105274
1231 1.6529817461105274
1232 0.6267236338178602
1233 0.6267236338178602
1234 0.12066134220732805
1235 0.12066134220732805
1236 1.991003651361515
1237 1.991003651361515
1238 2.0104505841079723
1239 2.0104505841079723
1240 0.8119448069449124
1241 0.8119448069449124
1242 1.1255836282810654
1243 1.1255836282810654
1244 0.7059506959517468
1245 0.7059506959517468
1246 0.8586178956163006
1247 0.8586178956163006
1248 0.6754815805696801
1249 0.6754815805696801
1250 1.497980671096058
1251 1.497980671096058
1252 0.733450612705342
1253 0.733450612705342
1254 0.5477158890905213
1255 0.5477158890905213
1256 0.7877161010159818
1257 0.7877161010159818
1258 0.9675786521224149
1259 2.1068832199982195
1260 2.1068832199982195
1261 2.976438065446054
1262 2.976438065446054
1263 3.22380479573088
1264 3.22380479573088
1265 4.223939994414018
1266 4.223939994414018
1267 4.310163095167136
1268 4.310163095167136
1269 2.7933033743927074
1270 2.7933033743927074
1271 1.1271281709548204
1272 1.1271281709548204
1273 2.2205427185184137
1274 2.2205427185184137
1275 2.4197394660273885
1276 2.56242699042882
1277 2.56242699042882
1278 2.199212198856637
1279 2.199212198856637
1280 3.0719531498380657
1281 3.0719531498380657
1282 2.410168451444032
1283 2.410168451444032
1284 4.739198856749518
1285 4.739198856749518
1286 3.0714142033812974
1287 3.0714142033812974
1288 2.0365601949782475
1289 2.0365601949782475
1290 2.410955641188293
1291 2.410955641188293
1292 4.679376387362643
1293 4.679376387362643
1294 2.664713159699191
1295 2.664713159699191
1296 1.068485578479479
1297 1.068485578479479
1298 3.26695460906452
1299 3.26695460906452
1300 3.2445706978762936
1301 3.2445706978762936
1302 2.9837758904832454
1303 2.9837758904832454
1304 0.3095660492997996
1305 0.3095660492997996
1306 2.870606548055958
1307 2.870606548055958
1308 2.459729575852978
1309 2.459729575852978
1310 3.425190298500004
1311 3.425190298500004
1312 2.9013996296728553
1313 2.9013996296728553
1314 2.883052464021822
1315 2.883052464021822
1316 2.141781763349419
1317 2.141781763349419
1318 4.328071558179927
1319 4.328071558179927
1320 2.844894368570861
1321 2.844894368570861
1322 2.3788698214153454
1323 2.3788698214153454
1324 4.357687020363369
1325 4.357687020363369
1326 4.546824730517573
1327 4.546824730517573
1328 3.779063790390326
1329 3.779063790390326
1330 2.0248502211378363
1331 2.0248502211378363
1332 3.432082279827873
1333 3.432082279827873
1334 1.5891268651141983
1335 1.5891268651141983
1336 3.517848517431916
1337 3.517848517431916
1338 4.7504368777411665
1339 4.7504368777411665
1340 4.3764224003042544
1341 4.3764224003042544
1342 2.9436721605533744
1343 2.9436721605533744
1344 2.2559151016497117
1345 2.2559151016497117
1346 0.5668744255385274
1347 0.5668744255385274
1348 3.0723495600155957
1349 3.0723495600155957
1350 4.312214742379662
1351 4.312214742379662
1352 3.1094730649885176
1353 3.1094730649885176
1354 2.277501929581947
1355 2.277501929581947
1356 4.2632624892861415
1357 4.2632624892861415
1358 2.8134253505218303
1359 2.8134253505218303
1360 4.970788225820742
1361 4.970788225820742
1362 4.562603899585098
1363 4.562603899585098
1364 2.9620940081405407
1365 2.9620940081405407
1366 3.796808024056766
1367 3.796808024056766
1368 3.18497609817405
1369 3.18497609817405
1370 3.9305075693912004
1371 3.9305075693912004
1372 3.53756715818801
1373 3.53756715818801
1374 3.1422978014124987
1375 3.1422978014124987
1376 3.4650338554616384
1377 3.4650338554616384
1378 1.7930217628003433
1379 1.7930217628003433
1380 3.4226624547479574
1381 3.4226624547479574
1382 5.691342115626535
1383 5.691342115626535
1384 2.7894533276409597
1385 2.7894533276409597
1386 3.4133287834283017
1387 3.4133287834283017
1388 1.7573404841609725
1389 1.7573404841609725
1390 4.01274766242095
1391 4.01274766242095
1392 4.245805675506388
1393 4.245805675506388
1394 1.3471741873375978
1395 1.3471741873375978
1396 3.316168938788703
1397 3.316168938788703
1398 3.9398512767000815
1399 3.9398512767000815
1400 3.307770238798066
1401 3.307770238798066
1402 3.467530479425558
1403 3.467530479425558
1404 3.9025240629632774
1405 3.9025240629632774
1406 2.6348656429407358
1407 2.6348656429407358
1408 4.945367260089726
1409 4.945367260089726
1410 1.5130913701421955
1411 1.5130913701421955
1412 4.991276818359177
1413 4.991276818359177
1414 2.888321133297071
1415 2.888321133297071
1416 5.440127773022542
1417 5.440127773022542
1418 2.5080984958390466
1419 2.5080984958390466
1420 1.7037676537834743
1421 1.7037676537834743
1422 6.360688381871895
1423 6.360688381871895
1424 3.2126728569627154
1425 3.2126728569627154
1426 4.889256866807408
1427 4.889256866807408
1428 3.3962726522004645
1429 3.3962726522004645
1430 4.089966743901698
1431 4.089966743901698
1432 4.690887997064973
1433 4.690887997064973
1434 2.3084921449174405
1435 2.3084921449174405
1436 3.5335454515977087
1437 3.5335454515977087
1438 2.85765384524531
1439 2.85765384524531
1440 5.509453764555861
1441 5.509453764555861
1442 2.6123841985263416
1443 2.6123841985263416
1444 2.7312575836642297
1445 2.7312575836642297
1446 1.5769107135205265
1447 1.5769107135205265
1448 4.500099474998887
1449 4.500099474998887
1450 1.8217100483974658
1451 1.8217100483974658
1452 4.059023535592496
1453 4.059023535592496
1454 3.2881411238188734
1455 3.2881411238188734
1456 2.881033963730961
1457 2.881033963730961
1458 3.6720273109891854
1459 3.6720273109891854
1460 2.819780888529646
1461 2.819780888529646
1462 5.180240475683664
1463 5.180240475683664
1464 4.476556086997465
1465 4.476556086997465
1466 3.311757751024911
1467 3.311757751024911
1468 5.031195194622673
1469 5.031195194622673
1470 3.139717954748344
1471 3.139717954748344
1472 5.334720535039678
1473 5.334720535039678
1474 4.036228176742696
1475 4.036228176742696
1476 3.0948517008480128
1477 3.0948517008480128
1478 3.352715976039164
1479 3.352715976039164
1480 2.736641781987966
1481 2.736641781987966
1482 1.3860212234141351
1483 1.3860212234141351
1484 2.859478435765465
1485 2.859478435765465
1486 2.2384167060409506
1487 2.2384167060409506
1488 3.6170263827337306
1489 2.557517046207956
1490 2.557517046207956
1491 0.35065793666660716
1492 0.35065793666660716
1493 1.833372477465468
1494 1.833372477465468
1495 2.0826395871392926
1496 2.0826395871392926
1497 0.8513897008190205
1498 0.8513897008190205
1499 1.03636879019106
1500 1.03636879019106
1501 1.4383744963813299
1502 1.4383744963813299
1503 1.072318912890978
1504 1.072318912890978
1505 0.5096596576105785
1506 0.5096596576105785
1507 1.418256480937588
1508 1.418256480937588
1509 1.0502422107239269
1510 1.0502422107239269
1511 1.49990941364819
1512 1.49990941364819
1513 2.7822124084909206
1514 2.7822124084909206
1515 1.9650100304786138
1516 1.9650100304786138
1517 0.8552033704627539
1518 0.8552033704627539
1519 2.220058006217457
1520 2.220058006217457
1521 1.7918830329541382
1522 1.7918830329541382
1523 2.708229819778296
1524 2.708229819778296
1525 0.9851795931828186
1526 0.9851795931828186
1527 1.307923542313982
1528 1.307923542313982
1529 0.9088832993545337
1530 0.9088832993545337
1531 1.7689086797897529
1532 1.7689086797897529
1533 1.834776580561573
1534 1.834776580561573
1535 1.53620059604318
1536 1.53620059604318
1537 2.6032192984798455
1538 2.6032192984798455
1539 0.7920422690950032
1540 0.7920422690950032
1541 0.718616222908831
1542 0.718616222908831
1543 1.6529249945381181
1544 1.6529249945381181
1545 1.9183686903252255
1546 1.9183686903252255
1547 2.012291636846809
1548 2.012291636846809
1549 1.3740752690914193
1550 1.3740752690914193
1551 2.1190368673683344
1552 2.1190368673683344
1553 2.48053556568907
1554 2.48053556568907
1555 1.343599958924187
1556 1.343599958924187
1557 1.9598783258032035
1558 1.9598783258032035
1559 1.9936286891108492
1560 1.9936286891108492
1561 2.9932867845413664
1562 2.9932867845413664
1563 0.808559528480946
1564 0.808559528480946
1565 2.4075565561920316
1566 2.4075565561920316
1567 2.369079591527261
1568 2.369079591527261
1569 1.3081403686767805
1570 1.3081403686767805
1571 1.1118181163663832
1572 1.1118181163663832
1573 1.3887408055601054
1574 1.3887408055601054
1575 1.3725421435404195
1576 1.3725421435404195
1577 1.5078337540620161
1578 1.5078337540620161
1579 0.9326299137981133
1580 0.9326299137981133
1581 0.7573827548689446
1582 0.7573827548689446
1583 2.092008157386911
1584 2.092008157386911
1585 0.34312093502736474
1586 0.34312093502736474
1587 0.7465160387574554
1588 0.7465160387574554
1589 0.8070879573325891
1590 0.8070879573325891
1591 1.593429225069659
1592 1.593429225069659
1593 1.1180650556854428
1594 1.1180650556854428
1595 1.2724397962905605
1596 1.2724397962905605
1597 1.1514192600549866
1598 1.1514192600549866
1599 1.9763846904697528
1600 1.9763846904697528
1601 1.8785120344869095
1602 1.8785120344869095
1603 1.6455280181467502
1604 1.6455280181467502
1605 0.9939771037677083
1606 0.9939771037677083
1607 1.8046605450244413
1608 1.8046605450244413
1609 1.6621567427988708
1610 1.6621567427988708
1611 1.6339526210112738
1612 1.6339526210112738
1613 1.8552209114661409
1614 1.8552209114661409
1615 1.149808070912939
1616 1.149808070912939
1617 2.304709281081262
1618 2.304709281081262
1619 1.473790223211828
1620 1.473790223211828
1621 1.5224762106157612
1622 1.5224762106157612
1623 2.2530242856201035
1624 2.2530242856201035
1625 1.2343170387742135
1626 1.2343170387742135
1627 1.4408040104174744
1628 1.4408040104174744
1629 1.572788683365504
1630 1.572788683365504
1631 2.3336298023357243
1632 2.3336298023357243
1633 1.6429966327672012
1634 1.6429966327672012
1635 1.6257121914712305
1636 1.6257121914712305
1637 2.7190442799956225
1638 2.7190442799956225
1639 1.420366021466265
1640 1.420366021466265
1641 0.4693150820490213
1642 0.4693150820490213
1643 1.5143814916307983
1644 1.5143814916307983
1645 0.9709739423755934
1646 0.9709739423755934
1647 0.15138982468840245
1648 0.15138982468840245
1649 1.300343985907657
1650 1.300343985907657
1651 1.9178318052065495
1652 1.9178318052065495
1653 0.958461538473121
1654 0.958461538473121
1655 1.3056914212432214
1656 1.3056914212432214
1657 1.8181915369117692
1658 1.8181915369117692
1659 1.0533956024841773
1660 1.0533956024841773
1661 1.458505596718874
1662 1.458505596718874
1663 1.5589719089600225
1664 1.5589719089600225
1665 1.6317930464385486
1666 1.6317930464385486
1667 1.2172943076645608
1668 1.2172943076645608
1669 2.275163363930937
1670 2.275163363930937
1671 1.5818216363258477
1672 1.5818216363258477
1673 2.243872783563175
1674 2.243872783563175
1675 0.8736937336319863
1676 0.8736937336319863
1677 0.7475893529973203
1678 0.7475893529973203
1679 2.6505313095655536
1680 2.6505313095655536
1681 1.1380328743361061
1682 1.1380328743361061
1683 1.6953074011728795
1684 1.6953074011728795
1685 1.1811477470492973
1686 1.1811477470492973
1687 0.5606813938572526
1688 0.5606813938572526
1689 0.8577734209688425
1690 0.8577734209688425
1691 1.1795825546859926
1692 1.1795825546859926
1693 0.9398889491888972
1694 0.9398889491888972
1695 2.6726271592166286
1696 2.6726271592166286
1697 1.5444697025961598
1698 1.5444697025961598
1699 0.6782433912266916
1700 0.6782433912266916
1701 2.586289277963907
1702 2.586289277963907
1703 2.313257134690393
1704 2.313257134690393
1705 1.1554288833164432
1706 1.1554288833164432
1707 2.9287764188765273
1708 2.9287764188765273
1709 2.1241465529751022
1710 2.1241465529751022
1711 0.881511185715617
1712 0.881511185715617
1713 1.566653792968378
1714 1.566653792968378
1715 2.0518501679063044
1716 2.0518501679063044
1717 1.7845011391814838
1718 1.7845011391814838
1719 2.507115627966046
1720 2.507115627966046
1721 1.375369676991585
1722 1.375369676991585
1723 0.8672174131354637
1724 0.8672174131354637
1725 1.7988136481364572
1726 1.7988136481364572
1727 2.0803914825655463
1728 2.0803914825655463
1729 2.322951065124738
1730 2.322951065124738
1731 0.9706996907768979
1732 0.9706996907768979
1733 1.4246442951538054
1734 1.4246442951538054
1735 2.0676424863265437
1736 2.0676424863265437
1737 1.4924810585155301
1738 1.4924810585155301
1739 2.398626713199069
1740 2.398626713199069
1741 1.4404124986435565
1742 1.4404124986435565
1743 1.7320752053586328
1744 1.7320752053586328
1745 1.2697890781248922
1746 1.2697890781248922
1747 1.7239570165441014
1748 1.7239570165441014
1749 2.3233465137565865
1750 2.3233465137565865
1751 1.4245763645511065
1752 1.4245763645511065
1753 1.049296971367725
1754 1.049296971367725
1755 1.924972837646239
1756 1.924972837646239
1757 1.810334665813568
1758 1.810334665813568
1759 1.9172180727330939
1760 1.9172180727330939
1761 1.4208191498912504
1762 1.4208191498912504
1763 1.2993099095018454
1764 1.2993099095018454
1765 1.2763839391818352
1766 1.2763839391818352
1767 2.1427348991126243
1768 2.1427348991126243
1769 1.3433046604976746
1770 1.3433046604976746
1771 1.9814430977818738
1772 1.9814430977818738
1773 2.4282655427694366
1774 2.4282655427694366
1775 1.459517984300035
1776 1.459517984300035
1777 0.1
1778 0.1
1779 0.8441638593122017
1780 0.8441638593122017
1781 1.4218307187727772
1782 1.4218307187727772
1783 2.07204479271199
1784 2.07204479271199
1785 1.362218715175891
1786 1.362218715175891
1787 2.1432182816055576
1788 2.1432182816055576
1789 1.3587234485325268
1790 1.3587234485325268
1791 2.0912277535871437
1792 2.0912277535871437
1793 1.0358781391628153
1794 1.0358781391628153
1795 0.9760456709745867
1796 0.9760456709745867
1797 0.9326859062984052
1798 0.9326859062984052
1799 2.7195181750848905
1800 2.7195181750848905
1801 2.4905413875283635
1802 2.4905413875283635
1803 1.0510894926992722
1804 1.0510894926992722
1805 2.1896950282735066
1806 2.1896950282735066
1807 1.245743524214736
1808 1.245743524214736
1809 0.4591831984064503
1810 0.4591831984064503
1811 1.6370728615562737
1812 1.6370728615562737
1813 1.8031814120011147
1814 1.8031814120011147
1815 1.4104263616664228
1816 1.4104263616664228
1817 1.519088110619894
1818 1.519088110619894
1819 1.5749545423101858
1820 1.5749545423101858
1821 2.325698179127019
1822 2.325698179127019
1823 1.3068810698214608
1824 1.3068810698214608
1825 1.8754631910026218
1826 1.8754631910026218
1827 1.598473036543892
1828 1.598473036543892
1829 2.076111254238459
1830 2.076111254238459
1831 2.605823422545492
1832 2.605823422545492
1833 2.236254758096766
1834 2.236254758096766
1835 3.240265935657879
1836 3.240265935657879
1837 3.2586357886395936
1838 3.2586357886395936
1839 2.9777102451021285
1840 2.9777102451021285
1841 2.309787649433943
1842 2.309787649433943
1843 2.461366090919603
1844 2.461366090919603
1845 1.3659491393259353
1846 1.3659491393259353
1847 1.0394812043859898
1848 1.0394812043859898
1849 2.063689017124265
1850 2.063689017124265
1851 1.6861633751981593
1852 1.6861633751981593
1853 0.9567681350129651
1854 0.9567681350129651
1855 2.108820283445544
1856 2.108820283445544
1857 2.2511037869779846
1858 2.2511037869779846
1859 1.1870883617731125
1860 1.1870883617731125
1861 2.540806732893884
1862 2.540806732893884
1863 1.8424094688783588
1864 1.8424094688783588
1865 1.8146731640384024
1866 1.8146731640384024
1867 1.8201890262718916
1868 1.8201890262718916
1869 2.120617756594704
1870 2.120617756594704
1871 3.082667075237063
1872 3.082667075237063
1873 1.7170183836191426
1874 1.7170183836191426
1875 3.016076559798481
1876 3.016076559798481
1877 3.116260373988859
1878 3.116260373988859
1879 2.146603069670705
1880 2.146603069670705
1881 2.6996734969384852
1882 2.6996734969384852
1883 1.885399348104
1884 1.885399348104
1885 1.002611950061494
1886 1.002611950061494
1887 2.2441990889571795
1888 2.2441990889571795
1889 2.5269639008517477
1890 2.5269639008517477
1891 2.0627945414521913
1892 2.0627945414521913
1893 2.070284008092877
1894 2.070284008092877
1895 1.4395269607175896
1896 1.4395269607175896
1897 2.454632738560624
1898 2.454632738560624
1899 2.3831854062396607
1900 2.3831854062396607
1901 1.597256673463442
1902 1.597256673463442
1903 2.1993564542182087
1904 2.1993564542182087
1905 1.5155425096121093
1906 1.5155425096121093
1907 3.506815641803257
1908 3.506815641803257
1909 1.5501968765032117
1910 1.5501968765032117
1911 2.0675603395602167
1912 2.0675603395602167
1913 2.136815165540077
1914 2.136815165540077
1915 1.7151688671762653
1916 1.7151688671762653
1917 2.586489641356933
1918 2.586489641356933
1919 2.1684652307883177
1920 2.1684652307883177
1921 1.7977458724781772
1922 1.7977458724781772
1923 2.3417351396839914
1924 2.3417351396839914
1925 2.380708201473925
1926 2.380708201473925
1927 1.9401404691507627
1928 1.9401404691507627
1929 1.003625399979571
1930 1.003625399979571
1931 2.8380817778314027
1932 2.8380817778314027
1933 1.6374654465496177
1934 1.6374654465496177
1935 1.825156499281706
1936 1.825156499281706
1937 3.348710577420385
1938 3.348710577420385
1939 0.970778049707915
1940 0.970778049707915
1941 2.194305756998358
1942 2.194305756998358
1943 1.7190366029128814
1944 1.7190366029128814
1945 2.62650639984541
1946 2.62650639984541
1947 1.3691329235060945
1948 1.3691329235060945
1949 2.1761917018234014
1950 2.1761917018234014
1951 2.1053696569455784
1952 2.1053696569455784
1953 1.9159855065188534
1954 1.9159855065188534
1955 1.3561750001823256
1956 1.3561750001823256
1957 3.221843612404753
1958 3.221843612404753
1959 2.507808974601162
1960 2.507808974601162
1961 2.1754872275023502
1962 2.1754872275023502
1963 1.1755177952231128
1964 1.1755177952231128
1965 3.280231254151698
1966 3.280231254151698
1967 0.894991857371441
1968 0.894991857371441
1969 0.7326690174231887
1970 0.7326690174231887
1971 1.4317817446622336
1972 1.4317817446622336
1973 1.9436166550731666
1974 1.9436166550731666
1975 0.7002753349186228
1976 0.7002753349186228
1977 1.2880916654490184
1978 1.2880916654490184
1979 2.0791706093913427
1980 2.0791706093913427
1981 1.049577004533138
1982 1.049577004533138
1983 1.383906893173085
1984 1.383906893173085
1985 3.148520023784939
1986 3.148520023784939
1987 1.9416974596460168
1988 1.9416974596460168
1989 1.8939731501718675
1990 1.8939731501718675
1991 1.1318418252312548
1992 1.1318418252312548
1993 0.9226917093610407
1994 0.9226917093610407
1995 2.292431542749414
1996 2.292431542749414
1997 2.147304448280672
1998 2.147304448280672
1999 2.7653800406445495
