0 1.7786673338056551
1 1.7786673338056551
2 1.7786673338056551
3 1.7786673338056551
4 1.7786673338056551
5 1.4746888635725335
6 1.4746888635725335
7 1.4746888635725335
8 1.4746888635725335
9 1.4746888635725335
10 1.3275597227444031
11 1.3275597227444031
12 1.3275597227444031
13 1.3275597227444031
14 1.3275597227444031
15 1.8064878352844311
16 1.8064878352844311
17 1.8064878352844311
18 1.8064878352844311
19 1.8064878352844311
20 1.3530352402661308
21 1.3530352402661308
22 1.3530352402661308
23 1.3530352402661308
24 1.3530352402661308
25 1.5442532397593434
26 1.5442532397593434
27 1.5442532397593434
28 1.5442532397593434
29 1.5442532397593434
30 1.426547833766757
31 1.426547833766757
32 1.426547833766757
33 1.426547833766757
34 1.426547833766757
35 1.6850611309350398
36 1.6850611309350398
37 1.6850611309350398
38 1.6850611309350398
39 1.6850611309350398
40 1.356750276793721
41 2.0827040172572344
42 2.0827040172572344
43 2.0827040172572344
44 2.0827040172572344
45 2.0827040172572344
46 1.7882888303158293
47 1.7882888303158293
48 1.7882888303158293
49 1.7882888303158293
50 1.7882888303158293
51 1.8045200106614696
52 1.8045200106614696
53 1.8045200106614696
54 1.8045200106614696
55 1.8045200106614696
56 1.919311941933535
57 1.919311941933535
58 1.919311941933535
59 1.919311941933535
60 1.919311941933535
61 0.4907749554028873
62 0.4907749554028873
63 0.4907749554028873
64 0.4907749554028873
65 0.4907749554028873
66 0.7222242390379048
67 0.7222242390379048
68 0.7222242390379048
69 2.5141223747330934
70 2.5141223747330934
71 2.5141223747330934
72 2.5141223747330934
73 2.5141223747330934
74 2.8224110440734074
75 2.8224110440734074
76 2.8224110440734074
77 2.8224110440734074
78 2.8224110440734074
79 2.196094650388865
80 2.196094650388865
81 2.196094650388865
82 2.196094650388865
83 2.196094650388865
84 3.2023701504874817
85 3.2023701504874817
86 3.2023701504874817
87 3.2023701504874817
88 3.2023701504874817
89 2.433363102026677
90 2.433363102026677
91 2.433363102026677
92 2.433363102026677
93 2.433363102026677
94 3.232217669229029
95 3.232217669229029
96 3.232217669229029
97 3.232217669229029
98 3.232217669229029
99 3.5129299089338475
100 3.5129299089338475
101 3.5129299089338475
102 3.5129299089338475
103 3.5129299089338475
104 2.5534755049664946
105 2.5534755049664946
106 2.5534755049664946
107 4.700869972164901
108 4.700869972164901
109 4.700869972164901
110 4.700869972164901
111 4.700869972164901
112 3.6186669318722515
113 3.6186669318722515
114 3.6186669318722515
115 3.6186669318722515
116 3.6186669318722515
117 3.3895685520642225
118 3.3895685520642225
119 2.732345777877435
120 2.732345777877435
121 2.732345777877435
122 2.732345777877435
123 2.732345777877435
124 2.634732753932303
125 2.634732753932303
126 2.634732753932303
127 2.634732753932303
128 2.634732753932303
129 2.188391072967445
130 2.188391072967445
131 2.188391072967445
132 2.188391072967445
133 2.188391072967445
134 2.832422644564005
135 2.832422644564005
136 2.832422644564005
137 2.832422644564005
138 2.832422644564005
139 2.6223976981661856
140 2.6223976981661856
141 2.6223976981661856
142 2.6223976981661856
143 2.6223976981661856
144 2.8820450836908984
145 2.8820450836908984
146 2.8820450836908984
147 2.8820450836908984
148 2.8820450836908984
149 2.3528080286332376
150 2.3528080286332376
151 2.3528080286332376
152 2.3528080286332376
153 2.3528080286332376
154 3.7195288152586685
155 3.7195288152586685
156 3.7195288152586685
157 3.7195288152586685
158 3.7195288152586685
159 1.8231530680629775
160 1.8231530680629775
161 1.8231530680629775
162 1.8231530680629775
163 1.8231530680629775
164 3.3441654138915773
165 3.3441654138915773
166 3.3441654138915773
167 3.3441654138915773
168 3.3441654138915773
169 2.890854477885005
170 2.890854477885005
171 2.890854477885005
172 2.890854477885005
173 2.890854477885005
174 2.144145421282055
175 2.144145421282055
176 2.144145421282055
177 2.144145421282055
178 2.144145421282055
179 2.4732053679775174
180 2.4732053679775174
181 2.4732053679775174
182 2.4732053679775174
183 2.4732053679775174
184 3.0831938587775114
185 3.0831938587775114
186 3.0831938587775114
187 3.0831938587775114
188 3.0831938587775114
189 3.208345816842704
190 3.208345816842704
191 3.208345816842704
192 3.208345816842704
193 3.208345816842704
194 2.475211296920075
195 2.475211296920075
196 2.475211296920075
197 2.475211296920075
198 2.475211296920075
199 1.6617597135342277
200 1.6617597135342277
201 1.6617597135342277
202 1.6617597135342277
203 1.6617597135342277
204 2.6289839439360576
205 2.6289839439360576
206 2.6289839439360576
207 2.6289839439360576
208 2.6289839439360576
209 1.9810266696004761
210 1.9810266696004761
211 1.9810266696004761
212 1.9810266696004761
213 1.9810266696004761
214 1.6253232962548017
215 1.6253232962548017
216 1.6253232962548017
217 1.6253232962548017
218 1.6253232962548017
219 1.9447008541498463
220 1.9447008541498463
221 1.9447008541498463
222 0.15545768807165983
223 0.15545768807165983
224 0.15545768807165983
225 0.15545768807165983
226 0.15545768807165983
227 0.20444488085117157
228 0.20444488085117157
229 0.20444488085117157
230 0.20444488085117157
231 0.20444488085117157
232 0.13716129146192008
233 0.13716129146192008
234 0.13716129146192008
235 0.13716129146192008
236 0.13716129146192008
237 0.18661493744813304
238 0.18661493744813304
239 0.18661493744813304
240 0.18661493744813304
241 0.18661493744813304
242 0.22158652512819701
243 0.22158652512819701
244 0.22158652512819701
245 0.22158652512819701
246 0.22158652512819701
247 0.16016576841901464
248 0.16016576841901464
249 0.16016576841901464
250 0.16016576841901464
251 0.16016576841901464
252 0.24510876963590678
253 0.24510876963590678
254 0.24510876963590678
255 0.24510876963590678
256 0.24510876963590678
257 0.2399907034122084
258 0.2399907034122084
259 0.2399907034122084
260 0.2399907034122084
261 0.2399907034122084
262 0.1711458024804967
263 2.0565574413610928
264 2.0565574413610928
265 2.0565574413610928
266 2.0565574413610928
267 2.0565574413610928
268 3.1849496154306474
269 3.1849496154306474
270 3.1849496154306474
271 3.1849496154306474
272 3.1849496154306474
273 2.5539063647032774
274 2.5539063647032774
275 2.5539063647032774
276 2.5539063647032774
277 3.751069477019213
278 3.751069477019213
279 3.751069477019213
280 3.751069477019213
281 3.751069477019213
282 3.3792642678378617
283 3.3792642678378617
284 3.3792642678378617
285 3.3792642678378617
286 3.3792642678378617
287 3.561404378053374
288 3.561404378053374
289 3.561404378053374
290 3.561404378053374
291 3.561404378053374
292 2.959045668848506
293 2.959045668848506
294 2.959045668848506
295 2.959045668848506
296 2.959045668848506
297 3.5972641095313147
298 3.5972641095313147
299 3.5972641095313147
300 3.5972641095313147
301 3.5972641095313147
302 2.174099663632029
303 2.174099663632029
304 2.174099663632029
305 2.174099663632029
306 2.174099663632029
307 4.001028533539573
308 4.001028533539573
309 4.001028533539573
310 4.001028533539573
311 4.001028533539573
312 3.7560531768517613
313 3.7560531768517613
314 3.7560531768517613
315 3.7560531768517613
316 3.7560531768517613
317 3.3363430134928587
318 3.3363430134928587
319 3.3363430134928587
320 3.3363430134928587
321 3.3363430134928587
322 2.7328282340147183
323 2.7328282340147183
324 2.7328282340147183
325 2.7328282340147183
326 2.7328282340147183
327 4.26412349819124
328 4.26412349819124
329 4.26412349819124
330 4.26412349819124
331 4.26412349819124
332 2.652761341736115
333 2.652761341736115
334 2.652761341736115
335 2.652761341736115
336 2.652761341736115
337 3.0965940096477493
338 3.0965940096477493
339 3.0965940096477493
340 3.0965940096477493
341 3.0965940096477493
342 3.260390384100318
343 3.260390384100318
344 3.260390384100318
345 3.260390384100318
346 3.260390384100318
347 3.2126950110120758
348 3.2126950110120758
349 3.2126950110120758
350 3.2126950110120758
351 3.2126950110120758
352 3.615663126081811
353 3.615663126081811
354 3.615663126081811
355 3.615663126081811
356 3.615663126081811
357 3.4634441283566035
358 3.4634441283566035
359 3.4634441283566035
360 3.4634441283566035
361 3.4634441283566035
362 2.782046377563948
363 1.5257699840875965
364 1.5257699840875965
365 1.5257699840875965
366 1.5257699840875965
367 1.5257699840875965
368 1.4931552218007136
369 1.4931552218007136
370 1.4931552218007136
371 1.4931552218007136
372 1.4931552218007136
373 3.7807311283238842
374 3.7807311283238842
375 3.7807311283238842
376 3.7807311283238842
377 3.7807311283238842
378 3.5402125061188623
379 3.5402125061188623
380 3.5402125061188623
381 3.5402125061188623
382 3.5402125061188623
383 3.726432279114909
384 3.726432279114909
385 3.726432279114909
386 3.726432279114909
387 3.726432279114909
388 3.5959604661935964
389 3.5959604661935964
390 3.5959604661935964
391 3.5959604661935964
392 3.5959604661935964
393 2.456291642085953
394 2.456291642085953
395 2.456291642085953
396 2.456291642085953
397 2.456291642085953
398 3.744387069807139
399 3.744387069807139
400 3.744387069807139
401 3.744387069807139
402 3.744387069807139
403 4.1524773724400115
404 4.1524773724400115
405 4.1524773724400115
406 4.1524773724400115
407 4.1524773724400115
408 2.5502258538491556
409 2.5502258538491556
410 2.5502258538491556
411 2.5502258538491556
412 2.5502258538491556
413 4.426675859658102
414 0.9453216448631577
415 0.9453216448631577
416 0.9453216448631577
417 0.9453216448631577
418 0.9453216448631577
419 0.9879600043779793
420 0.9879600043779793
421 0.9879600043779793
422 0.9879600043779793
423 0.9879600043779793
424 1.2144810328080973
425 1.2144810328080973
426 1.2144810328080973
427 1.2144810328080973
428 1.2144810328080973
429 1.1054194247686484
430 1.1054194247686484
431 1.1054194247686484
432 1.1054194247686484
433 1.1054194247686484
434 0.7676431245989649
435 0.7676431245989649
436 0.7676431245989649
437 0.7676431245989649
438 0.7676431245989649
439 1.3356890838882973
440 1.3356890838882973
441 1.3356890838882973
442 1.3356890838882973
443 1.3356890838882973
444 1.0482771124986734
445 1.0482771124986734
446 1.0482771124986734
447 1.0482771124986734
448 1.0482771124986734
449 1.2165198636107868
450 1.2165198636107868
451 1.2165198636107868
452 1.2165198636107868
453 1.2165198636107868
454 1.1266638955360215
455 1.1266638955360215
456 1.1266638955360215
457 1.1266638955360215
458 1.1266638955360215
459 1.1642577450622398
460 1.1642577450622398
461 1.1642577450622398
462 1.1642577450622398
463 1.1642577450622398
464 2.6456798008715574
465 2.6456798008715574
466 2.6456798008715574
467 2.6456798008715574
468 2.6456798008715574
469 1.985368931665134
470 1.985368931665134
471 1.985368931665134
472 1.985368931665134
473 1.985368931665134
474 1.539869461414074
475 1.539869461414074
476 1.539869461414074
477 1.539869461414074
478 1.539869461414074
479 2.643034043771376
480 2.643034043771376
481 2.643034043771376
482 2.643034043771376
483 2.643034043771376
484 1.8553769252320294
485 1.8553769252320294
486 1.8553769252320294
487 1.8553769252320294
488 1.8553769252320294
489 1.7891895968992826
490 1.7891895968992826
491 1.7891895968992826
492 1.7891895968992826
493 1.7891895968992826
494 2.130996465155822
495 2.130996465155822
496 2.130996465155822
497 2.130996465155822
498 2.130996465155822
499 1.7555262675911316
500 1.7555262675911316
501 1.7555262675911316
502 1.7555262675911316
503 2.676592510639332
504 2.676592510639332
505 2.676592510639332
506 2.676592510639332
507 2.676592510639332
508 3.153173188446742
509 3.153173188446742
510 3.153173188446742
511 3.153173188446742
512 3.153173188446742
513 2.5498625269335027
514 2.5498625269335027
515 2.5498625269335027
516 2.5498625269335027
517 2.5498625269335027
518 2.5967359352265587
519 2.5967359352265587
520 2.5967359352265587
521 2.5967359352265587
522 2.5967359352265587
523 2.307826962677393
524 2.307826962677393
525 2.307826962677393
526 2.307826962677393
527 2.307826962677393
528 2.07883014874006
529 2.07883014874006
530 2.07883014874006
531 2.07883014874006
532 2.07883014874006
533 2.673020640602064
534 2.673020640602064
535 2.673020640602064
536 2.673020640602064
537 2.673020640602064
538 2.1201805015446076
539 2.1201805015446076
540 2.1201805015446076
541 2.1201805015446076
542 2.1201805015446076
543 2.9181425658586746
544 2.9181425658586746
545 2.9181425658586746
546 2.9181425658586746
547 2.9181425658586746
548 2.7855143376940594
549 2.7855143376940594
550 0.5658859878435146
551 0.5658859878435146
552 0.5658859878435146
553 0.5658859878435146
554 0.5658859878435146
555 0.4857306428355524
556 0.4857306428355524
557 0.4857306428355524
558 0.4857306428355524
559 0.4857306428355524
560 0.682226603619401
561 0.682226603619401
562 0.682226603619401
563 0.682226603619401
564 0.682226603619401
565 0.5976594636401195
566 0.5976594636401195
567 0.5976594636401195
568 0.5976594636401195
569 0.5976594636401195
570 1.2997377273603352
571 1.2997377273603352
572 1.2997377273603352
573 1.2997377273603352
574 1.2997377273603352
575 1.4079232496658554
576 1.4079232496658554
577 1.4079232496658554
578 1.4079232496658554
579 1.4079232496658554
580 1.2415511748982293
581 1.2415511748982293
582 1.2415511748982293
583 1.2415511748982293
584 1.2415511748982293
585 1.541432345323991
586 1.541432345323991
587 1.541432345323991
588 1.541432345323991
589 1.541432345323991
590 1.2639439603749036
591 1.2639439603749036
592 2.957924207309123
593 2.957924207309123
594 2.957924207309123
595 2.957924207309123
596 2.957924207309123
597 3.692936297876401
598 3.692936297876401
599 3.692936297876401
600 3.692936297876401
601 3.692936297876401
602 3.468858390731441
603 3.468858390731441
604 3.468858390731441
605 3.468858390731441
606 3.468858390731441
607 3.2840120064591436
608 3.2840120064591436
609 3.2840120064591436
610 3.2840120064591436
611 3.2840120064591436
612 2.6224279160728
613 2.6224279160728
614 2.6224279160728
615 2.6224279160728
616 2.6224279160728
617 2.889670304954612
618 2.889670304954612
619 2.889670304954612
620 2.889670304954612
621 2.889670304954612
622 3.170526749609807
623 3.170526749609807
624 3.170526749609807
625 3.170526749609807
626 3.170526749609807
627 4.031772003503168
628 4.031772003503168
629 4.031772003503168
630 4.031772003503168
631 4.031772003503168
632 3.383979419101692
633 3.383979419101692
634 3.383979419101692
635 3.383979419101692
636 3.383979419101692
637 2.6187445577744026
638 2.1803458919214758
639 2.1803458919214758
640 2.1803458919214758
641 2.1803458919214758
642 2.1803458919214758
643 2.2352286763591898
644 2.2352286763591898
645 2.2352286763591898
646 0.6554929960733366
647 0.6554929960733366
648 0.6554929960733366
649 0.6554929960733366
650 0.6554929960733366
651 0.625478866880645
652 0.625478866880645
653 0.625478866880645
654 0.625478866880645
655 0.625478866880645
656 0.8480992683863573
657 0.8480992683863573
658 0.8480992683863573
659 0.8480992683863573
660 0.8480992683863573
661 0.4005566122981634
662 0.4005566122981634
663 0.4005566122981634
664 0.4005566122981634
665 0.4005566122981634
666 0.6627700408760349
667 0.6627700408760349
668 0.6627700408760349
669 0.6627700408760349
670 0.6627700408760349
671 0.7237578476645159
672 0.7237578476645159
673 0.7237578476645159
674 0.7237578476645159
675 1.5301049750250149
676 1.5301049750250149
677 1.5301049750250149
678 1.5301049750250149
679 1.5301049750250149
680 1.5795072745213303
681 1.5795072745213303
682 1.5795072745213303
683 1.5795072745213303
684 1.5795072745213303
685 1.4537791100345792
686 1.4537791100345792
687 1.4537791100345792
688 1.4537791100345792
689 1.4537791100345792
690 1.7027420867593288
691 1.7027420867593288
692 1.7027420867593288
693 1.7027420867593288
694 1.7027420867593288
695 1.0339728622676527
696 1.0339728622676527
697 1.0339728622676527
698 1.0339728622676527
699 1.0339728622676527
700 1.6683790835700223
701 1.6683790835700223
702 1.6683790835700223
703 1.6683790835700223
704 1.6683790835700223
705 1.3809197164068818
706 1.3809197164068818
707 1.3809197164068818
708 1.3809197164068818
709 1.3809197164068818
710 1.3191777488785945
711 1.3191777488785945
712 1.3191777488785945
713 1.3191777488785945
714 1.3191777488785945
715 1.3124489156274541
716 1.3124489156274541
717 1.3124489156274541
718 1.3124489156274541
719 1.3124489156274541
720 1.4234861143563826
721 1.4234861143563826
722 1.4234861143563826
723 1.4234861143563826
724 1.4234861143563826
725 1.3866456890977201
726 2.7960281057415113
727 2.7960281057415113
728 2.7960281057415113
729 2.7960281057415113
730 2.7960281057415113
731 3.1948942254172423
732 3.1948942254172423
733 3.1948942254172423
734 3.1948942254172423
735 3.1948942254172423
736 3.8280020101507732
737 3.8280020101507732
738 3.8280020101507732
739 3.8280020101507732
740 3.8280020101507732
741 5.05780780742648
742 5.05780780742648
743 5.05780780742648
744 5.05780780742648
745 5.05780780742648
746 4.546054917873661
747 4.546054917873661
748 4.546054917873661
749 4.546054917873661
750 4.546054917873661
751 4.438267962631668
752 4.438267962631668
753 4.438267962631668
754 4.438267962631668
755 4.438267962631668
756 3.649550699091336
757 3.649550699091336
758 3.649550699091336
759 3.649550699091336
760 3.649550699091336
761 3.478757163836424
762 3.478757163836424
763 3.478757163836424
764 3.478757163836424
765 3.478757163836424
766 3.6572641166099737
767 3.6572641166099737
768 3.6572641166099737
769 3.6572641166099737
770 3.6572641166099737
771 2.923974962433286
772 2.923974962433286
773 3.541343389222171
774 3.541343389222171
775 3.541343389222171
776 3.541343389222171
777 3.541343389222171
778 3.0025244530480526
779 3.0025244530480526
780 3.0025244530480526
781 3.0025244530480526
782 3.0025244530480526
783 3.631074455456526
784 3.631074455456526
785 3.631074455456526
786 3.631074455456526
787 3.631074455456526
788 3.881065993968164
789 3.881065993968164
790 3.881065993968164
791 3.881065993968164
792 3.881065993968164
793 3.1677005095208557
794 3.1677005095208557
795 3.1677005095208557
796 3.1677005095208557
797 3.1677005095208557
798 2.2264354500825276
799 2.2264354500825276
800 2.2264354500825276
801 2.2264354500825276
802 2.2264354500825276
803 3.111700659375295
804 3.111700659375295
805 3.111700659375295
806 3.111700659375295
807 3.111700659375295
808 2.8230644454908775
809 2.8230644454908775
810 2.8230644454908775
811 2.8230644454908775
812 2.8230644454908775
813 3.774819350339128
814 3.774819350339128
815 3.774819350339128
816 3.774819350339128
817 3.774819350339128
818 2.6146497142004312
819 2.6146497142004312
820 2.6146497142004312
821 2.6146497142004312
822 2.6146497142004312
823 2.788062876748602
824 2.788062876748602
825 2.788062876748602
826 1.7356756755809848
827 1.7356756755809848
828 1.7356756755809848
829 1.7356756755809848
830 1.7356756755809848
831 1.260785516135953
832 1.260785516135953
833 1.260785516135953
834 1.260785516135953
835 1.260785516135953
836 1.7857168447474738
837 1.7857168447474738
838 1.7857168447474738
839 1.7857168447474738
840 1.7857168447474738
841 1.5919607244666856
842 1.5919607244666856
843 1.5919607244666856
844 1.5919607244666856
845 1.5919607244666856
846 1.4064475563449301
847 1.4064475563449301
848 1.4064475563449301
849 1.4064475563449301
850 1.4064475563449301
851 1.4456976318561083
852 1.4456976318561083
853 1.4456976318561083
854 1.4456976318561083
855 1.4456976318561083
856 1.428215814453881
857 2.6020063668852345
858 2.6020063668852345
859 2.6020063668852345
860 2.6020063668852345
861 2.6020063668852345
862 1.729081710128185
863 1.729081710128185
864 1.729081710128185
865 1.729081710128185
866 1.729081710128185
867 2.874981369808654
868 2.874981369808654
869 2.874981369808654
870 2.874981369808654
871 2.874981369808654
872 2.717790099995405
873 2.717790099995405
874 2.717790099995405
875 2.717790099995405
876 2.717790099995405
877 2.4275462014761793
878 2.4275462014761793
879 2.4275462014761793
880 2.4275462014761793
881 2.4275462014761793
882 2.2671664355441448
883 2.2671664355441448
884 2.2671664355441448
885 2.2671664355441448
886 2.2671664355441448
887 2.4735553653964426
888 2.4735553653964426
889 2.4735553653964426
890 2.4735553653964426
891 2.4735553653964426
892 2.5000328958901625
893 0.6297515607703115
894 0.6297515607703115
895 0.6297515607703115
896 0.6297515607703115
897 0.6297515607703115
898 0.6634551730821469
899 0.6634551730821469
900 0.6634551730821469
901 0.6634551730821469
902 0.6634551730821469
903 0.5450926152968574
904 0.5450926152968574
905 0.5450926152968574
906 0.5450926152968574
907 0.5450926152968574
908 0.7163086941350183
909 0.7163086941350183
910 0.7163086941350183
911 0.7163086941350183
912 0.7163086941350183
913 0.7498700342306711
914 0.7498700342306711
915 0.7498700342306711
916 0.7498700342306711
917 0.7498700342306711
918 0.6441264607426177
919 0.6441264607426177
920 0.6441264607426177
921 0.6441264607426177
922 0.6441264607426177
923 0.5500231451813974
924 0.5500231451813974
925 0.5500231451813974
926 0.5500231451813974
927 0.5500231451813974
928 0.7092234727824906
929 0.7092234727824906
930 0.7092234727824906
931 0.7092234727824906
932 0.7092234727824906
933 0.8032602662180608
934 0.8032602662180608
935 0.8032602662180608
936 0.8032602662180608
937 0.8032602662180608
938 0.571251335021189
939 0.571251335021189
940 0.571251335021189
941 0.571251335021189
942 0.571251335021189
943 0.6501707870768604
944 0.6501707870768604
945 0.6501707870768604
946 0.6501707870768604
947 0.6501707870768604
948 0.7568547769600616
949 0.7568547769600616
950 0.7568547769600616
951 0.7568547769600616
952 0.7568547769600616
953 0.7682583048539767
954 0.7682583048539767
955 0.7682583048539767
956 0.7682583048539767
957 0.7682583048539767
958 0.6730528066404291
959 0.6730528066404291
960 0.6730528066404291
961 0.6730528066404291
962 0.6730528066404291
963 0.7039403669925024
964 0.7039403669925024
965 0.7039403669925024
966 0.7039403669925024
967 0.7039403669925024
968 0.7755785099898166
969 0.7755785099898166
970 0.7755785099898166
971 0.7755785099898166
972 0.7755785099898166
973 0.4822228369508703
974 0.4822228369508703
975 0.4822228369508703
976 0.4822228369508703
977 0.4822228369508703
978 0.809651310814584
979 0.809651310814584
980 0.809651310814584
981 0.809651310814584
982 0.809651310814584
983 0.7707877328384833
984 0.7707877328384833
985 0.7707877328384833
986 0.7707877328384833
987 0.7707877328384833
988 0.5357237311228107
989 0.5357237311228107
990 0.5357237311228107
991 0.5357237311228107
992 0.5357237311228107
993 0.7919317066469926
994 0.7919317066469926
995 0.7919317066469926
996 0.7919317066469926
997 0.7919317066469926
998 0.7339239870403723
999 0.7339239870403723
1000 0.7339239870403723
1001 0.7339239870403723
1002 0.7339239870403723
1003 0.7944810674750118
1004 0.7944810674750118
1005 0.7944810674750118
1006 0.7944810674750118
1007 0.7944810674750118
1008 0.659920093560794
1009 0.659920093560794
1010 0.659920093560794
1011 0.659920093560794
1012 0.659920093560794
1013 0.41947363280976846
1014 0.41947363280976846
1015 0.41947363280976846
1016 0.41947363280976846
1017 0.41947363280976846
1018 0.37741865207325587
1019 0.37741865207325587
1020 0.37741865207325587
1021 0.37741865207325587
1022 0.37741865207325587
1023 0.6300878426415253
1024 0.6300878426415253
1025 0.6300878426415253
1026 0.6300878426415253
1027 0.6300878426415253
1028 0.5978981694044513
1029 0.5978981694044513
1030 0.5978981694044513
1031 0.5978981694044513
1032 0.5978981694044513
1033 0.7490956404669719
1034 0.7490956404669719
1035 0.7490956404669719
1036 0.7490956404669719
1037 0.7490956404669719
1038 0.40533985803054323
1039 0.40533985803054323
1040 0.40533985803054323
1041 0.40533985803054323
1042 0.40533985803054323
1043 0.574362825546711
1044 0.574362825546711
1045 0.574362825546711
1046 0.574362825546711
1047 0.574362825546711
1048 0.6006837211929386
1049 0.6006837211929386
1050 0.6006837211929386
1051 0.6006837211929386
1052 0.6006837211929386
1053 0.7786713741201432
1054 0.7786713741201432
1055 0.7786713741201432
1056 1.7868544518707985
1057 1.7868544518707985
1058 1.7868544518707985
1059 1.7868544518707985
1060 1.7868544518707985
1061 1.096737636324475
1062 1.096737636324475
1063 1.096737636324475
1064 1.096737636324475
1065 1.096737636324475
1066 1.2557669612014262
1067 1.2557669612014262
1068 1.2557669612014262
1069 1.2557669612014262
1070 1.2557669612014262
1071 1.3430129456121407
1072 1.3430129456121407
1073 1.3430129456121407
1074 1.3430129456121407
1075 1.3430129456121407
1076 1.6912529611280855
1077 1.6912529611280855
1078 1.6912529611280855
1079 1.6912529611280855
1080 1.6912529611280855
1081 1.9231962433977894
1082 1.9231962433977894
1083 1.9231962433977894
1084 1.9231962433977894
1085 1.9231962433977894
1086 1.624894226661345
1087 1.624894226661345
1088 1.624894226661345
1089 1.624894226661345
1090 1.624894226661345
1091 1.8858923747119647
1092 1.8858923747119647
1093 1.8858923747119647
1094 1.8858923747119647
1095 1.8858923747119647
1096 1.4299409712913085
1097 1.4299409712913085
1098 1.4299409712913085
1099 1.4299409712913085
1100 1.4299409712913085
1101 1.6282830830918742
1102 1.6282830830918742
1103 1.6282830830918742
1104 1.6282830830918742
1105 1.6282830830918742
1106 2.063045317957327
1107 2.063045317957327
1108 2.063045317957327
1109 2.063045317957327
1110 2.063045317957327
1111 1.5718364810727952
1112 1.5718364810727952
1113 1.5718364810727952
1114 1.5718364810727952
1115 1.5718364810727952
1116 1.604610612956198
1117 1.604610612956198
1118 1.604610612956198
1119 1.604610612956198
1120 1.604610612956198
1121 1.8153347460064218
1122 1.8153347460064218
1123 1.8153347460064218
1124 1.8153347460064218
1125 1.8153347460064218
1126 2.253987506393355
1127 2.253987506393355
1128 2.253987506393355
1129 2.253987506393355
1130 2.253987506393355
1131 1.2756732428338697
1132 1.2756732428338697
1133 1.2756732428338697
1134 1.2756732428338697
1135 1.2756732428338697
1136 1.9623742517468516
1137 1.9623742517468516
1138 1.9623742517468516
1139 1.9623742517468516
1140 1.9623742517468516
1141 1.4042651811051305
1142 1.4042651811051305
1143 1.4042651811051305
1144 1.4042651811051305
1145 1.4042651811051305
1146 1.8882186201741802
1147 1.8882186201741802
1148 1.8882186201741802
1149 1.8882186201741802
1150 1.8882186201741802
1151 1.3148610588681526
1152 1.3148610588681526
1153 1.3148610588681526
1154 1.3148610588681526
1155 1.3148610588681526
1156 1.2021381034267695
1157 1.2021381034267695
1158 1.2021381034267695
1159 1.2021381034267695
1160 1.2021381034267695
1161 1.9122404912103574
1162 1.9122404912103574
1163 1.9122404912103574
1164 1.9122404912103574
1165 1.9122404912103574
1166 1.364892500051793
1167 1.364892500051793
1168 1.364892500051793
1169 1.364892500051793
1170 3.4528236599507
1171 3.4528236599507
1172 3.4528236599507
1173 3.4528236599507
1174 3.4528236599507
1175 2.772803504834724
1176 2.772803504834724
1177 2.772803504834724
1178 2.772803504834724
1179 2.772803504834724
1180 3.1620812344250195
1181 3.1620812344250195
1182 3.1620812344250195
1183 3.1620812344250195
1184 3.1620812344250195
1185 2.739241094010359
1186 2.739241094010359
1187 2.739241094010359
1188 2.739241094010359
1189 2.739241094010359
1190 3.228950717087976
1191 3.228950717087976
1192 3.228950717087976
1193 3.228950717087976
1194 3.228950717087976
1195 3.054588748224638
1196 3.054588748224638
1197 3.054588748224638
1198 3.054588748224638
1199 3.054588748224638
1200 3.2304013680739487
1201 3.2304013680739487
1202 0.5811340860268568
1203 0.5811340860268568
1204 0.5811340860268568
1205 0.5811340860268568
1206 0.5811340860268568
1207 0.7625640647392512
1208 0.7625640647392512
1209 0.7625640647392512
1210 0.7625640647392512
1211 0.7625640647392512
1212 0.6151272783247966
1213 0.6151272783247966
1214 0.6151272783247966
1215 0.6151272783247966
1216 0.6151272783247966
1217 0.706885595652544
1218 0.706885595652544
1219 0.706885595652544
1220 0.706885595652544
1221 0.706885595652544
1222 0.5846358490869035
1223 0.5846358490869035
1224 0.5846358490869035
1225 0.5846358490869035
1226 0.18160639202110138
1227 0.18160639202110138
1228 0.18160639202110138
1229 0.18160639202110138
1230 0.18160639202110138
1231 0.22002604499423997
1232 0.22002604499423997
1233 0.22002604499423997
1234 0.22002604499423997
1235 0.22002604499423997
1236 0.2320347710336514
1237 0.2320347710336514
1238 0.2320347710336514
1239 0.2320347710336514
1240 0.2320347710336514
1241 0.21608855357388967
1242 0.21608855357388967
1243 0.21608855357388967
1244 0.21608855357388967
1245 0.21608855357388967
1246 0.21440938617479052
1247 3.1296441911177104
1248 3.1296441911177104
1249 3.1296441911177104
1250 3.1296441911177104
1251 3.1296441911177104
1252 3.3784932428371865
1253 3.3784932428371865
1254 3.3784932428371865
1255 3.3784932428371865
1256 3.3784932428371865
1257 2.853228082590868
1258 2.853228082590868
1259 2.853228082590868
1260 2.853228082590868
1261 2.853228082590868
1262 3.213566355444378
1263 3.213566355444378
1264 3.213566355444378
1265 3.213566355444378
1266 3.213566355444378
1267 2.1555583174343047
1268 2.1555583174343047
1269 2.1555583174343047
1270 2.1555583174343047
1271 2.1555583174343047
1272 4.763944447755085
1273 4.763944447755085
1274 4.763944447755085
1275 4.763944447755085
1276 4.763944447755085
1277 3.4243048478176803
1278 3.4243048478176803
1279 3.4243048478176803
1280 3.4243048478176803
1281 3.4243048478176803
1282 1.4904067793035014
1283 1.4904067793035014
1284 1.4904067793035014
1285 1.4904067793035014
1286 1.4904067793035014
1287 1.673623002014378
1288 1.673623002014378
1289 1.673623002014378
1290 1.673623002014378
1291 1.673623002014378
1292 1.5490325107473564
1293 1.5490325107473564
1294 1.5490325107473564
1295 1.5490325107473564
1296 1.5490325107473564
1297 1.3235957771724889
1298 1.3235957771724889
1299 1.3235957771724889
1300 1.3235957771724889
1301 4.9552882948249986
1302 4.9552882948249986
1303 4.9552882948249986
1304 4.9552882948249986
1305 4.9552882948249986
1306 4.35781398967218
1307 4.35781398967218
1308 4.35781398967218
1309 4.35781398967218
1310 4.35781398967218
1311 3.2577774740451235
1312 3.2577774740451235
1313 3.2577774740451235
1314 3.2577774740451235
1315 3.2577774740451235
1316 4.46024128652101
1317 4.46024128652101
1318 4.46024128652101
1319 4.46024128652101
1320 4.46024128652101
1321 0.6182901082743703
1322 0.6182901082743703
1323 2.21402476292124
1324 2.21402476292124
1325 2.21402476292124
1326 2.21402476292124
1327 1.1362085192688214
1328 1.1362085192688214
1329 1.1362085192688214
1330 1.1362085192688214
1331 1.1362085192688214
1332 1.2785278178589394
1333 1.2785278178589394
1334 1.2785278178589394
1335 1.2785278178589394
1336 1.2785278178589394
1337 0.9044739504465614
1338 0.9044739504465614
1339 0.9044739504465614
1340 0.9044739504465614
1341 0.9044739504465614
1342 1.3017309705303408
1343 1.3017309705303408
1344 1.3017309705303408
1345 1.3017309705303408
1346 1.3017309705303408
1347 1.033528740241863
1348 1.033528740241863
1349 1.033528740241863
1350 1.033528740241863
1351 3.738453415019871
1352 3.738453415019871
1353 3.738453415019871
1354 3.738453415019871
1355 3.738453415019871
1356 3.2506104215571243
1357 3.2506104215571243
1358 3.2506104215571243
1359 3.2506104215571243
1360 3.2506104215571243
1361 3.532366607046254
1362 3.532366607046254
1363 3.532366607046254
1364 3.532366607046254
1365 3.532366607046254
1366 3.2153490133903744
1367 3.2153490133903744
1368 4.787743411629988
1369 4.787743411629988
1370 4.787743411629988
1371 4.787743411629988
1372 4.787743411629988
1373 3.095687333207205
1374 3.095687333207205
1375 3.095687333207205
1376 3.095687333207205
1377 3.095687333207205
1378 4.027560163026993
1379 4.027560163026993
1380 1.8279353383514767
1381 1.8279353383514767
1382 1.8279353383514767
1383 1.8279353383514767
1384 1.8279353383514767
1385 1.7358802744335167
1386 1.7358802744335167
1387 1.7358802744335167
1388 1.7358802744335167
1389 1.7358802744335167
1390 1.852433094757732
1391 1.852433094757732
1392 1.852433094757732
1393 0.1594154726612318
1394 0.1594154726612318
1395 0.1594154726612318
1396 0.1594154726612318
1397 0.1594154726612318
1398 0.19116219000663404
1399 0.19116219000663404
1400 0.19116219000663404
1401 0.19116219000663404
1402 0.19116219000663404
1403 0.17016924456074478
1404 0.17016924456074478
1405 0.17016924456074478
1406 0.17016924456074478
1407 0.17016924456074478
1408 0.16642901790497355
1409 0.16642901790497355
1410 0.16642901790497355
1411 0.16642901790497355
1412 0.16642901790497355
1413 0.20720014384673197
1414 0.20720014384673197
1415 0.20720014384673197
1416 0.20720014384673197
1417 0.20720014384673197
1418 0.15608803314650438
1419 0.15608803314650438
1420 0.15608803314650438
1421 0.15608803314650438
1422 0.15608803314650438
1423 0.22564906465137546
1424 0.22564906465137546
1425 0.22564906465137546
1426 0.22564906465137546
1427 0.22564906465137546
1428 0.22896536403332746
1429 0.22896536403332746
1430 0.22896536403332746
1431 0.22896536403332746
1432 0.22896536403332746
1433 0.201170557920479
1434 0.201170557920479
1435 0.201170557920479
1436 0.201170557920479
1437 0.201170557920479
1438 0.18400737358936645
1439 0.18400737358936645
1440 0.18400737358936645
1441 0.18400737358936645
1442 0.18400737358936645
1443 0.1852453199200032
1444 0.1852453199200032
1445 0.1852453199200032
1446 0.1852453199200032
1447 0.1852453199200032
1448 0.17047623469971718
1449 0.17047623469971718
1450 0.17047623469971718
1451 0.17047623469971718
1452 0.17047623469971718
1453 0.1933814393551031
1454 0.1933814393551031
1455 0.1933814393551031
1456 0.1933814393551031
1457 0.1933814393551031
1458 0.22946594903804712
1459 0.22946594903804712
1460 0.22946594903804712
1461 0.22946594903804712
1462 0.22946594903804712
1463 0.2371954808395995
1464 0.2371954808395995
1465 0.2371954808395995
1466 0.2371954808395995
1467 0.5481980871209018
1468 0.5481980871209018
1469 0.5481980871209018
1470 0.5481980871209018
1471 0.5481980871209018
1472 0.6841893275886187
1473 0.6841893275886187
1474 0.6841893275886187
1475 0.6841893275886187
1476 0.6841893275886187
1477 0.6818230860254042
1478 0.6818230860254042
1479 0.6818230860254042
1480 0.6818230860254042
1481 0.6818230860254042
1482 0.6761164780249644
1483 0.6761164780249644
1484 0.6761164780249644
1485 0.6761164780249644
1486 0.6761164780249644
1487 0.6530438701155498
1488 0.6530438701155498
1489 0.6530438701155498
1490 0.6530438701155498
1491 0.6530438701155498
1492 0.6786053543619891
1493 0.6786053543619891
1494 0.6786053543619891
1495 0.6786053543619891
1496 0.6786053543619891
1497 0.8530681322673273
1498 0.8530681322673273
1499 0.8530681322673273
1500 0.8530681322673273
1501 0.8530681322673273
1502 0.6489229390644209
1503 0.6489229390644209
1504 0.6489229390644209
1505 0.6489229390644209
1506 0.6489229390644209
1507 0.6739614131364815
1508 2.276363706921846
1509 2.276363706921846
1510 2.276363706921846
1511 2.276363706921846
1512 2.276363706921846
1513 3.8004332551174693
1514 3.8004332551174693
1515 3.8004332551174693
1516 3.8004332551174693
1517 3.8004332551174693
1518 2.5642860572386064
1519 2.5642860572386064
1520 2.5642860572386064
1521 1.168928330105551
1522 1.168928330105551
1523 1.168928330105551
1524 1.168928330105551
1525 1.168928330105551
1526 1.0172537856513344
1527 1.0172537856513344
1528 1.0172537856513344
1529 1.0172537856513344
1530 1.0172537856513344
1531 1.1496525722774888
1532 1.1496525722774888
1533 1.1496525722774888
1534 1.1496525722774888
1535 1.1496525722774888
1536 1.244114411061056
1537 1.244114411061056
1538 1.244114411061056
1539 1.244114411061056
1540 1.244114411061056
1541 1.1457409734688404
1542 1.1457409734688404
1543 1.1457409734688404
1544 1.1457409734688404
1545 1.1457409734688404
1546 0.9579691512819957
1547 0.9579691512819957
1548 0.9579691512819957
1549 0.9579691512819957
1550 0.9579691512819957
1551 0.9857777451624024
1552 0.9857777451624024
1553 2.2329752372533864
1554 2.2329752372533864
1555 2.2329752372533864
1556 2.2329752372533864
1557 2.2329752372533864
1558 2.385969614760338
1559 2.385969614760338
1560 2.385969614760338
1561 2.385969614760338
1562 2.385969614760338
1563 2.784132809241251
1564 2.784132809241251
1565 2.784132809241251
1566 2.784132809241251
1567 2.784132809241251
1568 2.814587781325328
1569 2.814587781325328
1570 2.814587781325328
1571 2.814587781325328
1572 2.814587781325328
1573 2.8153628388217924
1574 2.8153628388217924
1575 2.8153628388217924
1576 2.8153628388217924
1577 2.8153628388217924
1578 2.7479017045165173
1579 2.7479017045165173
1580 2.7479017045165173
1581 2.7479017045165173
1582 2.7479017045165173
1583 2.9187516086715375
1584 2.9187516086715375
1585 2.9187516086715375
1586 2.9187516086715375
1587 2.9187516086715375
1588 2.0323873044042045
1589 2.0323873044042045
1590 2.0323873044042045
1591 2.0323873044042045
1592 2.0323873044042045
1593 2.356025960808991
1594 2.356025960808991
1595 2.356025960808991
1596 2.356025960808991
1597 2.356025960808991
1598 2.5511002123175563
1599 2.5511002123175563
1600 2.5511002123175563
1601 2.5511002123175563
1602 3.100998281312441
1603 3.100998281312441
1604 3.100998281312441
1605 3.100998281312441
1606 3.100998281312441
1607 3.6221522963350608
1608 3.6221522963350608
1609 3.6221522963350608
1610 0.6640116231921019
1611 0.6640116231921019
1612 0.6640116231921019
1613 0.6640116231921019
1614 0.6640116231921019
1615 0.7021611755484557
1616 0.7021611755484557
1617 0.7021611755484557
1618 0.7021611755484557
1619 0.7021611755484557
1620 0.5938616493333632
1621 0.5938616493333632
1622 0.5938616493333632
1623 0.5938616493333632
1624 0.5938616493333632
1625 0.43007537697002785
1626 0.43007537697002785
1627 0.43007537697002785
1628 0.43007537697002785
1629 0.43007537697002785
1630 0.7364031601168542
1631 0.7364031601168542
1632 0.7364031601168542
1633 0.7364031601168542
1634 0.7364031601168542
1635 0.7762507125133585
1636 0.7762507125133585
1637 0.7762507125133585
1638 0.7762507125133585
1639 0.7762507125133585
1640 0.6617411591648803
1641 0.6617411591648803
1642 0.6617411591648803
1643 0.6617411591648803
1644 0.6617411591648803
1645 0.7778779833483966
1646 0.7778779833483966
1647 0.7778779833483966
1648 0.7778779833483966
1649 0.7778779833483966
1650 4.8341886489518195
1651 4.8341886489518195
1652 4.8341886489518195
1653 4.8341886489518195
1654 4.8341886489518195
1655 3.520323642632915
1656 3.520323642632915
1657 3.520323642632915
1658 3.520323642632915
1659 3.520323642632915
1660 2.8167624681731676
1661 2.8167624681731676
1662 2.8167624681731676
1663 2.8167624681731676
1664 2.8167624681731676
1665 2.8270452003745796
1666 2.8270452003745796
1667 2.8270452003745796
1668 2.8270452003745796
1669 2.8270452003745796
1670 4.016772082646517
1671 4.016772082646517
1672 4.016772082646517
1673 4.016772082646517
1674 4.016772082646517
1675 3.030247204722915
1676 3.030247204722915
1677 3.030247204722915
1678 3.030247204722915
1679 3.030247204722915
1680 3.260255698670756
1681 3.260255698670756
1682 3.260255698670756
1683 3.260255698670756
1684 3.260255698670756
1685 3.4693139647329727
1686 3.4693139647329727
1687 3.4693139647329727
1688 3.4693139647329727
1689 3.4693139647329727
1690 2.919092493982324
1691 2.919092493982324
1692 2.919092493982324
1693 2.919092493982324
1694 2.919092493982324
1695 3.6962618620209464
1696 3.6962618620209464
1697 3.6962618620209464
1698 3.6962618620209464
1699 3.6962618620209464
1700 2.8804029821259416
1701 2.8804029821259416
1702 2.8804029821259416
1703 2.8804029821259416
1704 2.8804029821259416
1705 2.661221878637013
1706 2.661221878637013
1707 2.661221878637013
1708 2.661221878637013
1709 2.661221878637013
1710 3.306714062905432
1711 3.306714062905432
1712 3.306714062905432
1713 3.306714062905432
1714 3.306714062905432
1715 3.886666925692578
1716 3.886666925692578
1717 3.886666925692578
1718 3.886666925692578
1719 3.886666925692578
1720 3.3966333382291376
1721 3.3966333382291376
1722 3.3966333382291376
1723 3.3966333382291376
1724 3.3966333382291376
1725 3.3782868054014252
1726 3.3782868054014252
1727 3.3782868054014252
1728 3.3782868054014252
1729 3.3782868054014252
1730 2.8519123753474256
1731 2.8519123753474256
1732 2.8519123753474256
1733 2.8519123753474256
1734 2.8519123753474256
1735 4.605776442341306
1736 4.605776442341306
1737 4.605776442341306
1738 4.605776442341306
1739 4.605776442341306
1740 3.6214808156022342
1741 3.6214808156022342
1742 3.6214808156022342
1743 3.6214808156022342
1744 3.6214808156022342
1745 3.0933519987470826
1746 3.0933519987470826
1747 3.0933519987470826
1748 3.0933519987470826
1749 3.0933519987470826
1750 3.521250255499119
1751 3.521250255499119
1752 3.521250255499119
1753 3.521250255499119
1754 3.521250255499119
1755 4.3005604837121165
1756 4.3005604837121165
1757 4.3005604837121165
1758 4.3005604837121165
1759 4.3005604837121165
1760 2.9612597546778527
1761 2.9612597546778527
1762 2.9612597546778527
1763 2.9612597546778527
1764 2.9612597546778527
1765 2.8634816690597322
1766 2.8634816690597322
1767 2.8634816690597322
1768 0.9521289474353556
1769 0.9521289474353556
1770 0.9521289474353556
1771 0.9521289474353556
1772 0.9521289474353556
1773 1.0658972923785308
1774 1.0658972923785308
1775 1.0658972923785308
1776 1.0658972923785308
1777 1.0658972923785308
1778 1.0214673780624217
1779 1.0214673780624217
1780 1.0214673780624217
1781 1.0214673780624217
1782 1.0214673780624217
1783 1.0830732069624238
1784 1.0830732069624238
1785 1.0830732069624238
1786 1.0830732069624238
1787 1.0830732069624238
1788 0.23052754804120862
1789 0.23052754804120862
1790 0.23052754804120862
1791 0.23052754804120862
1792 0.23052754804120862
1793 0.17081560370653306
1794 0.17081560370653306
1795 0.17081560370653306
1796 1.6990550382180414
1797 1.6990550382180414
1798 1.6990550382180414
1799 1.6990550382180414
1800 1.6990550382180414
1801 2.187471317358769
1802 2.187471317358769
1803 2.187471317358769
1804 2.187471317358769
1805 2.187471317358769
1806 2.001013574695535
1807 2.001013574695535
1808 2.001013574695535
1809 2.001013574695535
1810 2.001013574695535
1811 2.040247763306167
1812 2.040247763306167
1813 2.040247763306167
1814 2.040247763306167
1815 2.040247763306167
1816 1.9980196042983216
1817 1.9980196042983216
1818 1.9980196042983216
1819 1.9980196042983216
1820 1.9980196042983216
1821 1.8194862724871286
1822 1.8194862724871286
1823 1.8194862724871286
1824 1.8194862724871286
1825 1.8194862724871286
1826 2.53675734879574
1827 2.53675734879574
1828 2.53675734879574
1829 2.53675734879574
1830 2.53675734879574
1831 2.570189771560215
1832 2.570189771560215
1833 2.570189771560215
1834 2.570189771560215
1835 2.570189771560215
1836 2.05840949501964
1837 2.05840949501964
1838 2.05840949501964
1839 2.05840949501964
1840 2.05840949501964
1841 2.305453168310177
1842 2.305453168310177
1843 2.305453168310177
1844 2.305453168310177
1845 2.305453168310177
1846 1.709173438389882
1847 1.709173438389882
1848 1.709173438389882
1849 1.709173438389882
1850 1.709173438389882
1851 2.2643084074083615
1852 2.2643084074083615
1853 2.2643084074083615
1854 2.2643084074083615
1855 2.2643084074083615
1856 2.1036780361005727
1857 2.1036780361005727
1858 2.1036780361005727
1859 2.1036780361005727
1860 2.1036780361005727
1861 2.0581164032913075
1862 2.0581164032913075
1863 2.0581164032913075
1864 2.0581164032913075
1865 2.0581164032913075
1866 2.3019574001470935
1867 2.3019574001470935
1868 2.3019574001470935
1869 2.3019574001470935
1870 2.3019574001470935
1871 1.736943499055076
1872 1.736943499055076
1873 1.736943499055076
1874 1.736943499055076
1875 1.736943499055076
1876 1.7479948640817236
1877 1.7479948640817236
1878 1.7479948640817236
1879 1.7479948640817236
1880 1.7479948640817236
1881 1.3988736599863159
1882 1.3988736599863159
1883 1.3988736599863159
1884 1.3988736599863159
1885 1.3988736599863159
1886 1.5119103320860718
1887 1.5119103320860718
1888 1.5119103320860718
1889 1.5119103320860718
1890 1.5119103320860718
1891 2.4372665094145836
1892 2.4372665094145836
1893 2.4372665094145836
1894 2.4372665094145836
1895 2.4372665094145836
1896 1.722047747298808
1897 1.722047747298808
1898 1.722047747298808
1899 1.722047747298808
1900 1.722047747298808
1901 2.1173943140908063
1902 2.1173943140908063
1903 2.1173943140908063
1904 2.1173943140908063
1905 2.1173943140908063
1906 1.8545895166599995
1907 1.8545895166599995
1908 1.8545895166599995
1909 1.8545895166599995
1910 1.8545895166599995
1911 1.7543897882669053
1912 1.7543897882669053
1913 1.7543897882669053
1914 1.7543897882669053
1915 1.7543897882669053
1916 1.7342631124537644
1917 1.9843398469529159
1918 1.9843398469529159
1919 1.9843398469529159
1920 1.9843398469529159
1921 1.9843398469529159
1922 3.3830146101687597
1923 3.3830146101687597
1924 3.3830146101687597
1925 3.3830146101687597
1926 3.3830146101687597
1927 1.8670347448922242
1928 1.8670347448922242
1929 3.99156757633463
1930 3.99156757633463
1931 3.99156757633463
1932 3.99156757633463
1933 3.99156757633463
1934 3.856567508182904
1935 3.856567508182904
1936 3.856567508182904
1937 3.856567508182904
1938 1.3253437970344581
1939 1.3253437970344581
1940 1.3253437970344581
1941 1.3253437970344581
1942 1.3253437970344581
1943 1.1994868820320301
1944 1.1994868820320301
1945 1.1994868820320301
1946 1.1994868820320301
1947 1.766912707483731
1948 1.766912707483731
1949 1.766912707483731
1950 1.766912707483731
1951 1.766912707483731
1952 2.2173781327307336
1953 2.2173781327307336
1954 2.2173781327307336
1955 2.2173781327307336
1956 2.2173781327307336
1957 1.275132076329034
1958 1.275132076329034
1959 1.275132076329034
1960 1.275132076329034
1961 1.275132076329034
1962 1.835525470518721
1963 1.835525470518721
1964 1.835525470518721
1965 1.835525470518721
1966 1.835525470518721
1967 1.919391271050156
1968 1.919391271050156
1969 1.919391271050156
1970 1.919391271050156
1971 1.919391271050156
1972 2.0459747340499748
1973 2.0459747340499748
1974 2.0459747340499748
1975 2.0459747340499748
1976 2.0459747340499748
1977 1.8434355386048171
1978 1.8434355386048171
1979 1.8434355386048171
1980 1.8434355386048171
1981 1.8434355386048171
1982 1.476916231534295
1983 1.476916231534295
1984 1.476916231534295
1985 1.476916231534295
1986 2.9494597487073255
1987 2.9494597487073255
1988 2.9494597487073255
1989 2.9494597487073255
1990 2.9494597487073255
1991 0.9320202638925608
1992 0.9320202638925608
1993 0.9320202638925608
1994 0.9320202638925608
1995 0.9320202638925608
1996 1.0386542201823443
1997 1.0386542201823443
1998 1.0386542201823443
1999 1.0386542201823443
