0 3.04456611779591
1 3.04456611779591
2 2.812829015899821
3 2.812829015899821
4 2.812829015899821
5 2.812829015899821
6 2.812829015899821
7 2.1232198538253817
8 4.006138881378639
9 4.006138881378639
10 4.006138881378639
11 4.006138881378639
12 4.006138881378639
13 4.634994824936892
14 4.634994824936892
15 4.634994824936892
16 4.634994824936892
17 4.634994824936892
18 2.8821924163734582
19 1.8763090159107538
20 1.8763090159107538
21 1.8763090159107538
22 3.09089315848586
23 3.09089315848586
24 3.09089315848586
25 3.09089315848586
26 3.09089315848586
27 2.5179620752356424
28 2.5179620752356424
29 2.5179620752356424
30 2.5179620752356424
31 2.5179620752356424
32 3.2549229132685866
33 3.2549229132685866
34 3.2549229132685866
35 3.2549229132685866
36 3.2549229132685866
37 4.0623665273249845
38 4.0623665273249845
39 4.0623665273249845
40 4.0623665273249845
41 4.0623665273249845
42 3.6645237590195228
43 3.6645237590195228
44 3.6645237590195228
45 3.6645237590195228
46 3.6645237590195228
47 6.109919208804486
48 6.109919208804486
49 6.109919208804486
50 6.109919208804486
51 6.109919208804486
52 4.258225975183469
53 4.258225975183469
54 4.258225975183469
55 4.258225975183469
56 4.258225975183469
57 3.1538008632599914
58 3.1538008632599914
59 3.1538008632599914
60 3.1538008632599914
61 3.1538008632599914
62 2.56032062416675
63 2.56032062416675
64 2.56032062416675
65 2.56032062416675
66 2.56032062416675
67 3.5423541299530856
68 3.5423541299530856
69 3.5423541299530856
70 3.5423541299530856
71 3.5423541299530856
72 2.4709205116059327
73 2.4709205116059327
74 2.4709205116059327
75 2.4709205116059327
76 0.8624486027209834
77 0.8624486027209834
78 0.8624486027209834
79 0.8624486027209834
80 0.8624486027209834
81 0.44327121104936096
82 0.44327121104936096
83 0.44327121104936096
84 0.44327121104936096
85 0.44327121104936096
86 0.5630407436919438
87 0.5630407436919438
88 0.5630407436919438
89 0.5630407436919438
90 0.5630407436919438
91 0.4589421756141071
92 0.4589421756141071
93 0.4589421756141071
94 0.4589421756141071
95 0.4589421756141071
96 0.32972462969950245
97 0.32972462969950245
98 0.32972462969950245
99 0.32972462969950245
100 0.32972462969950245
101 0.7541902452331835
102 0.7541902452331835
103 0.7541902452331835
104 0.7541902452331835
105 0.7541902452331835
106 0.6483443656640996
107 0.6483443656640996
108 0.6483443656640996
109 0.6483443656640996
110 0.6483443656640996
111 0.4262519545206667
112 0.4262519545206667
113 0.4262519545206667
114 0.4262519545206667
115 0.4262519545206667
116 0.5588569150879884
117 0.5588569150879884
118 0.5588569150879884
119 0.5588569150879884
120 0.5588569150879884
121 0.7548115840697559
122 0.7548115840697559
123 0.7548115840697559
124 0.7548115840697559
125 0.7548115840697559
126 0.7879836521535215
127 0.7879836521535215
128 0.7879836521535215
129 0.7879836521535215
130 1.409842686666435
131 1.409842686666435
132 1.409842686666435
133 1.409842686666435
134 1.409842686666435
135 1.9054009798890506
136 1.9054009798890506
137 1.9054009798890506
138 1.9054009798890506
139 1.9054009798890506
140 2.726925395096977
141 2.726925395096977
142 2.726925395096977
143 2.726925395096977
144 2.726925395096977
145 2.6646114191464463
146 2.6646114191464463
147 2.6646114191464463
148 2.6646114191464463
149 2.6646114191464463
150 1.914015590132132
151 1.914015590132132
152 1.914015590132132
153 1.914015590132132
154 1.914015590132132
155 2.2934822743855734
156 2.2934822743855734
157 2.2934822743855734
158 2.2934822743855734
159 2.2934822743855734
160 0.9938461045549363
161 0.9938461045549363
162 0.9938461045549363
163 0.9938461045549363
164 0.9938461045549363
165 2.0089245106314397
166 2.0089245106314397
167 2.0089245106314397
168 2.0089245106314397
169 2.0089245106314397
170 1.153210982698149
171 1.153210982698149
172 3.6355639838957403
173 1.3620333124211854
174 1.3620333124211854
175 1.3620333124211854
176 1.3620333124211854
177 1.3620333124211854
178 1.2392442148991132
179 1.2392442148991132
180 1.2392442148991132
181 1.2392442148991132
182 1.2392442148991132
183 1.10016773529487
184 1.10016773529487
185 1.10016773529487
186 1.10016773529487
187 1.10016773529487
188 0.7798795710907129
189 0.7798795710907129
190 0.7798795710907129
191 0.7798795710907129
192 0.7798795710907129
193 1.5603985690742055
194 1.5603985690742055
195 2.4672492026543518
196 2.4672492026543518
197 2.4672492026543518
198 1.4310283152699483
199 1.4310283152699483
200 1.4310283152699483
201 1.4310283152699483
202 1.4310283152699483
203 3.7282610538782484
204 3.7282610538782484
205 2.077588525288954
206 2.077588525288954
207 2.077588525288954
208 2.077588525288954
209 2.077588525288954
210 2.0304241347354823
211 2.0304241347354823
212 2.0304241347354823
213 2.0304241347354823
214 2.0304241347354823
215 2.0059258334480847
216 2.0059258334480847
217 2.0059258334480847
218 2.0059258334480847
219 2.0059258334480847
220 3.276803629098419
221 2.905196381460339
222 2.905196381460339
223 2.905196381460339
224 2.905196381460339
225 2.905196381460339
226 2.318258687503149
227 2.128357348938212
228 2.128357348938212
229 2.128357348938212
230 2.128357348938212
231 2.128357348938212
232 3.1721609830931463
233 3.1721609830931463
234 3.1721609830931463
235 3.3200532866468553
236 3.3200532866468553
237 3.3200532866468553
238 1.985334129163728
239 1.985334129163728
240 1.985334129163728
241 1.985334129163728
242 1.985334129163728
243 1.5373166010343675
244 1.5373166010343675
245 1.5373166010343675
246 1.5373166010343675
247 1.5373166010343675
248 3.438630584631964
249 3.438630584631964
250 3.438630584631964
251 3.438630584631964
252 3.438630584631964
253 1.7154981722188776
254 1.7154981722188776
255 1.7154981722188776
256 1.7154981722188776
257 1.7154981722188776
258 1.7683955016051565
259 1.7683955016051565
260 1.7683955016051565
261 1.7683955016051565
262 1.7683955016051565
263 1.3639996445066893
264 1.3639996445066893
265 1.3639996445066893
266 1.3639996445066893
267 1.3639996445066893
268 1.4093489506016579
269 1.4093489506016579
270 1.4093489506016579
271 1.4093489506016579
272 1.4093489506016579
273 2.5321216238347226
274 2.5321216238347226
275 2.5321216238347226
276 2.5321216238347226
277 2.5321216238347226
278 2.008287390308046
279 2.008287390308046
280 2.008287390308046
281 2.008287390308046
282 3.7058277854957766
283 3.7058277854957766
284 3.7058277854957766
285 3.7058277854957766
286 3.7058277854957766
287 4.99879283530498
288 4.99879283530498
289 4.99879283530498
290 4.99879283530498
291 4.99879283530498
292 3.6812993807655854
293 3.6812993807655854
294 3.6812993807655854
295 3.6812993807655854
296 3.6812993807655854
297 4.473721590322273
298 4.473721590322273
299 4.473721590322273
300 4.473721590322273
301 4.473721590322273
302 3.553243040945945
303 3.553243040945945
304 3.553243040945945
305 3.553243040945945
306 3.553243040945945
307 3.613516464180125
308 3.613516464180125
309 3.613516464180125
310 3.613516464180125
311 3.613516464180125
312 5.683042230117878
313 5.683042230117878
314 5.683042230117878
315 5.683042230117878
316 5.683042230117878
317 2.62341149935417
318 2.62341149935417
319 2.62341149935417
320 2.62341149935417
321 3.626930058826002
322 3.626930058826002
323 3.626930058826002
324 3.626930058826002
325 3.626930058826002
326 1.6423544088341813
327 1.6423544088341813
328 1.6423544088341813
329 1.6423544088341813
330 1.6423544088341813
331 2.279048582809536
332 2.279048582809536
333 2.279048582809536
334 2.279048582809536
335 2.279048582809536
336 2.6728328051104095
337 2.6728328051104095
338 2.6728328051104095
339 2.6728328051104095
340 2.6728328051104095
341 1.6388495019733598
342 1.6388495019733598
343 1.6388495019733598
344 1.6388495019733598
345 1.6388495019733598
346 3.6496910392578066
347 3.6496910392578066
348 3.6496910392578066
349 3.6496910392578066
350 3.6496910392578066
351 2.0750028297411633
352 2.0750028297411633
353 2.0750028297411633
354 2.0750028297411633
355 2.0750028297411633
356 1.8242111738388114
357 1.8242111738388114
358 0.4759319125377991
359 0.4759319125377991
360 0.4759319125377991
361 3.019929299582692
362 2.7123144405176625
363 2.7123144405176625
364 2.431365101508315
365 2.431365101508315
366 2.431365101508315
367 2.431365101508315
368 2.431365101508315
369 4.46776040194122
370 1.1059590132285009
371 1.1059590132285009
372 1.1059590132285009
373 1.1059590132285009
374 1.1059590132285009
375 4.784010034981508
376 4.784010034981508
377 4.784010034981508
378 4.784010034981508
379 4.784010034981508
380 1.426042699177245
381 1.426042699177245
382 1.426042699177245
383 1.426042699177245
384 1.426042699177245
385 3.18987750354179
386 3.18987750354179
387 3.18987750354179
388 3.18987750354179
389 3.18987750354179
390 2.667170305550617
391 2.667170305550617
392 2.6695677340137673
393 2.6695677340137673
394 2.6695677340137673
395 2.6695677340137673
396 2.6695677340137673
397 4.590907035738331
398 4.590907035738331
399 4.590907035738331
400 4.590907035738331
401 4.590907035738331
402 2.8050238477304186
403 2.8050238477304186
404 2.8050238477304186
405 2.8050238477304186
406 2.8050238477304186
407 3.7372927826615783
408 3.7372927826615783
409 3.7372927826615783
410 2.8308176400624347
411 2.8308176400624347
412 2.8308176400624347
413 2.8308176400624347
414 2.8308176400624347
415 3.7603704167816505
416 3.7603704167816505
417 3.7603704167816505
418 3.7603704167816505
419 3.7603704167816505
420 3.4065604036421284
421 3.4065604036421284
422 3.4065604036421284
423 3.4065604036421284
424 3.4065604036421284
425 3.5418987049959854
426 3.5418987049959854
427 3.5418987049959854
428 3.5418987049959854
429 3.5418987049959854
430 2.312392043282912
431 2.312392043282912
432 2.312392043282912
433 2.312392043282912
434 2.312392043282912
435 2.637088556966612
436 2.637088556966612
437 0.9121312486577229
438 0.9121312486577229
439 0.9121312486577229
440 0.9121312486577229
441 0.9121312486577229
442 0.4685758351816046
443 0.4685758351816046
444 0.4685758351816046
445 0.4685758351816046
446 0.4685758351816046
447 0.7296300638055782
448 0.7296300638055782
449 0.7296300638055782
450 1.3226937580954967
451 3.2775891407509525
452 3.2775891407509525
453 3.2775891407509525
454 3.2775891407509525
455 3.2775891407509525
456 1.5723220841209926
457 1.5723220841209926
458 1.5723220841209926
459 1.5723220841209926
460 1.5723220841209926
461 3.1876595487705344
462 3.1876595487705344
463 3.1876595487705344
464 3.1876595487705344
465 3.1876595487705344
466 2.4838920374344537
467 0.5516004639404868
468 0.5516004639404868
469 0.5516004639404868
470 0.5516004639404868
471 0.5516004639404868
472 0.7479140055425054
473 4.507850491994068
474 4.507850491994068
475 0.5189424965421481
476 0.5189424965421481
477 0.5189424965421481
478 0.5189424965421481
479 0.5189424965421481
480 1.6882675476069648
481 1.6882675476069648
482 1.6882675476069648
483 1.6882675476069648
484 1.6882675476069648
485 2.078235230520647
486 4.137313340228894
487 4.137313340228894
488 4.137313340228894
489 4.137313340228894
490 4.137313340228894
491 3.5508252857748257
492 3.5508252857748257
493 3.5508252857748257
494 3.5508252857748257
495 2.6054131777420837
496 2.6054131777420837
497 2.6054131777420837
498 2.6054131777420837
499 2.6054131777420837
500 3.1124375846180885
501 3.1124375846180885
502 3.1124375846180885
503 1.4753630713956072
504 1.4753630713956072
505 1.4753630713956072
506 1.4753630713956072
507 1.4753630713956072
508 1.4133594792859978
509 1.4133594792859978
510 1.4133594792859978
511 1.4133594792859978
512 1.4133594792859978
513 2.182172696457051
514 2.182172696457051
515 2.182172696457051
516 2.182172696457051
517 2.182172696457051
518 1.7266295694205904
519 1.7266295694205904
520 1.7266295694205904
521 1.7266295694205904
522 1.7266295694205904
523 1.5459390605021446
524 1.5459390605021446
525 1.5459390605021446
526 1.5459390605021446
527 1.6710128148650965
528 1.6710128148650965
529 1.6951331870794717
530 0.43999391575102664
531 0.43999391575102664
532 0.43999391575102664
533 0.43999391575102664
534 0.5736294809325112
535 0.5736294809325112
536 0.5736294809325112
537 0.5736294809325112
538 0.5736294809325112
539 1.0561361902237492
540 1.0561361902237492
541 1.0561361902237492
542 1.0561361902237492
543 1.0561361902237492
544 1.5622742528752176
545 1.5622742528752176
546 1.5622742528752176
547 1.5622742528752176
548 1.5622742528752176
549 1.1258878481656283
550 1.1258878481656283
551 1.1258878481656283
552 1.1258878481656283
553 1.1258878481656283
554 1.8493592084886066
555 1.8493592084886066
556 1.8493592084886066
557 1.8493592084886066
558 1.8493592084886066
559 1.0825476084363386
560 1.0825476084363386
561 1.0825476084363386
562 1.0825476084363386
563 1.0825476084363386
564 1.5071589293008276
565 1.5071589293008276
566 0.5011250681329602
567 0.5011250681329602
568 0.5011250681329602
569 0.5011250681329602
570 0.5011250681329602
571 0.5503939830718096
572 0.5503939830718096
573 0.5503939830718096
574 0.5503939830718096
575 0.5503939830718096
576 0.6895305025915408
577 2.4697206222007626
578 2.4697206222007626
579 2.4697206222007626
580 2.4697206222007626
581 2.4697206222007626
582 1.295119375560372
583 1.2437696768936923
584 1.2437696768936923
585 1.2437696768936923
586 1.2437696768936923
587 1.2437696768936923
588 1.4811743427400237
589 1.4811743427400237
590 1.4811743427400237
591 1.4811743427400237
592 1.4811743427400237
593 1.1334120311575164
594 1.1334120311575164
595 1.1334120311575164
596 1.1334120311575164
597 1.1334120311575164
598 1.638442003334494
599 1.638442003334494
600 1.8637706028386043
601 1.8637706028386043
602 1.8637706028386043
603 1.8637706028386043
604 2.743676724540183
605 2.743676724540183
606 2.743676724540183
607 2.743676724540183
608 5.558469087152217
609 5.06167619758238
610 5.06167619758238
611 5.06167619758238
612 5.06167619758238
613 5.06167619758238
614 5.208390690178566
615 5.208390690178566
616 5.208390690178566
617 5.208390690178566
618 5.208390690178566
619 2.0769996626787934
620 2.0769996626787934
621 2.0769996626787934
622 2.0769996626787934
623 2.0769996626787934
624 1.990410748855898
625 1.990410748855898
626 1.990410748855898
627 2.9914773928487066
628 2.9914773928487066
629 2.9914773928487066
630 2.9914773928487066
631 2.9914773928487066
632 2.759797239774138
633 2.759797239774138
634 2.759797239774138
635 2.759797239774138
636 2.759797239774138
637 2.1515549557951026
638 2.1515549557951026
639 2.1515549557951026
640 2.1515549557951026
641 2.1515549557951026
642 4.4523998585454185
643 4.4523998585454185
644 4.4523998585454185
645 4.4523998585454185
646 4.4523998585454185
647 6.234105845160727
648 2.2450183890582207
649 2.2450183890582207
650 2.2450183890582207
651 2.2450183890582207
652 2.2450183890582207
653 1.4096713459539578
654 1.4096713459539578
655 1.4096713459539578
656 1.4096713459539578
657 1.4096713459539578
658 1.7490883550307785
659 1.7490883550307785
660 1.7490883550307785
661 3.4794081886886863
662 3.4794081886886863
663 3.4794081886886863
664 3.4794081886886863
665 3.4794081886886863
666 3.6154899152502202
667 3.6154899152502202
668 3.6154899152502202
669 3.6154899152502202
670 3.6154899152502202
671 4.601264230046123
672 4.601264230046123
673 4.601264230046123
674 2.036697020912625
675 2.036697020912625
676 2.036697020912625
677 2.036697020912625
678 2.036697020912625
679 0.86955655960599
680 0.86955655960599
681 0.86955655960599
682 0.86955655960599
683 0.86955655960599
684 2.3259560511897033
685 2.3259560511897033
686 2.3259560511897033
687 2.3259560511897033
688 2.3259560511897033
689 1.859790808353503
690 1.859790808353503
691 1.859790808353503
692 1.859790808353503
693 1.859790808353503
694 0.6481097719159437
695 0.6481097719159437
696 0.6481097719159437
697 0.6481097719159437
698 0.6481097719159437
699 2.5869458613407317
700 2.5869458613407317
701 2.5869458613407317
702 2.5869458613407317
703 2.5869458613407317
704 2.119407774478898
705 2.119407774478898
706 2.119407774478898
707 2.119407774478898
708 2.119407774478898
709 1.2864709276527997
710 1.2864709276527997
711 1.2864709276527997
712 1.2864709276527997
713 1.2864709276527997
714 2.480082737209896
715 2.480082737209896
716 0.612830961719088
717 0.612830961719088
718 0.612830961719088
719 0.612830961719088
720 0.612830961719088
721 0.6554318079569791
722 0.6554318079569791
723 0.6554318079569791
724 0.6554318079569791
725 0.6554318079569791
726 0.7553414977405196
727 0.7553414977405196
728 0.7553414977405196
729 0.7553414977405196
730 0.7553414977405196
731 0.393037936686296
732 0.393037936686296
733 2.583910798676434
734 4.477964608408646
735 4.477964608408646
736 4.477964608408646
737 0.7888142243178986
738 0.7888142243178986
739 0.7888142243178986
740 0.7888142243178986
741 0.7888142243178986
742 1.5610763864134931
743 1.5610763864134931
744 1.5610763864134931
745 1.5610763864134931
746 1.5610763864134931
747 1.6595640136456866
748 1.6595640136456866
749 1.6595640136456866
750 1.6595640136456866
751 1.6595640136456866
752 0.9823487730161762
753 0.9823487730161762
754 0.9823487730161762
755 3.7692081673634683
756 3.7692081673634683
757 3.7692081673634683
758 3.7692081673634683
759 3.7692081673634683
760 1.5916924395752603
761 1.5916924395752603
762 1.5916924395752603
763 1.5916924395752603
764 1.5916924395752603
765 4.767331246309787
766 4.767331246309787
767 4.767331246309787
768 4.767331246309787
769 4.767331246309787
770 3.357731007943494
771 3.357731007943494
772 3.357731007943494
773 3.357731007943494
774 3.357731007943494
775 3.1063537830901264
776 3.1063537830901264
777 3.1063537830901264
778 3.1063537830901264
779 3.1063537830901264
780 2.020656580630792
781 2.020656580630792
782 2.020656580630792
783 2.020656580630792
784 2.020656580630792
785 2.9919284577022593
786 2.9919284577022593
787 0.6532846452027883
788 0.6532846452027883
789 0.6532846452027883
790 0.6532846452027883
791 0.6532846452027883
792 1.3790911372574317
793 1.3790911372574317
794 1.3790911372574317
795 1.3790911372574317
796 1.3790911372574317
797 0.1
798 0.1
799 0.1
800 0.1
801 0.1
802 1.6859078885819634
803 1.6859078885819634
804 1.6859078885819634
805 1.6859078885819634
806 2.5349633189523644
807 2.5349633189523644
808 2.5349633189523644
809 2.5349633189523644
810 2.5349633189523644
811 3.33383834510999
812 3.33383834510999
813 3.33383834510999
814 3.33383834510999
815 3.33383834510999
816 1.7379299795172538
817 1.7379299795172538
818 1.7379299795172538
819 1.7379299795172538
820 1.7379299795172538
821 1.5787712296623264
822 1.5787712296623264
823 1.5787712296623264
824 3.2342054974127517
825 3.2342054974127517
826 3.2342054974127517
827 3.2342054974127517
828 3.0892592313137914
829 3.0892592313137914
830 3.0892592313137914
831 3.0892592313137914
832 3.0892592313137914
833 3.2278808956625835
834 3.2278808956625835
835 3.2278808956625835
836 3.2278808956625835
837 3.2278808956625835
838 2.551410983193155
839 2.551410983193155
840 2.551410983193155
841 2.551410983193155
842 2.551410983193155
843 3.029119975367329
844 3.029119975367329
845 3.029119975367329
846 3.029119975367329
847 3.029119975367329
848 1.0628738534988984
849 1.0628738534988984
850 1.0628738534988984
851 1.0628738534988984
852 1.0628738534988984
853 4.039974005596562
854 4.039974005596562
855 4.039974005596562
856 4.039974005596562
857 4.039974005596562
858 4.749348703122889
859 0.573048206242306
860 0.573048206242306
861 0.573048206242306
862 3.000665040873019
863 3.000665040873019
864 3.000665040873019
865 3.000665040873019
866 3.000665040873019
867 4.770342889809728
868 4.770342889809728
869 4.770342889809728
870 4.770342889809728
871 4.770342889809728
872 2.9299029962644605
873 1.453077631000348
874 1.453077631000348
875 1.453077631000348
876 1.453077631000348
877 1.453077631000348
878 3.643296984418572
879 3.643296984418572
880 3.643296984418572
881 3.643296984418572
882 3.643296984418572
883 3.183575201595163
884 3.183575201595163
885 3.183575201595163
886 3.183575201595163
887 5.891175185938784
888 5.891175185938784
889 5.891175185938784
890 5.891175185938784
891 5.891175185938784
892 1.7551006136589828
893 1.7551006136589828
894 1.7551006136589828
895 1.7551006136589828
896 1.7551006136589828
897 1.195074071455295
898 1.195074071455295
899 1.195074071455295
900 1.195074071455295
901 1.195074071455295
902 1.1582554979243305
903 1.1582554979243305
904 1.1582554979243305
905 1.1582554979243305
906 2.5367845516239806
907 2.5367845516239806
908 2.5367845516239806
909 2.5367845516239806
910 2.5367845516239806
911 4.11984928308507
912 4.11984928308507
913 4.11984928308507
914 4.11984928308507
915 4.11984928308507
916 3.269571911011476
917 3.269571911011476
918 3.269571911011476
919 3.269571911011476
920 1.4554666600823125
921 1.4554666600823125
922 1.4554666600823125
923 1.4554666600823125
924 1.4554666600823125
925 1.5596053009146154
926 1.5596053009146154
927 1.5596053009146154
928 1.5596053009146154
929 1.5596053009146154
930 1.1795821968351525
931 1.1795821968351525
932 1.1795821968351525
933 1.1795821968351525
934 1.220887921297557
935 1.220887921297557
936 1.220887921297557
937 1.220887921297557
938 1.220887921297557
939 1.7974981870257156
940 1.7974981870257156
941 1.7974981870257156
942 1.7974981870257156
943 1.7974981870257156
944 1.940709147828314
945 1.940709147828314
946 3.6203504321597264
947 3.6203504321597264
948 3.6203504321597264
949 3.6203504321597264
950 3.6203504321597264
951 1.414126617382525
952 1.414126617382525
953 1.414126617382525
954 1.414126617382525
955 1.414126617382525
956 0.6153412501404008
957 0.6153412501404008
958 0.6153412501404008
959 4.198312949270701
960 4.198312949270701
961 4.198312949270701
962 4.198312949270701
963 4.198312949270701
964 3.44606059417764
965 3.44606059417764
966 3.44606059417764
967 3.44606059417764
968 3.44606059417764
969 3.3060714102567714
970 3.3060714102567714
971 3.3060714102567714
972 3.3060714102567714
973 3.3060714102567714
974 4.245895594970774
975 4.245895594970774
976 4.245895594970774
977 4.245895594970774
978 4.245895594970774
979 5.2708583106326365
980 5.2708583106326365
981 5.2708583106326365
982 5.2708583106326365
983 1.4300899814609163
984 1.4300899814609163
985 1.4300899814609163
986 1.4300899814609163
987 1.4300899814609163
988 3.0502270761149095
989 3.0502270761149095
990 3.0502270761149095
991 5.578579342379804
992 5.578579342379804
993 5.578579342379804
994 5.578579342379804
995 5.578579342379804
996 4.428179452413559
997 4.428179452413559
998 4.428179452413559
999 4.428179452413559
1000 4.428179452413559
1001 5.299276717934228
1002 0.4679145729161555
1003 0.4679145729161555
1004 0.4679145729161555
1005 6.458651573779251
1006 6.458651573779251
1007 6.458651573779251
1008 6.458651573779251
1009 6.458651573779251
1010 3.0802909894115573
1011 1.6921519375139822
1012 1.6921519375139822
1013 1.6921519375139822
1014 1.6921519375139822
1015 1.6921519375139822
1016 1.3651152093002512
1017 1.3651152093002512
1018 1.3651152093002512
1019 1.3651152093002512
1020 1.3651152093002512
1021 1.9160113800509944
1022 1.9160113800509944
1023 1.9160113800509944
1024 1.9160113800509944
1025 1.9160113800509944
1026 1.4728013571916132
1027 1.4728013571916132
1028 1.4728013571916132
1029 1.4728013571916132
1030 1.4728013571916132
1031 1.1730655804175267
1032 1.1730655804175267
1033 1.1730655804175267
1034 1.1730655804175267
1035 0.5514217011234785
1036 0.5514217011234785
1037 0.5514217011234785
1038 0.5514217011234785
1039 0.5514217011234785
1040 1.02096405890361
1041 1.02096405890361
1042 1.02096405890361
1043 1.02096405890361
1044 1.02096405890361
1045 0.9109249220390632
1046 0.9109249220390632
1047 0.9109249220390632
1048 0.9109249220390632
1049 0.9109249220390632
1050 1.4691718675066672
1051 1.4691718675066672
1052 1.4691718675066672
1053 1.4691718675066672
1054 1.4691718675066672
1055 1.2526097242844276
1056 1.2526097242844276
1057 1.2526097242844276
1058 1.2526097242844276
1059 1.2526097242844276
1060 1.4377995471068024
1061 0.16706753842623137
1062 0.16706753842623137
1063 0.16706753842623137
1064 0.16706753842623137
1065 0.16706753842623137
1066 0.2989038481005859
1067 0.2989038481005859
1068 0.2989038481005859
1069 0.2989038481005859
1070 0.2989038481005859
1071 0.1774475941020236
1072 0.1774475941020236
1073 0.1774475941020236
1074 0.1774475941020236
1075 0.1774475941020236
1076 0.1577005144185727
1077 0.1577005144185727
1078 0.1577005144185727
1079 0.1577005144185727
1080 0.1577005144185727
1081 0.2220244358902149
1082 0.2220244358902149
1083 0.2220244358902149
1084 0.2220244358902149
1085 0.2220244358902149
1086 0.2408861364012239
1087 0.2408861364012239
1088 0.2408861364012239
1089 3.6637241192541548
1090 3.6637241192541548
1091 3.6637241192541548
1092 3.6637241192541548
1093 3.6637241192541548
1094 2.14663950571434
1095 2.14663950571434
1096 2.14663950571434
1097 2.14663950571434
1098 2.14663950571434
1099 3.069590862626079
1100 3.069590862626079
1101 3.069590862626079
1102 3.069590862626079
1103 3.069590862626079
1104 2.484889215371129
1105 2.484889215371129
1106 2.484889215371129
1107 5.268130274991236
1108 5.268130274991236
1109 5.268130274991236
1110 5.268130274991236
1111 5.268130274991236
1112 3.6615561282202855
1113 3.6615561282202855
1114 3.6615561282202855
1115 3.6615561282202855
1116 3.6615561282202855
1117 1.0725379487396967
1118 1.0725379487396967
1119 1.0725379487396967
1120 1.0725379487396967
1121 1.0725379487396967
1122 1.8950651676035077
1123 1.8950651676035077
1124 1.8950651676035077
1125 2.415790559231895
1126 2.415790559231895
1127 2.415790559231895
1128 2.415790559231895
1129 2.415790559231895
1130 4.607031693458319
1131 4.607031693458319
1132 4.607031693458319
1133 4.607031693458319
1134 4.607031693458319
1135 4.568786303318402
1136 4.568786303318402
1137 4.568786303318402
1138 4.568786303318402
1139 4.568786303318402
1140 3.4818566854824016
1141 3.4818566854824016
1142 3.4818566854824016
1143 3.4818566854824016
1144 3.4818566854824016
1145 4.657259134256942
1146 4.657259134256942
1147 4.657259134256942
1148 4.657259134256942
1149 4.657259134256942
1150 2.337024428086981
1151 2.337024428086981
1152 2.337024428086981
1153 2.337024428086981
1154 2.337024428086981
1155 5.457627190692098
1156 5.457627190692098
1157 5.457627190692098
1158 5.457627190692098
1159 5.457627190692098
1160 3.308723976516416
1161 3.308723976516416
1162 3.308723976516416
1163 3.308723976516416
1164 3.308723976516416
1165 4.831514076550863
1166 4.831514076550863
1167 4.831514076550863
1168 4.831514076550863
1169 4.831514076550863
1170 4.26140418497669
1171 4.26140418497669
1172 4.26140418497669
1173 4.26140418497669
1174 4.26140418497669
1175 4.179455128731166
1176 4.179455128731166
1177 4.179455128731166
1178 4.179455128731166
1179 4.179455128731166
1180 5.987290810556282
1181 5.987290810556282
1182 5.987290810556282
1183 5.987290810556282
1184 5.987290810556282
1185 4.352475779154556
1186 1.4967901443252845
1187 1.0722263753642534
1188 1.0722263753642534
1189 1.0722263753642534
1190 1.0722263753642534
1191 1.0722263753642534
1192 0.8145520677982477
1193 0.8145520677982477
1194 0.8145520677982477
1195 0.8145520677982477
1196 0.8145520677982477
1197 1.1964798634063056
1198 1.1964798634063056
1199 1.1964798634063056
1200 1.1964798634063056
1201 1.1964798634063056
1202 1.2581135066364473
1203 1.2581135066364473
1204 1.2581135066364473
1205 1.2581135066364473
1206 1.2581135066364473
1207 0.8005366884020441
1208 0.8005366884020441
1209 0.8005366884020441
1210 0.8005366884020441
1211 0.8005366884020441
1212 2.2326187861159394
1213 0.7675744079778878
1214 0.7675744079778878
1215 0.7675744079778878
1216 0.7675744079778878
1217 0.7675744079778878
1218 0.9334641436389226
1219 0.9334641436389226
1220 0.9334641436389226
1221 0.9334641436389226
1222 0.9334641436389226
1223 0.3968337248199243
1224 0.3968337248199243
1225 0.3968337248199243
1226 0.3968337248199243
1227 0.3968337248199243
1228 0.822707764752578
1229 0.822707764752578
1230 0.822707764752578
1231 0.822707764752578
1232 0.822707764752578
1233 0.7319603272087122
1234 0.7319603272087122
1235 0.7319603272087122
1236 0.7319603272087122
1237 0.7319603272087122
1238 0.2130036967356102
1239 0.2130036967356102
1240 0.2130036967356102
1241 0.2130036967356102
1242 0.2130036967356102
1243 1.090452601792521
1244 1.090452601792521
1245 1.090452601792521
1246 1.090452601792521
1247 1.5334529326734803
1248 1.5334529326734803
1249 1.5334529326734803
1250 1.5334529326734803
1251 1.5334529326734803
1252 1.5440792722670416
1253 1.5440792722670416
1254 2.0697127097421486
1255 2.0697127097421486
1256 2.0697127097421486
1257 2.0697127097421486
1258 2.0697127097421486
1259 4.692869051234776
1260 4.692869051234776
1261 4.692869051234776
1262 4.692869051234776
1263 4.692869051234776
1264 2.217579117062369
1265 2.217579117062369
1266 2.217579117062369
1267 2.217579117062369
1268 2.217579117062369
1269 4.289997947970081
1270 4.289997947970081
1271 4.289997947970081
1272 4.289997947970081
1273 4.289997947970081
1274 3.716922933977881
1275 3.716922933977881
1276 3.716922933977881
1277 3.716922933977881
1278 3.716922933977881
1279 5.761010761169558
1280 5.761010761169558
1281 5.761010761169558
1282 5.761010761169558
1283 5.761010761169558
1284 1.6307797524158711
1285 1.6307797524158711
1286 1.6307797524158711
1287 1.6307797524158711
1288 1.6307797524158711
1289 3.279632764195267
1290 3.279632764195267
1291 3.279632764195267
1292 3.279632764195267
1293 2.205847313497198
1294 2.205847313497198
1295 2.205847313497198
1296 2.205847313497198
1297 2.205847313497198
1298 3.1940377043859582
1299 3.1940377043859582
1300 3.1940377043859582
1301 3.1940377043859582
1302 3.1940377043859582
1303 1.2233140909023366
1304 1.2233140909023366
1305 1.2233140909023366
1306 1.2233140909023366
1307 1.2233140909023366
1308 3.842462539059899
1309 3.842462539059899
1310 3.842462539059899
1311 3.842462539059899
1312 3.842462539059899
1313 2.8407372370619166
1314 1.717992283784214
1315 1.717992283784214
1316 1.717992283784214
1317 1.717992283784214
1318 1.717992283784214
1319 0.9515464509664253
1320 0.9515464509664253
1321 0.9515464509664253
1322 0.9515464509664253
1323 0.9515464509664253
1324 1.2744902899842305
1325 1.2744902899842305
1326 1.2744902899842305
1327 1.2744902899842305
1328 1.2744902899842305
1329 1.246815460222226
1330 1.246815460222226
1331 1.246815460222226
1332 1.246815460222226
1333 1.246815460222226
1334 2.116868991156104
1335 2.116868991156104
1336 1.2005724134806
1337 1.2005724134806
1338 1.2005724134806
1339 1.2005724134806
1340 1.2005724134806
1341 1.2642364971336069
1342 1.2642364971336069
1343 1.2642364971336069
1344 1.2642364971336069
1345 1.2642364971336069
1346 2.0368617585078783
1347 2.0368617585078783
1348 2.0368617585078783
1349 2.0368617585078783
1350 2.0368617585078783
1351 1.7573624045139589
1352 1.7573624045139589
1353 1.7573624045139589
1354 1.7573624045139589
1355 1.7573624045139589
1356 0.8101880614524095
1357 0.8101880614524095
1358 0.4253235301366939
1359 0.4253235301366939
1360 0.4253235301366939
1361 0.4253235301366939
1362 0.4253235301366939
1363 0.7381163266833102
1364 0.7381163266833102
1365 0.7381163266833102
1366 0.7381163266833102
1367 0.7381163266833102
1368 0.948791291150938
1369 0.948791291150938
1370 0.948791291150938
1371 0.948791291150938
1372 0.948791291150938
1373 0.709463477937712
1374 2.2860387445285575
1375 2.2860387445285575
1376 1.2510558783352421
1377 1.2510558783352421
1378 3.0354137039025715
1379 3.0354137039025715
1380 3.0354137039025715
1381 3.0354137039025715
1382 3.0354137039025715
1383 2.2901960799566563
1384 2.2901960799566563
1385 2.2901960799566563
1386 2.2901960799566563
1387 2.2901960799566563
1388 2.0748419081733647
1389 2.307300606358139
1390 1.888437924531146
1391 1.888437924531146
1392 1.888437924531146
1393 1.888437924531146
1394 1.888437924531146
1395 2.0013923575177044
1396 2.0013923575177044
1397 2.0013923575177044
1398 3.1905395841216557
1399 3.1905395841216557
1400 3.1905395841216557
1401 3.1905395841216557
1402 3.1905395841216557
1403 0.37087805882615565
1404 0.37087805882615565
1405 0.37087805882615565
1406 0.37087805882615565
1407 0.37087805882615565
1408 1.0157551516143206
1409 1.9105620299206616
1410 1.9105620299206616
1411 1.9105620299206616
1412 1.9105620299206616
1413 1.9105620299206616
1414 1.7865440754888642
1415 3.837240241001861
1416 3.837240241001861
1417 3.837240241001861
1418 3.837240241001861
1419 3.837240241001861
1420 3.9615485703893367
1421 3.9615485703893367
1422 3.9615485703893367
1423 3.9615485703893367
1424 3.6266329679431517
1425 3.6266329679431517
1426 3.6266329679431517
1427 3.6266329679431517
1428 3.6266329679431517
1429 4.364687294133038
1430 4.364687294133038
1431 4.364687294133038
1432 4.364687294133038
1433 4.364687294133038
1434 4.246251524652732
1435 4.246251524652732
1436 4.246251524652732
1437 2.5584607545361906
1438 2.5584607545361906
1439 0.281443967489583
1440 0.281443967489583
1441 0.281443967489583
1442 0.281443967489583
1443 0.281443967489583
1444 0.23365693715671906
1445 0.23365693715671906
1446 0.23365693715671906
1447 0.23365693715671906
1448 0.23365693715671906
1449 0.184482641806987
1450 0.184482641806987
1451 0.184482641806987
1452 0.184482641806987
1453 0.184482641806987
1454 0.22251916644786446
1455 0.22251916644786446
1456 0.22251916644786446
1457 0.22251916644786446
1458 0.22251916644786446
1459 0.15478618840538574
1460 0.15478618840538574
1461 0.15478618840538574
1462 0.15478618840538574
1463 0.15478618840538574
1464 0.12728914401324637
1465 0.12728914401324637
1466 0.12728914401324637
1467 0.12728914401324637
1468 0.12728914401324637
1469 0.1
1470 0.1
1471 0.1
1472 0.1
1473 0.1
1474 0.1
1475 0.1
1476 0.1
1477 0.1
1478 0.1
1479 0.15025456036608495
1480 0.15025456036608495
1481 0.15025456036608495
1482 0.15025456036608495
1483 0.15025456036608495
1484 0.17983008677507173
1485 0.17983008677507173
1486 0.17983008677507173
1487 0.17983008677507173
1488 0.17983008677507173
1489 0.10736765259048318
1490 0.10736765259048318
1491 0.10736765259048318
1492 0.10736765259048318
1493 0.10736765259048318
1494 0.1735258234238874
1495 0.1735258234238874
1496 0.1735258234238874
1497 0.1735258234238874
1498 2.0574895848563233
1499 2.0574895848563233
1500 2.0574895848563233
1501 2.0574895848563233
1502 2.0574895848563233
1503 1.0495180895196246
1504 1.0495180895196246
1505 1.0495180895196246
1506 1.0495180895196246
1507 1.0495180895196246
1508 1.9833395103331934
1509 1.9833395103331934
1510 1.9833395103331934
1511 1.9833395103331934
1512 1.9833395103331934
1513 3.169431425347618
1514 3.169431425347618
1515 3.169431425347618
1516 3.169431425347618
1517 0.13777897088593768
1518 0.13777897088593768
1519 0.13777897088593768
1520 0.13777897088593768
1521 0.13777897088593768
1522 0.15046882631913805
1523 0.15046882631913805
1524 0.15046882631913805
1525 0.15046882631913805
1526 0.15046882631913805
1527 0.1
1528 0.1
1529 0.1
1530 0.1
1531 0.1
1532 0.14654572898342777
1533 0.14654572898342777
1534 0.14654572898342777
1535 0.14654572898342777
1536 0.14654572898342777
1537 0.2602185470903561
1538 0.2602185470903561
1539 0.2602185470903561
1540 0.2602185470903561
1541 0.2602185470903561
1542 0.19283517279441542
1543 0.19283517279441542
1544 0.19283517279441542
1545 0.19283517279441542
1546 0.19283517279441542
1547 1.0742580433232907
1548 1.0742580433232907
1549 1.0742580433232907
1550 1.0742580433232907
1551 1.0742580433232907
1552 2.9326596668622087
1553 2.9326596668622087
1554 2.9326596668622087
1555 2.9326596668622087
1556 2.9326596668622087
1557 3.1245824544192677
1558 3.1245824544192677
1559 3.1245824544192677
1560 3.1245824544192677
1561 3.1245824544192677
1562 1.8108213549234464
1563 1.8108213549234464
1564 1.8108213549234464
1565 1.8108213549234464
1566 1.8108213549234464
1567 5.2690659348419535
1568 5.2690659348419535
1569 5.2690659348419535
1570 5.2690659348419535
1571 5.2690659348419535
1572 2.972977461696588
1573 2.972977461696588
1574 2.972977461696588
1575 2.972977461696588
1576 2.972977461696588
1577 3.9744872371804423
1578 3.9744872371804423
1579 3.9744872371804423
1580 3.9744872371804423
1581 3.9744872371804423
1582 5.0399619633204376
1583 5.0399619633204376
1584 5.0399619633204376
1585 5.0399619633204376
1586 5.0399619633204376
1587 3.8255982933662254
1588 3.8255982933662254
1589 3.8255982933662254
1590 3.8255982933662254
1591 3.8255982933662254
1592 2.715412081256583
1593 1.5682691675400395
1594 1.5682691675400395
1595 1.5682691675400395
1596 1.5682691675400395
1597 1.5682691675400395
1598 1.5896113722675254
1599 1.5896113722675254
1600 1.5896113722675254
1601 1.5896113722675254
1602 1.5896113722675254
1603 0.8082780391658728
1604 2.2930840938269226
1605 2.2930840938269226
1606 2.2930840938269226
1607 2.2930840938269226
1608 2.2930840938269226
1609 4.332592068782989
1610 4.332592068782989
1611 4.332592068782989
1612 4.332592068782989
1613 4.332592068782989
1614 3.777318588737881
1615 3.777318588737881
1616 1.6651142789946323
1617 1.6651142789946323
1618 1.6651142789946323
1619 1.6651142789946323
1620 1.6651142789946323
1621 2.2380130996448155
1622 2.2380130996448155
1623 2.2380130996448155
1624 2.2380130996448155
1625 2.2380130996448155
1626 1.9924022854798118
1627 1.9924022854798118
1628 1.9924022854798118
1629 1.9924022854798118
1630 1.9924022854798118
1631 0.34378933051040894
1632 0.34378933051040894
1633 0.34378933051040894
1634 0.34378933051040894
1635 0.34378933051040894
1636 1.5051629235416133
1637 1.5051629235416133
1638 1.5051629235416133
1639 1.4436186183912167
1640 1.4436186183912167
1641 1.4436186183912167
1642 1.4436186183912167
1643 1.4436186183912167
1644 1.031321624142325
1645 1.031321624142325
1646 1.031321624142325
1647 1.031321624142325
1648 1.031321624142325
1649 1.359498425109733
1650 1.359498425109733
1651 1.359498425109733
1652 1.359498425109733
1653 1.359498425109733
1654 0.858935644097857
1655 0.858935644097857
1656 0.858935644097857
1657 0.858935644097857
1658 0.858935644097857
1659 0.19931190045304226
1660 0.19931190045304226
1661 0.19931190045304226
1662 0.19931190045304226
1663 0.19931190045304226
1664 0.5914257497191433
1665 0.5914257497191433
1666 0.5914257497191433
1667 0.5914257497191433
1668 0.5914257497191433
1669 1.10579795089521
1670 1.10579795089521
1671 1.10579795089521
1672 1.10579795089521
1673 1.10579795089521
1674 0.6019044866199875
1675 0.6019044866199875
1676 0.6019044866199875
1677 0.6019044866199875
1678 0.6019044866199875
1679 1.1504436308435038
1680 1.1504436308435038
1681 1.1504436308435038
1682 1.1504436308435038
1683 1.1504436308435038
1684 1.8233428086829613
1685 1.8233428086829613
1686 1.8233428086829613
1687 1.8233428086829613
1688 1.8233428086829613
1689 0.8213987094877779
1690 0.8213987094877779
1691 3.6802482151305953
1692 2.6141697026033714
1693 2.6141697026033714
1694 2.6141697026033714
1695 2.6141697026033714
1696 2.6141697026033714
1697 1.8580000268094148
1698 1.8580000268094148
1699 1.8580000268094148
1700 1.8580000268094148
1701 1.8580000268094148
1702 2.7421154597453614
1703 2.7421154597453614
1704 2.7421154597453614
1705 2.7421154597453614
1706 2.7421154597453614
1707 1.5722773566857462
1708 1.5722773566857462
1709 1.5722773566857462
1710 1.5722773566857462
1711 1.5722773566857462
1712 2.3783622471909633
1713 2.3783622471909633
1714 2.3783622471909633
1715 2.3783622471909633
1716 2.3783622471909633
1717 0.18656407511637085
1718 0.18656407511637085
1719 0.18656407511637085
1720 0.18656407511637085
1721 0.18656407511637085
1722 2.4877245977740214
1723 2.4877245977740214
1724 2.4877245977740214
1725 2.4877245977740214
1726 2.4877245977740214
1727 2.048251814433554
1728 1.9424983662405433
1729 1.9424983662405433
1730 1.9424983662405433
1731 1.9424983662405433
1732 1.9424983662405433
1733 2.9002547884280423
1734 2.9002547884280423
1735 2.9002547884280423
1736 2.9002547884280423
1737 2.9002547884280423
1738 3.973394862350924
1739 3.973394862350924
1740 3.973394862350924
1741 5.220997104301441
1742 5.220997104301441
1743 5.220997104301441
1744 5.220997104301441
1745 5.220997104301441
1746 5.496516496415533
1747 5.496516496415533
1748 5.496516496415533
1749 5.496516496415533
1750 5.496516496415533
1751 4.258489831840725
1752 4.258489831840725
1753 4.258489831840725
1754 4.258489831840725
1755 4.258489831840725
1756 4.652980108442276
1757 1.6533688981687116
1758 1.6533688981687116
1759 1.6533688981687116
1760 1.6533688981687116
1761 1.6533688981687116
1762 1.9519837238681554
1763 1.9519837238681554
1764 1.9519837238681554
1765 3.080575832793726
1766 3.080575832793726
1767 3.080575832793726
1768 3.080575832793726
1769 2.2856069257052907
1770 2.2856069257052907
1771 2.2856069257052907
1772 0.25174094399882385
1773 0.25174094399882385
1774 0.25174094399882385
1775 0.25174094399882385
1776 0.25174094399882385
1777 0.13315505594803403
1778 0.13315505594803403
1779 0.13315505594803403
1780 0.13315505594803403
1781 0.13315505594803403
1782 0.31921944584325157
1783 0.31921944584325157
1784 0.31921944584325157
1785 0.31921944584325157
1786 0.31921944584325157
1787 0.16412063648247258
1788 0.16412063648247258
1789 0.16412063648247258
1790 0.16412063648247258
1791 0.16412063648247258
1792 0.23745115323490604
1793 0.23745115323490604
1794 0.23745115323490604
1795 0.23745115323490604
1796 0.23745115323490604
1797 0.1749905240180077
1798 0.1749905240180077
1799 0.1749905240180077
1800 0.1749905240180077
1801 0.1749905240180077
1802 0.1
1803 0.1
1804 0.1
1805 0.1
1806 0.1
1807 0.11940700059015484
1808 0.11940700059015484
1809 0.11940700059015484
1810 0.11940700059015484
1811 2.202377900014419
1812 2.202377900014419
1813 1.6608659474736214
1814 1.6608659474736214
1815 1.6608659474736214
1816 1.6608659474736214
1817 1.6608659474736214
1818 2.0405022765762606
1819 2.0405022765762606
1820 2.0405022765762606
1821 1.1825548293787145
1822 1.1825548293787145
1823 1.1825548293787145
1824 1.1825548293787145
1825 1.1825548293787145
1826 1.590667600650182
1827 1.590667600650182
1828 1.590667600650182
1829 1.590667600650182
1830 1.590667600650182
1831 1.8527098203062577
1832 1.8527098203062577
1833 1.8527098203062577
1834 1.8527098203062577
1835 1.8527098203062577
1836 2.127971038073316
1837 2.127971038073316
1838 2.127971038073316
1839 2.127971038073316
1840 2.127971038073316
1841 1.4834412490119337
1842 1.4834412490119337
1843 1.4834412490119337
1844 1.4834412490119337
1845 1.4834412490119337
1846 1.8524944377998738
1847 1.8524944377998738
1848 5.35071991277746
1849 5.35071991277746
1850 5.35071991277746
1851 3.490771570662039
1852 3.490771570662039
1853 3.490771570662039
1854 3.490771570662039
1855 3.490771570662039
1856 2.750463424908324
1857 2.750463424908324
1858 2.750463424908324
1859 2.750463424908324
1860 2.750463424908324
1861 2.9489703690414917
1862 2.9489703690414917
1863 2.9489703690414917
1864 2.9489703690414917
1865 2.9489703690414917
1866 2.9333021716956864
1867 2.9333021716956864
1868 2.9333021716956864
1869 2.9333021716956864
1870 2.9333021716956864
1871 1.971047978989806
1872 1.971047978989806
1873 1.971047978989806
1874 1.971047978989806
1875 1.0298596727775813
1876 1.0298596727775813
1877 1.0298596727775813
1878 1.0298596727775813
1879 1.0298596727775813
1880 0.4639380232630408
1881 1.6813525097975455
1882 1.6813525097975455
1883 1.6813525097975455
1884 1.6813525097975455
1885 1.6813525097975455
1886 1.6742456893236142
1887 1.6742456893236142
1888 1.6742456893236142
1889 1.6742456893236142
1890 1.6742456893236142
1891 2.1185150449940444
1892 2.1185150449940444
1893 5.451915796613424
1894 5.451915796613424
1895 5.451915796613424
1896 5.451915796613424
1897 5.451915796613424
1898 3.9610778731253924
1899 3.9610778731253924
1900 3.9610778731253924
1901 3.9610778731253924
1902 3.9610778731253924
1903 3.993764253329641
1904 3.993764253329641
1905 3.993764253329641
1906 3.993764253329641
1907 3.993764253329641
1908 4.926878609018237
1909 2.7675593383268025
1910 2.7675593383268025
1911 4.15176558146252
1912 4.15176558146252
1913 4.15176558146252
1914 4.15176558146252
1915 4.15176558146252
1916 2.8976153765025687
1917 2.8976153765025687
1918 2.8976153765025687
1919 2.8976153765025687
1920 2.8976153765025687
1921 3.198169534485091
1922 3.198169534485091
1923 3.198169534485091
1924 3.198169534485091
1925 3.198169534485091
1926 4.651502096861038
1927 4.651502096861038
1928 4.651502096861038
1929 4.651502096861038
1930 4.651502096861038
1931 3.394334119245161
1932 3.394334119245161
1933 3.394334119245161
1934 0.6797114053760159
1935 0.6797114053760159
1936 0.6797114053760159
1937 0.6797114053760159
1938 0.6797114053760159
1939 2.1783136964278182
1940 2.1783136964278182
1941 2.1783136964278182
1942 2.1783136964278182
1943 2.1783136964278182
1944 3.7180492797001383
1945 3.7180492797001383
1946 3.7180492797001383
1947 3.7180492797001383
1948 4.374785401641826
1949 4.374785401641826
1950 4.374785401641826
1951 0.9787204386461081
1952 0.9787204386461081
1953 0.9787204386461081
1954 2.7729054438505667
1955 2.7729054438505667
1956 2.7729054438505667
1957 2.7729054438505667
1958 2.7729054438505667
1959 1.8772855415574927
1960 1.8772855415574927
1961 0.5823865909247773
1962 3.423184155695766
1963 3.423184155695766
1964 3.423184155695766
1965 3.423184155695766
1966 3.423184155695766
1967 3.78526793853159
1968 3.78526793853159
1969 3.78526793853159
1970 3.78526793853159
1971 3.78526793853159
1972 2.643608785391461
1973 2.643608785391461
1974 0.6302691249151819
1975 0.6302691249151819
1976 0.6302691249151819
1977 0.6302691249151819
1978 0.6302691249151819
1979 0.4871734840057309
1980 2.2532513861756085
1981 2.2532513861756085
1982 2.2532513861756085
1983 2.2532513861756085
1984 2.2532513861756085
1985 3.0568862332171074
1986 3.0568862332171074
1987 3.0568862332171074
1988 3.0568862332171074
1989 3.0568862332171074
1990 2.318027989844916
1991 2.318027989844916
1992 2.318027989844916
1993 2.318027989844916
1994 2.318027989844916
1995 1.0114196623328855
1996 1.0114196623328855
1997 1.0114196623328855
1998 1.0114196623328855
1999 1.0114196623328855
