0 0.23019726308742927
1 0.23019726308742927
2 0.23019726308742927
3 0.23019726308742927
4 0.19465917877862654
5 0.19465917877862654
6 0.19465917877862654
7 0.19465917877862654
8 0.22856539400135326
9 0.22856539400135326
10 0.22856539400135326
11 0.22856539400135326
12 0.16535549835261132
13 0.16535549835261132
14 0.16535549835261132
15 0.16535549835261132
16 0.26351460221853484
17 0.26351460221853484
18 0.26351460221853484
19 0.26351460221853484
20 0.22465686844829963
21 0.22465686844829963
22 0.22465686844829963
23 0.22465686844829963
24 0.23406226145521292
25 0.23406226145521292
26 0.23406226145521292
27 0.23406226145521292
28 0.1985274480988183
29 0.1985274480988183
30 0.1985274480988183
31 0.1985274480988183
32 0.20656836470211346
33 0.20656836470211346
34 0.20656836470211346
35 0.20656836470211346
36 0.23046159994856655
37 0.23046159994856655
38 0.23046159994856655
39 0.23046159994856655
40 0.22880190005041393
41 0.22880190005041393
42 0.22880190005041393
43 0.22880190005041393
44 0.20777389177993152
45 0.20777389177993152
46 0.20777389177993152
47 0.20777389177993152
48 0.2365180805836114
49 0.2365180805836114
50 0.2365180805836114
51 0.2365180805836114
52 0.11754979531809148
53 0.11754979531809148
54 2.7567683342122993
55 2.7567683342122993
56 2.7567683342122993
57 0.6898866062491301
58 0.6898866062491301
59 0.6898866062491301
60 0.6898866062491301
61 0.6159623466043435
62 0.6159623466043435
63 0.6159623466043435
64 0.6159623466043435
65 0.7363517588404136
66 0.7363517588404136
67 0.7363517588404136
68 0.7363517588404136
69 0.5975144545971967
70 0.5975144545971967
71 0.5975144545971967
72 0.5975144545971967
73 0.6718938219907764
74 0.6718938219907764
75 0.6718938219907764
76 0.6718938219907764
77 0.5489791713250969
78 0.5489791713250969
79 0.5489791713250969
80 0.5489791713250969
81 0.5895888650116579
82 0.5895888650116579
83 0.5895888650116579
84 0.5895888650116579
85 0.677518551590904
86 0.677518551590904
87 0.677518551590904
88 0.677518551590904
89 0.9027284913688236
90 0.9027284913688236
91 0.9027284913688236
92 0.9027284913688236
93 0.6016161704263091
94 0.6016161704263091
95 0.6016161704263091
96 0.6016161704263091
97 0.7282675124629389
98 2.8729100128426786
99 2.8729100128426786
100 2.8729100128426786
101 2.8729100128426786
102 3.721983891641993
103 3.721983891641993
104 3.721983891641993
105 3.721983891641993
106 2.7586843443032634
107 2.7586843443032634
108 2.7586843443032634
109 2.7586843443032634
110 3.203216459534482
111 3.203216459534482
112 3.203216459534482
113 3.203216459534482
114 3.7835681975854873
115 3.7835681975854873
116 3.7835681975854873
117 3.7835681975854873
118 2.9438543263240544
119 2.9438543263240544
120 2.9438543263240544
121 2.9438543263240544
122 2.8178686241326014
123 2.8178686241326014
124 2.8178686241326014
125 2.8178686241326014
126 3.8454267654222347
127 3.8454267654222347
128 3.8454267654222347
129 3.8454267654222347
130 3.03119411643016
131 3.03119411643016
132 3.03119411643016
133 3.03119411643016
134 2.9209601112604338
135 2.9209601112604338
136 2.9209601112604338
137 2.9209601112604338
138 3.2765073801961244
139 3.2765073801961244
140 3.2765073801961244
141 3.2765073801961244
142 3.702226827646832
143 3.702226827646832
144 3.702226827646832
145 3.702226827646832
146 3.7670506045200165
147 3.7670506045200165
148 3.7670506045200165
149 3.7670506045200165
150 2.443228596866833
151 2.443228596866833
152 2.443228596866833
153 2.443228596866833
154 2.5393142779891456
155 2.5393142779891456
156 3.3690362840274477
157 3.3690362840274477
158 3.3690362840274477
159 3.3690362840274477
160 3.2755705192877294
161 3.2755705192877294
162 3.2755705192877294
163 3.2755705192877294
164 3.7629532072866976
165 3.7629532072866976
166 3.7629532072866976
167 3.7629532072866976
168 3.6867789869941756
169 3.6867789869941756
170 3.6867789869941756
171 3.6867789869941756
172 2.3691115951653656
173 2.3691115951653656
174 2.3691115951653656
175 2.3691115951653656
176 1.355091619750975
177 1.355091619750975
178 1.355091619750975
179 1.355091619750975
180 2.4519947559611626
181 2.4519947559611626
182 2.4519947559611626
183 2.4519947559611626
184 2.573495780321731
185 2.573495780321731
186 2.573495780321731
187 2.573495780321731
188 1.6098031867457157
189 1.6098031867457157
190 1.6098031867457157
191 1.6098031867457157
192 2.5590563988526744
193 2.5590563988526744
194 2.5590563988526744
195 2.5590563988526744
196 2.304435417774864
197 2.304435417774864
198 2.304435417774864
199 2.304435417774864
200 1.486970461211554
201 1.486970461211554
202 1.486970461211554
203 1.486970461211554
204 1.6909502368369087
205 1.6909502368369087
206 1.6909502368369087
207 1.6909502368369087
208 1.6354385314335766
209 1.6354385314335766
210 1.6354385314335766
211 1.6354385314335766
212 1.8543269569002343
213 1.8543269569002343
214 1.8543269569002343
215 1.8543269569002343
216 2.0679779132525944
217 2.0679779132525944
218 2.0679779132525944
219 2.0679779132525944
220 2.1184869532443775
221 2.1184869532443775
222 2.1184869532443775
223 2.1184869532443775
224 2.0047645150033584
225 2.0047645150033584
226 2.0047645150033584
227 2.0047645150033584
228 2.259888428567319
229 2.259888428567319
230 2.259888428567319
231 2.259888428567319
232 2.856136654548959
233 2.856136654548959
234 2.856136654548959
235 2.856136654548959
236 2.236154859163669
237 2.236154859163669
238 2.236154859163669
239 2.236154859163669
240 2.4355181939409043
241 2.4355181939409043
242 2.4355181939409043
243 2.4355181939409043
244 2.175849848372974
245 2.175849848372974
246 2.175849848372974
247 2.175849848372974
248 2.1654252796775166
249 2.1654252796775166
250 2.1654252796775166
251 2.1654252796775166
252 2.2672684755970773
253 2.2672684755970773
254 2.2672684755970773
255 2.2672684755970773
256 1.6471944880140794
257 1.6471944880140794
258 1.6471944880140794
259 1.6471944880140794
260 2.162213798841085
261 2.162213798841085
262 2.162213798841085
263 2.162213798841085
264 2.870618869569887
265 2.870618869569887
266 2.870618869569887
267 2.870618869569887
268 2.5910532950111342
269 2.5910532950111342
270 2.5910532950111342
271 2.5910532950111342
272 2.599810542763845
273 2.599810542763845
274 2.599810542763845
275 2.599810542763845
276 1.9922694917071015
277 1.9922694917071015
278 1.9922694917071015
279 1.9922694917071015
280 2.335442273915337
281 2.335442273915337
282 2.335442273915337
283 2.335442273915337
284 2.126565722812279
285 2.126565722812279
286 2.126565722812279
287 2.126565722812279
288 2.2697136863471274
289 2.2697136863471274
290 2.2697136863471274
291 2.2697136863471274
292 2.4044263558181727
293 2.4044263558181727
294 2.4044263558181727
295 2.4044263558181727
296 1.8809190221897734
297 1.8809190221897734
298 1.8809190221897734
299 1.8809190221897734
300 2.465436918138254
301 2.465436918138254
302 2.465436918138254
303 2.465436918138254
304 2.2405391856072034
305 2.2405391856072034
306 2.2405391856072034
307 2.2405391856072034
308 2.3632032183313245
309 2.3632032183313245
310 2.3632032183313245
311 3.4454371103559227
312 3.4454371103559227
313 3.4454371103559227
314 3.4454371103559227
315 2.7060666957261987
316 2.7060666957261987
317 2.7060666957261987
318 2.7060666957261987
319 2.0705157173729782
320 2.0705157173729782
321 2.0705157173729782
322 2.0705157173729782
323 2.6438668731710955
324 2.6438668731710955
325 2.6438668731710955
326 2.6438668731710955
327 1.4925000090339535
328 1.4925000090339535
329 1.4925000090339535
330 1.4925000090339535
331 1.6907084142999198
332 1.6907084142999198
333 1.6907084142999198
334 1.6907084142999198
335 1.812242932789488
336 1.812242932789488
337 1.812242932789488
338 1.812242932789488
339 1.6774486652611211
340 1.6774486652611211
341 1.6774486652611211
342 1.6774486652611211
343 1.4864372079679933
344 1.4864372079679933
345 1.4864372079679933
346 1.4864372079679933
347 1.3946153613920445
348 1.3946153613920445
349 1.3946153613920445
350 1.3946153613920445
351 1.9807486394176397
352 1.9807486394176397
353 1.9807486394176397
354 1.9807486394176397
355 1.3516667412549659
356 1.3516667412549659
357 1.3516667412549659
358 1.3516667412549659
359 1.3918075140701616
360 1.3918075140701616
361 1.3918075140701616
362 3.901277283987728
363 3.901277283987728
364 3.901277283987728
365 3.901277283987728
366 3.3024934998492697
367 3.3024934998492697
368 3.3024934998492697
369 3.3024934998492697
370 3.936932534237238
371 3.936932534237238
372 3.936932534237238
373 3.936932534237238
374 4.0200788715337845
375 4.0200788715337845
376 4.0200788715337845
377 4.0200788715337845
378 2.3041984018223727
379 2.3041984018223727
380 2.3041984018223727
381 2.3041984018223727
382 3.532385562837426
383 3.532385562837426
384 3.532385562837426
385 3.532385562837426
386 4.5197551447425015
387 4.5197551447425015
388 4.5197551447425015
389 4.5197551447425015
390 2.4589052122856874
391 2.4589052122856874
392 2.4589052122856874
393 2.4589052122856874
394 3.884670866605515
395 3.884670866605515
396 3.884670866605515
397 3.884670866605515
398 3.5145080124485335
399 3.5145080124485335
400 3.5145080124485335
401 3.5145080124485335
402 3.7349914656584615
403 3.7349914656584615
404 3.7349914656584615
405 3.7349914656584615
406 3.561060616781867
407 3.561060616781867
408 3.561060616781867
409 3.561060616781867
410 4.982761133418426
411 4.982761133418426
412 4.982761133418426
413 4.982761133418426
414 4.01741254990807
415 4.01741254990807
416 4.01741254990807
417 4.01741254990807
418 2.9746971084954046
419 2.9746971084954046
420 2.9746971084954046
421 2.9746971084954046
422 3.3253646684504554
423 3.3253646684504554
424 3.3253646684504554
425 3.3253646684504554
426 3.380827528404586
427 3.380827528404586
428 3.380827528404586
429 3.380827528404586
430 4.185419146672826
431 4.185419146672826
432 4.185419146672826
433 4.185419146672826
434 4.117717435321708
435 4.117717435321708
436 4.117717435321708
437 4.117717435321708
438 3.9739182602524807
439 3.9739182602524807
440 3.9739182602524807
441 3.9739182602524807
442 2.8206225984284177
443 2.8206225984284177
444 2.8206225984284177
445 2.8206225984284177
446 3.8850761335583424
447 3.8850761335583424
448 3.8850761335583424
449 3.8850761335583424
450 4.570526361236265
451 4.570526361236265
452 4.570526361236265
453 4.570526361236265
454 4.106621495233226
455 4.106621495233226
456 4.106621495233226
457 4.106621495233226
458 2.6125636805124315
459 2.6125636805124315
460 2.6125636805124315
461 2.6125636805124315
462 4.066484683165174
463 4.066484683165174
464 4.066484683165174
465 4.066484683165174
466 4.618112295583463
467 4.618112295583463
468 4.618112295583463
469 4.618112295583463
470 4.468649738249609
471 4.468649738249609
472 4.468649738249609
473 4.468649738249609
474 4.28766138455653
475 1.5529938900266929
476 1.5529938900266929
477 1.5529938900266929
478 1.5529938900266929
479 1.79700045718604
480 1.79700045718604
481 1.79700045718604
482 1.79700045718604
483 1.7131689192987833
484 0.946323433195001
485 0.946323433195001
486 0.946323433195001
487 0.946323433195001
488 1.3508114987520246
489 1.3508114987520246
490 1.3508114987520246
491 1.3508114987520246
492 1.255148044664364
493 1.255148044664364
494 1.255148044664364
495 1.255148044664364
496 1.1690667046498253
497 1.1690667046498253
498 1.1690667046498253
499 1.1690667046498253
500 1.2460193662632015
501 1.2460193662632015
502 1.2460193662632015
503 1.2460193662632015
504 0.9581127621377212
505 0.9581127621377212
506 0.9581127621377212
507 0.9581127621377212
508 1.109915294325975
509 1.109915294325975
510 1.109915294325975
511 1.109915294325975
512 1.0113608711593485
513 3.1039184054645825
514 3.1039184054645825
515 3.1039184054645825
516 3.1039184054645825
517 3.0917101181513753
518 3.0917101181513753
519 3.0917101181513753
520 3.0917101181513753
521 2.169365780051519
522 2.169365780051519
523 2.169365780051519
524 3.443467773432257
525 3.443467773432257
526 3.443467773432257
527 3.443467773432257
528 3.5042730111464144
529 3.5042730111464144
530 3.5042730111464144
531 3.5042730111464144
532 3.04816683057031
533 3.04816683057031
534 3.04816683057031
535 3.04816683057031
536 3.5514654108278894
537 3.5514654108278894
538 3.5514654108278894
539 3.5514654108278894
540 2.8055083057785977
541 2.8055083057785977
542 2.8055083057785977
543 2.8055083057785977
544 4.3909362203145275
545 4.3909362203145275
546 4.3909362203145275
547 4.3909362203145275
548 3.1821696123476344
549 3.1821696123476344
550 3.1821696123476344
551 3.1821696123476344
552 3.764694716469945
553 3.764694716469945
554 3.764694716469945
555 3.764694716469945
556 3.495642897928187
557 3.495642897928187
558 3.495642897928187
559 3.495642897928187
560 3.7721716396136977
561 3.7721716396136977
562 3.7721716396136977
563 3.7721716396136977
564 3.861628564019907
565 3.861628564019907
566 3.861628564019907
567 3.861628564019907
568 3.75495049996669
569 3.75495049996669
570 3.75495049996669
571 3.75495049996669
572 2.7068341065029857
573 2.7068341065029857
574 2.7068341065029857
575 2.7068341065029857
576 3.998431102025857
577 3.998431102025857
578 3.998431102025857
579 3.998431102025857
580 4.319147898170555
581 4.319147898170555
582 4.319147898170555
583 4.319147898170555
584 3.1365361233320597
585 3.1365361233320597
586 3.1365361233320597
587 3.1365361233320597
588 2.7217444851683297
589 2.7217444851683297
590 2.7217444851683297
591 2.7217444851683297
592 4.030333176373314
593 4.030333176373314
594 4.030333176373314
595 4.030333176373314
596 3.1925993442594276
597 3.1925993442594276
598 3.1925993442594276
599 3.1925993442594276
600 3.7325219587252754
601 3.7325219587252754
602 3.7325219587252754
603 3.7325219587252754
604 3.495168053043541
605 3.495168053043541
606 3.495168053043541
607 3.495168053043541
608 3.6048080711006487
609 3.6048080711006487
610 3.6048080711006487
611 3.6048080711006487
612 3.0553785576564496
613 3.0553785576564496
614 3.0553785576564496
615 3.0553785576564496
616 3.6559937816922807
617 3.6559937816922807
618 3.6559937816922807
619 3.6559937816922807
620 3.8857703840327478
621 3.8857703840327478
622 3.945367676545996
623 3.945367676545996
624 3.945367676545996
625 3.945367676545996
626 5.956503473675361
627 5.956503473675361
628 5.956503473675361
629 5.956503473675361
630 1.637932371348768
631 1.637932371348768
632 1.637932371348768
633 1.637932371348768
634 1.799381661535821
635 1.799381661535821
636 1.799381661535821
637 1.799381661535821
638 2.0862065662405826
639 2.0862065662405826
640 2.0862065662405826
641 2.0862065662405826
642 1.8786046518955248
643 1.8786046518955248
644 1.8786046518955248
645 1.8786046518955248
646 1.7091061955560125
647 1.7091061955560125
648 1.7091061955560125
649 1.7091061955560125
650 2.009287079975888
651 2.009287079975888
652 2.009287079975888
653 2.009287079975888
654 2.462182994961899
655 2.462182994961899
656 2.462182994961899
657 2.462182994961899
658 2.140830693548226
659 2.140830693548226
660 2.140830693548226
661 2.140830693548226
662 1.9596028572718338
663 1.9596028572718338
664 1.9596028572718338
665 1.9596028572718338
666 2.2840974948827624
667 2.2840974948827624
668 2.2840974948827624
669 2.2840974948827624
670 1.7554731439901834
671 1.7554731439901834
672 1.7554731439901834
673 1.7554731439901834
674 2.3026893244582163
675 2.3026893244582163
676 2.3026893244582163
677 2.3026893244582163
678 2.2629515026988205
679 2.2629515026988205
680 2.2629515026988205
681 2.2629515026988205
682 2.4404656062715504
683 2.4404656062715504
684 2.4404656062715504
685 2.4404656062715504
686 1.9840116130505505
687 1.9840116130505505
688 1.9840116130505505
689 1.9840116130505505
690 1.9822089814701842
691 1.9822089814701842
692 1.9822089814701842
693 1.9822089814701842
694 2.291473290400207
695 2.291473290400207
696 2.291473290400207
697 2.291473290400207
698 2.4026491083614583
699 2.4026491083614583
700 2.4026491083614583
701 2.4026491083614583
702 2.858446250835028
703 2.858446250835028
704 2.858446250835028
705 2.5881951319003287
706 2.5881951319003287
707 2.5881951319003287
708 2.5881951319003287
709 3.16610183220786
710 3.16610183220786
711 3.16610183220786
712 3.16610183220786
713 2.8814465758989325
714 2.8814465758989325
715 2.8814465758989325
716 2.8814465758989325
717 2.193375900115477
718 2.193375900115477
719 2.193375900115477
720 2.193375900115477
721 2.431021440972211
722 2.431021440972211
723 2.431021440972211
724 2.431021440972211
725 2.276370842514143
726 2.276370842514143
727 2.276370842514143
728 2.276370842514143
729 2.038607989720406
730 2.038607989720406
731 1.8333897690000969
732 1.8333897690000969
733 1.8333897690000969
734 1.8333897690000969
735 2.002506045235018
736 2.002506045235018
737 2.002506045235018
738 2.002506045235018
739 2.7697498344009452
740 2.7697498344009452
741 2.7697498344009452
742 2.7697498344009452
743 1.8307942090865925
744 1.8307942090865925
745 1.8307942090865925
746 1.8307942090865925
747 2.468687134085529
748 2.468687134085529
749 2.468687134085529
750 2.468687134085529
751 2.231783720824109
752 2.231783720824109
753 2.231783720824109
754 2.231783720824109
755 2.1960413354355177
756 2.1960413354355177
757 2.1960413354355177
758 2.1960413354355177
759 2.1273864266663316
760 2.1273864266663316
761 2.1273864266663316
762 2.1273864266663316
763 2.0357790260020336
764 2.0357790260020336
765 2.0357790260020336
766 2.0357790260020336
767 1.537593297309946
768 1.537593297309946
769 1.537593297309946
770 1.537593297309946
771 2.0077539097326413
772 2.0077539097326413
773 2.635901462210446
774 2.635901462210446
775 2.635901462210446
776 2.635901462210446
777 3.150913759534985
778 3.150913759534985
779 3.150913759534985
780 3.150913759534985
781 2.9747271820478574
782 2.9747271820478574
783 2.9747271820478574
784 2.9747271820478574
785 3.211608321577205
786 3.211608321577205
787 3.211608321577205
788 3.211608321577205
789 4.132450908249325
790 4.132450908249325
791 4.132450908249325
792 4.132450908249325
793 3.8777168640373545
794 3.8777168640373545
795 3.8777168640373545
796 3.8777168640373545
797 3.93075466954475
798 3.93075466954475
799 3.93075466954475
800 3.93075466954475
801 3.2772975239096227
802 3.2772975239096227
803 3.2772975239096227
804 3.2772975239096227
805 3.0601291868722096
806 3.0601291868722096
807 3.0601291868722096
808 3.0601291868722096
809 2.617728669888553
810 2.617728669888553
811 2.617728669888553
812 2.617728669888553
813 2.5013933120748684
814 2.5013933120748684
815 2.5013933120748684
816 2.5013933120748684
817 3.556790144062173
818 3.556790144062173
819 3.556790144062173
820 3.556790144062173
821 3.916051736436676
822 3.916051736436676
823 3.916051736436676
824 3.916051736436676
825 3.2892007023898326
826 3.2892007023898326
827 3.2892007023898326
828 3.2892007023898326
829 3.550635643313133
830 3.550635643313133
831 3.550635643313133
832 3.550635643313133
833 3.146673037999866
834 3.146673037999866
835 3.146673037999866
836 3.146673037999866
837 3.7490605850325167
838 3.7490605850325167
839 3.7490605850325167
840 3.7490605850325167
841 3.1378526721700757
842 3.1378526721700757
843 3.1378526721700757
844 3.1378526721700757
845 2.9905069397867017
846 2.9905069397867017
847 2.9905069397867017
848 2.9905069397867017
849 2.2531823084023817
850 2.2531823084023817
851 2.2531823084023817
852 2.2531823084023817
853 2.528835029721046
854 2.528835029721046
855 2.528835029721046
856 2.528835029721046
857 1.280985150255857
858 1.280985150255857
859 1.280985150255857
860 1.280985150255857
861 2.15429797603435
862 2.15429797603435
863 0.9757796457018296
864 0.9757796457018296
865 0.9757796457018296
866 0.9757796457018296
867 1.8017208814598002
868 1.8017208814598002
869 1.8017208814598002
870 1.8017208814598002
871 2.0373380330777957
872 2.0373380330777957
873 2.0373380330777957
874 2.0373380330777957
875 2.690644463323081
876 2.690644463323081
877 2.690644463323081
878 2.690644463323081
879 1.951966730230434
880 1.951966730230434
881 1.951966730230434
882 1.951966730230434
883 1.9998351263363698
884 1.9998351263363698
885 1.9998351263363698
886 1.9998351263363698
887 2.5224509357840463
888 2.5224509357840463
889 2.5224509357840463
890 2.5224509357840463
891 2.5223575921047834
892 2.5223575921047834
893 2.5223575921047834
894 2.5223575921047834
895 3.271711164167895
896 3.271711164167895
897 0.6002283769222471
898 0.6002283769222471
899 0.6002283769222471
900 0.6002283769222471
901 0.6748784212177494
902 0.6748784212177494
903 0.6748784212177494
904 0.6748784212177494
905 0.8214811513883227
906 0.8214811513883227
907 0.8214811513883227
908 0.8214811513883227
909 3.240286689409775
910 3.240286689409775
911 3.240286689409775
912 3.240286689409775
913 3.4089590583407077
914 3.4089590583407077
915 3.4089590583407077
916 3.4089590583407077
917 2.9464484075650534
918 2.9464484075650534
919 2.9464484075650534
920 2.9464484075650534
921 2.9723755435807533
922 2.9723755435807533
923 2.9723755435807533
924 2.9723755435807533
925 2.7337488846487696
926 2.7337488846487696
927 2.7337488846487696
928 2.7337488846487696
929 2.6805923925379096
930 2.6805923925379096
931 2.6805923925379096
932 2.6805923925379096
933 3.1296444658178846
934 3.1296444658178846
935 3.1296444658178846
936 3.1296444658178846
937 2.864872830666849
938 2.864872830666849
939 2.864872830666849
940 2.864872830666849
941 3.0769957832968395
942 3.0769957832968395
943 3.0769957832968395
944 3.0769957832968395
945 3.105765932746906
946 3.105765932746906
947 3.105765932746906
948 3.105765932746906
949 2.633791114326213
950 2.633791114326213
951 2.633791114326213
952 2.633791114326213
953 2.707534498966262
954 2.707534498966262
955 2.707534498966262
956 2.707534498966262
957 3.07009113525169
958 3.07009113525169
959 3.07009113525169
960 3.07009113525169
961 2.0951581841988087
962 2.0951581841988087
963 2.0951581841988087
964 2.0951581841988087
965 3.223089143301426
966 3.223089143301426
967 3.223089143301426
968 3.223089143301426
969 2.5833865974585484
970 2.5833865974585484
971 2.5833865974585484
972 2.5833865974585484
973 2.243010675899045
974 2.243010675899045
975 2.243010675899045
976 2.243010675899045
977 3.5218855025658984
978 3.5218855025658984
979 3.5218855025658984
980 3.5218855025658984
981 2.6316834929107693
982 2.6316834929107693
983 2.6316834929107693
984 2.6316834929107693
985 3.314288573546301
986 3.314288573546301
987 3.314288573546301
988 3.314288573546301
989 2.659954302980554
990 2.659954302980554
991 2.659954302980554
992 2.659954302980554
993 3.2300736739542395
994 3.2300736739542395
995 3.2300736739542395
996 3.2300736739542395
997 1.9052165313311393
998 1.9052165313311393
999 1.9052165313311393
1000 1.9052165313311393
1001 3.5752374702330014
1002 3.5752374702330014
1003 3.5752374702330014
1004 3.5752374702330014
1005 2.4557392573683163
1006 2.4557392573683163
1007 2.4557392573683163
1008 2.4557392573683163
1009 3.5719837145341296
1010 3.5719837145341296
1011 3.5719837145341296
1012 3.5719837145341296
1013 3.4975155563250575
1014 3.4975155563250575
1015 3.4975155563250575
1016 3.4975155563250575
1017 2.345474200127885
1018 2.0189996810175415
1019 2.0189996810175415
1020 2.0189996810175415
1021 2.0189996810175415
1022 2.144721017628754
1023 2.144721017628754
1024 2.144721017628754
1025 2.144721017628754
1026 2.4174612814965593
1027 2.4174612814965593
1028 2.4174612814965593
1029 2.4174612814965593
1030 1.9496478925520306
1031 1.9496478925520306
1032 1.9496478925520306
1033 1.9496478925520306
1034 2.0642755629940504
1035 2.0642755629940504
1036 2.0642755629940504
1037 2.0642755629940504
1038 2.0764327464242243
1039 2.0764327464242243
1040 1.5201636808347103
1041 1.5201636808347103
1042 1.5201636808347103
1043 1.5201636808347103
1044 1.7369514044955041
1045 1.7369514044955041
1046 1.7369514044955041
1047 1.7369514044955041
1048 1.7863044825861705
1049 1.7863044825861705
1050 1.7863044825861705
1051 1.7863044825861705
1052 1.8472828441731022
1053 1.8472828441731022
1054 1.8472828441731022
1055 1.8472828441731022
1056 1.5423080642897522
1057 1.5423080642897522
1058 1.5423080642897522
1059 1.5423080642897522
1060 1.7504199333901493
1061 1.7504199333901493
1062 1.7504199333901493
1063 1.7504199333901493
1064 2.0612363804542015
1065 2.0612363804542015
1066 2.0612363804542015
1067 2.0612363804542015
1068 1.672065628532311
1069 1.672065628532311
1070 1.672065628532311
1071 1.672065628532311
1072 1.6919631694035637
1073 1.6919631694035637
1074 1.6919631694035637
1075 1.6919631694035637
1076 1.186428685764934
1077 1.186428685764934
1078 1.186428685764934
1079 1.186428685764934
1080 1.5687172610129736
1081 1.5687172610129736
1082 1.5687172610129736
1083 1.5687172610129736
1084 1.053863965069799
1085 1.053863965069799
1086 1.053863965069799
1087 1.053863965069799
1088 1.6360871940793842
1089 1.6360871940793842
1090 1.6360871940793842
1091 1.6360871940793842
1092 1.5268938320581054
1093 1.5268938320581054
1094 1.5268938320581054
1095 1.5268938320581054
1096 1.2759907493318823
1097 1.2759907493318823
1098 1.2759907493318823
1099 1.2759907493318823
1100 1.22261637348744
1101 1.22261637348744
1102 1.22261637348744
1103 1.22261637348744
1104 1.3183256289663492
1105 1.3183256289663492
1106 1.3183256289663492
1107 1.3183256289663492
1108 1.6342351009000597
1109 1.6342351009000597
1110 1.6342351009000597
1111 1.6342351009000597
1112 1.8585790863801526
1113 1.8585790863801526
1114 1.8585790863801526
1115 1.8585790863801526
1116 1.3424597580847777
1117 1.3424597580847777
1118 1.3424597580847777
1119 1.3424597580847777
1120 1.0577816806128384
1121 1.0577816806128384
1122 1.0577816806128384
1123 1.0577816806128384
1124 1.497629732235218
1125 1.497629732235218
1126 1.497629732235218
1127 1.497629732235218
1128 1.7560124163608217
1129 1.7560124163608217
1130 1.7560124163608217
1131 1.7560124163608217
1132 1.366106429666246
1133 1.366106429666246
1134 1.366106429666246
1135 1.366106429666246
1136 1.9590657268754585
1137 1.9590657268754585
1138 1.9590657268754585
1139 1.9590657268754585
1140 1.448006864739074
1141 1.448006864739074
1142 1.448006864739074
1143 1.448006864739074
1144 1.67974055588591
1145 1.67974055588591
1146 1.67974055588591
1147 1.67974055588591
1148 1.4841666961278503
1149 1.4841666961278503
1150 1.4841666961278503
1151 1.4841666961278503
1152 1.3215959587262287
1153 1.3215959587262287
1154 1.3215959587262287
1155 1.3215959587262287
1156 1.7776032996636408
1157 1.7776032996636408
1158 1.7776032996636408
1159 1.7776032996636408
1160 1.678194453376545
1161 1.678194453376545
1162 1.678194453376545
1163 1.678194453376545
1164 1.6748843355783807
1165 1.6748843355783807
1166 1.6748843355783807
1167 1.6748843355783807
1168 2.3263308526174433
1169 2.3263308526174433
1170 2.3263308526174433
1171 2.3263308526174433
1172 2.1497649957497638
1173 2.1497649957497638
1174 2.1497649957497638
1175 2.1497649957497638
1176 1.9166208405834115
1177 1.9166208405834115
1178 1.9166208405834115
1179 1.9166208405834115
1180 1.725965581374666
1181 1.725965581374666
1182 1.725965581374666
1183 1.725965581374666
1184 2.1252580745195173
1185 2.1252580745195173
1186 2.1252580745195173
1187 2.1252580745195173
1188 1.8564759205742634
1189 1.8564759205742634
1190 1.8564759205742634
1191 1.8564759205742634
1192 2.214179043884558
1193 2.214179043884558
1194 2.214179043884558
1195 2.214179043884558
1196 1.3677354021779302
1197 1.3677354021779302
1198 1.3677354021779302
1199 1.3677354021779302
1200 1.9514199123620832
1201 1.9514199123620832
1202 1.9514199123620832
1203 1.9514199123620832
1204 1.665815720012131
1205 1.665815720012131
1206 1.665815720012131
1207 1.665815720012131
1208 1.8366216444874646
1209 1.8366216444874646
1210 1.8366216444874646
1211 1.8366216444874646
1212 1.706599781403859
1213 1.706599781403859
1214 1.706599781403859
1215 1.706599781403859
1216 1.7988104754906586
1217 1.7988104754906586
1218 1.7988104754906586
1219 1.7988104754906586
1220 1.788690131112469
1221 1.788690131112469
1222 1.788690131112469
1223 1.788690131112469
1224 1.9304026894572288
1225 1.9304026894572288
1226 1.9304026894572288
1227 1.9304026894572288
1228 1.9650918152034207
1229 1.9650918152034207
1230 1.9650918152034207
1231 1.9650918152034207
1232 1.903182865842407
1233 1.903182865842407
1234 1.903182865842407
1235 1.903182865842407
1236 1.8695233033830463
1237 1.8695233033830463
1238 1.8695233033830463
1239 1.8695233033830463
1240 2.396813631676017
1241 2.396813631676017
1242 2.396813631676017
1243 2.396813631676017
1244 2.0565394366511307
1245 2.0565394366511307
1246 2.0565394366511307
1247 2.0565394366511307
1248 2.2393823048996655
1249 2.2393823048996655
1250 2.2393823048996655
1251 2.2393823048996655
1252 2.2511542944850826
1253 2.2511542944850826
1254 2.2511542944850826
1255 2.2511542944850826
1256 1.8855247864138418
1257 1.8855247864138418
1258 1.8855247864138418
1259 1.8855247864138418
1260 2.3307836939112785
1261 2.3307836939112785
1262 2.3307836939112785
1263 2.3307836939112785
1264 1.8837021055170402
1265 1.8837021055170402
1266 1.8837021055170402
1267 1.8837021055170402
1268 1.596174825485347
1269 1.596174825485347
1270 1.596174825485347
1271 1.596174825485347
1272 2.0375585603171236
1273 2.0375585603171236
1274 2.0375585603171236
1275 2.0375585603171236
1276 1.6224887943586388
1277 1.6224887943586388
1278 1.6224887943586388
1279 1.6224887943586388
1280 2.3879047987537643
1281 2.3879047987537643
1282 2.3879047987537643
1283 2.3879047987537643
1284 2.4014622065723508
1285 2.4014622065723508
1286 2.4014622065723508
1287 2.4014622065723508
1288 3.780593713550084
1289 3.780593713550084
1290 3.780593713550084
1291 3.780593713550084
1292 2.809753543140842
1293 2.809753543140842
1294 2.809753543140842
1295 2.809753543140842
1296 4.2536437136812015
1297 4.2536437136812015
1298 4.2536437136812015
1299 4.2536437136812015
1300 3.301527856672073
1301 3.301527856672073
1302 3.301527856672073
1303 3.301527856672073
1304 3.544261662748485
1305 3.544261662748485
1306 3.544261662748485
1307 3.2574867231999622
1308 3.2574867231999622
1309 3.2574867231999622
1310 3.2574867231999622
1311 3.126784763308655
1312 3.126784763308655
1313 3.126784763308655
1314 3.126784763308655
1315 3.5612109223009005
1316 3.5612109223009005
1317 3.5612109223009005
1318 3.5612109223009005
1319 3.5635696375790267
1320 3.5635696375790267
1321 3.5635696375790267
1322 3.5635696375790267
1323 3.0628181450435745
1324 3.0628181450435745
1325 3.0628181450435745
1326 3.0628181450435745
1327 3.106543716479584
1328 3.106543716479584
1329 3.106543716479584
1330 3.106543716479584
1331 3.230341727513745
1332 3.230341727513745
1333 3.230341727513745
1334 3.230341727513745
1335 2.0900100969001256
1336 2.0900100969001256
1337 2.0900100969001256
1338 2.0900100969001256
1339 3.2267857843003913
1340 3.2267857843003913
1341 3.2267857843003913
1342 3.2267857843003913
1343 3.0614050685675043
1344 3.0614050685675043
1345 1.5047616624936702
1346 1.5047616624936702
1347 1.5047616624936702
1348 1.5047616624936702
1349 1.7247595520730268
1350 1.7247595520730268
1351 1.7247595520730268
1352 1.7247595520730268
1353 1.3385083168716925
1354 1.3385083168716925
1355 1.3385083168716925
1356 1.3385083168716925
1357 1.5814365034949764
1358 1.5814365034949764
1359 1.5814365034949764
1360 1.5814365034949764
1361 1.9642616861698157
1362 1.9642616861698157
1363 1.9642616861698157
1364 1.9642616861698157
1365 1.574107460887446
1366 1.574107460887446
1367 1.574107460887446
1368 1.574107460887446
1369 1.782715263661098
1370 1.782715263661098
1371 0.6080121961775454
1372 0.6080121961775454
1373 0.6080121961775454
1374 0.6080121961775454
1375 0.7069318956640197
1376 0.7069318956640197
1377 0.7069318956640197
1378 0.7069318956640197
1379 0.5546372676094375
1380 0.5546372676094375
1381 0.5546372676094375
1382 0.5546372676094375
1383 0.6824076929248772
1384 0.6824076929248772
1385 0.6824076929248772
1386 0.6824076929248772
1387 0.503000775387563
1388 0.503000775387563
1389 0.503000775387563
1390 0.503000775387563
1391 0.6557866586139275
1392 0.6557866586139275
1393 0.6557866586139275
1394 0.6557866586139275
1395 0.68043729888834
1396 0.68043729888834
1397 0.68043729888834
1398 0.68043729888834
1399 0.647972102126301
1400 0.647972102126301
1401 0.647972102126301
1402 0.647972102126301
1403 0.5698199322026083
1404 0.5698199322026083
1405 0.5698199322026083
1406 0.5698199322026083
1407 0.43385247798618165
1408 0.43385247798618165
1409 0.43385247798618165
1410 0.43385247798618165
1411 0.7660197339202925
1412 0.7660197339202925
1413 0.7660197339202925
1414 0.7660197339202925
1415 0.5564830855625054
1416 0.5564830855625054
1417 0.5564830855625054
1418 0.5564830855625054
1419 0.6676159696177948
1420 0.6676159696177948
1421 0.6676159696177948
1422 0.6676159696177948
1423 0.6402762395962742
1424 0.6402762395962742
1425 0.6402762395962742
1426 0.6402762395962742
1427 0.7400251085454695
1428 0.7400251085454695
1429 0.7400251085454695
1430 0.7400251085454695
1431 0.6807300164762872
1432 0.6807300164762872
1433 0.6807300164762872
1434 0.6807300164762872
1435 0.7036288171607002
1436 0.7036288171607002
1437 0.7036288171607002
1438 0.7036288171607002
1439 0.641962936128031
1440 0.641962936128031
1441 0.641962936128031
1442 0.641962936128031
1443 0.395658428959258
1444 0.395658428959258
1445 0.395658428959258
1446 0.395658428959258
1447 0.6017258209951889
1448 0.6017258209951889
1449 0.6017258209951889
1450 0.6017258209951889
1451 0.6726305013040546
1452 0.6726305013040546
1453 0.6726305013040546
1454 0.6726305013040546
1455 0.6214221586995037
1456 0.6214221586995037
1457 1.4380829154970451
1458 1.4380829154970451
1459 1.4380829154970451
1460 1.4380829154970451
1461 1.424282993461619
1462 1.424282993461619
1463 1.424282993461619
1464 1.424282993461619
1465 2.2058261983831082
1466 2.2058261983831082
1467 2.2058261983831082
1468 2.2058261983831082
1469 1.4958658078508407
1470 1.4958658078508407
1471 1.4958658078508407
1472 1.4958658078508407
1473 1.5154385011470748
1474 1.5154385011470748
1475 1.5154385011470748
1476 1.5154385011470748
1477 1.5523820733210134
1478 1.5523820733210134
1479 1.5523820733210134
1480 1.5523820733210134
1481 1.8424863129208848
1482 1.8424863129208848
1483 1.8424863129208848
1484 1.8424863129208848
1485 1.3010507299036733
1486 1.3010507299036733
1487 1.3010507299036733
1488 1.3010507299036733
1489 1.2190991159876543
1490 1.2190991159876543
1491 1.2190991159876543
1492 1.2190991159876543
1493 1.6482760722577698
1494 1.6482760722577698
1495 1.6482760722577698
1496 1.6482760722577698
1497 0.15083216720924275
1498 0.15083216720924275
1499 0.15083216720924275
1500 0.15083216720924275
1501 0.22063040819406546
1502 0.22063040819406546
1503 0.22063040819406546
1504 0.22063040819406546
1505 0.20756256494100628
1506 0.20756256494100628
1507 1.0325252117698633
1508 1.0325252117698633
1509 1.0325252117698633
1510 1.0325252117698633
1511 1.2902145242867178
1512 1.2902145242867178
1513 1.2902145242867178
1514 1.2902145242867178
1515 1.247020653376351
1516 1.247020653376351
1517 1.247020653376351
1518 1.247020653376351
1519 1.146896466939372
1520 1.146896466939372
1521 1.146896466939372
1522 1.146896466939372
1523 1.3659156387435636
1524 1.3659156387435636
1525 1.3659156387435636
1526 1.3659156387435636
1527 1.1678829126422534
1528 1.1678829126422534
1529 1.1678829126422534
1530 1.1678829126422534
1531 1.2026816098600988
1532 1.2026816098600988
1533 1.2026816098600988
1534 1.2026816098600988
1535 0.9380336638899412
1536 0.9380336638899412
1537 0.9380336638899412
1538 0.9380336638899412
1539 0.9092715522692445
1540 0.9092715522692445
1541 0.9092715522692445
1542 0.9092715522692445
1543 0.9338353445690561
1544 0.9338353445690561
1545 0.9338353445690561
1546 0.9338353445690561
1547 1.0312427333919214
1548 1.0312427333919214
1549 1.8818016670872848
1550 1.8818016670872848
1551 1.8818016670872848
1552 1.8818016670872848
1553 2.0906572382268136
1554 2.0906572382268136
1555 2.0906572382268136
1556 2.0906572382268136
1557 2.631449389542997
1558 2.631449389542997
1559 2.631449389542997
1560 2.631449389542997
1561 2.5058478299841425
1562 2.5058478299841425
1563 2.5058478299841425
1564 2.5058478299841425
1565 2.3673684154660064
1566 2.3673684154660064
1567 2.3673684154660064
1568 2.3673684154660064
1569 2.437776917927964
1570 2.437776917927964
1571 2.437776917927964
1572 2.437776917927964
1573 2.2759804671214954
1574 2.2759804671214954
1575 2.2759804671214954
1576 2.2759804671214954
1577 2.5696391540152566
1578 2.5696391540152566
1579 2.5696391540152566
1580 2.5696391540152566
1581 1.6571719492190886
1582 1.6571719492190886
1583 1.6571719492190886
1584 1.6571719492190886
1585 2.1474635265512374
1586 2.1474635265512374
1587 2.1474635265512374
1588 2.1474635265512374
1589 2.326428535811365
1590 2.326428535811365
1591 2.326428535811365
1592 2.326428535811365
1593 2.93838945226802
1594 2.93838945226802
1595 2.93838945226802
1596 2.93838945226802
1597 1.887383156302381
1598 1.887383156302381
1599 1.887383156302381
1600 1.887383156302381
1601 2.421142291866999
1602 2.421142291866999
1603 2.421142291866999
1604 2.421142291866999
1605 2.687813539451486
1606 2.687813539451486
1607 2.687813539451486
1608 2.687813539451486
1609 2.1337657562178705
1610 2.1337657562178705
1611 2.1337657562178705
1612 2.1337657562178705
1613 2.556889703851657
1614 2.556889703851657
1615 2.556889703851657
1616 2.556889703851657
1617 2.280023837947414
1618 2.280023837947414
1619 2.280023837947414
1620 2.280023837947414
1621 2.293613543619799
1622 2.293613543619799
1623 2.293613543619799
1624 2.293613543619799
1625 2.5418020975224804
1626 2.5418020975224804
1627 2.5418020975224804
1628 2.5418020975224804
1629 2.355779827609439
1630 2.355779827609439
1631 2.355779827609439
1632 2.355779827609439
1633 2.9292872517826045
1634 2.9292872517826045
1635 2.9292872517826045
1636 2.9292872517826045
1637 1.479801540934777
1638 1.479801540934777
1639 1.479801540934777
1640 1.479801540934777
1641 1.0845296310495958
1642 1.0845296310495958
1643 1.0845296310495958
1644 1.0845296310495958
1645 1.2212938887829787
1646 1.2212938887829787
1647 1.2212938887829787
1648 1.2212938887829787
1649 1.2479916151810706
1650 1.2479916151810706
1651 1.2479916151810706
1652 1.2479916151810706
1653 1.1112010812936077
1654 1.1112010812936077
1655 1.1112010812936077
1656 1.1112010812936077
1657 1.1218349331356332
1658 2.9916629931660443
1659 2.9916629931660443
1660 2.9916629931660443
1661 2.9916629931660443
1662 3.7819069898006528
1663 0.5908503333078061
1664 0.5908503333078061
1665 0.5908503333078061
1666 0.5908503333078061
1667 0.6732990478909123
1668 0.6732990478909123
1669 0.6732990478909123
1670 0.6732990478909123
1671 0.8032525456866779
1672 0.8032525456866779
1673 0.8032525456866779
1674 0.8032525456866779
1675 0.7191066275294595
1676 0.7191066275294595
1677 0.7191066275294595
1678 0.7191066275294595
1679 0.6172351554643287
1680 0.6172351554643287
1681 0.6172351554643287
1682 0.6172351554643287
1683 0.7380354119192192
1684 0.7380354119192192
1685 0.7380354119192192
1686 0.7380354119192192
1687 0.6373204136628727
1688 0.6373204136628727
1689 0.6373204136628727
1690 2.1493162471741356
1691 2.1493162471741356
1692 2.1493162471741356
1693 2.1493162471741356
1694 2.1310724233951914
1695 1.2153937763231748
1696 1.2153937763231748
1697 1.2153937763231748
1698 1.2153937763231748
1699 0.9642060578371728
1700 0.9642060578371728
1701 0.9642060578371728
1702 0.9642060578371728
1703 0.8094548492652763
1704 0.8094548492652763
1705 2.1926284433250904
1706 2.1926284433250904
1707 2.1926284433250904
1708 2.1926284433250904
1709 2.069125257468996
1710 2.069125257468996
1711 2.069125257468996
1712 2.069125257468996
1713 2.2597945535273176
1714 2.2597945535273176
1715 2.2597945535273176
1716 2.2597945535273176
1717 2.4338796344835334
1718 3.7080085960021876
1719 3.7080085960021876
1720 3.7080085960021876
1721 3.7080085960021876
1722 3.0613659505834194
1723 3.0613659505834194
1724 3.0613659505834194
1725 3.0613659505834194
1726 3.3405436443678185
1727 3.3405436443678185
1728 3.3405436443678185
1729 3.3405436443678185
1730 3.486998000006646
1731 3.486998000006646
1732 3.486998000006646
1733 3.486998000006646
1734 3.1805191603836707
1735 3.1805191603836707
1736 3.1805191603836707
1737 3.1805191603836707
1738 3.092936505332414
1739 3.092936505332414
1740 3.092936505332414
1741 3.092936505332414
1742 3.9161617697433404
1743 3.9161617697433404
1744 3.9161617697433404
1745 3.9161617697433404
1746 3.4968486690932554
1747 3.4968486690932554
1748 3.4968486690932554
1749 3.4968486690932554
1750 2.521384600235229
1751 2.521384600235229
1752 2.521384600235229
1753 2.521384600235229
1754 2.9001189807681396
1755 2.9001189807681396
1756 2.9001189807681396
1757 2.9001189807681396
1758 2.8103309948387643
1759 2.8103309948387643
1760 2.8103309948387643
1761 2.8103309948387643
1762 3.7095101412190843
1763 3.7095101412190843
1764 3.7095101412190843
1765 3.7095101412190843
1766 3.293507079383437
1767 3.293507079383437
1768 3.293507079383437
1769 3.293507079383437
1770 2.68104698810621
1771 2.68104698810621
1772 2.68104698810621
1773 2.68104698810621
1774 4.198810357154076
1775 4.198810357154076
1776 4.198810357154076
1777 4.198810357154076
1778 3.3439337095455883
1779 3.3439337095455883
1780 3.3439337095455883
1781 3.3439337095455883
1782 3.205113321554904
1783 3.205113321554904
1784 3.205113321554904
1785 3.205113321554904
1786 3.6410181519111307
1787 3.6410181519111307
1788 3.6410181519111307
1789 3.6410181519111307
1790 2.984483894978922
1791 2.984483894978922
1792 2.984483894978922
1793 2.984483894978922
1794 3.723438089842415
1795 3.723438089842415
1796 3.723438089842415
1797 3.723438089842415
1798 3.4656841620726615
1799 3.4656841620726615
1800 3.4656841620726615
1801 3.4656841620726615
1802 3.52316645381822
1803 3.52316645381822
1804 1.6223328570425655
1805 1.6223328570425655
1806 1.6223328570425655
1807 1.6223328570425655
1808 1.7524277573818985
1809 1.7524277573818985
1810 1.7524277573818985
1811 1.7524277573818985
1812 1.4474313824370153
1813 1.4474313824370153
1814 1.4474313824370153
1815 1.4474313824370153
1816 1.611529703238161
1817 1.611529703238161
1818 1.611529703238161
1819 1.611529703238161
1820 1.5093305180065397
1821 1.5093305180065397
1822 1.5093305180065397
1823 1.5093305180065397
1824 1.7186756144828432
1825 1.7186756144828432
1826 1.7186756144828432
1827 1.7186756144828432
1828 1.668997214615151
1829 1.668997214615151
1830 1.668997214615151
1831 1.668997214615151
1832 1.1057184989074513
1833 1.1057184989074513
1834 1.1057184989074513
1835 1.1057184989074513
1836 1.4820329928198965
1837 1.4820329928198965
1838 1.4820329928198965
1839 1.4820329928198965
1840 1.6059697127378445
1841 1.6059697127378445
1842 1.6059697127378445
1843 1.6059697127378445
1844 1.527423460208088
1845 1.527423460208088
1846 1.527423460208088
1847 1.527423460208088
1848 1.5257861907103039
1849 1.5257861907103039
1850 1.5257861907103039
1851 1.5257861907103039
1852 1.5711595275277364
1853 1.5711595275277364
1854 1.5711595275277364
1855 1.5711595275277364
1856 1.2324061138841775
1857 1.2324061138841775
1858 1.2324061138841775
1859 1.2324061138841775
1860 1.7095356252596756
1861 1.7095356252596756
1862 1.7095356252596756
1863 1.7095356252596756
1864 1.958512157711466
1865 1.958512157711466
1866 1.958512157711466
1867 1.958512157711466
1868 1.6755713027998032
1869 1.6755713027998032
1870 1.6755713027998032
1871 1.6755713027998032
1872 1.222890976108231
1873 1.222890976108231
1874 1.222890976108231
1875 1.222890976108231
1876 1.5547712097601578
1877 1.5547712097601578
1878 1.5547712097601578
1879 1.5547712097601578
1880 1.7783777498457205
1881 1.7783777498457205
1882 1.7783777498457205
1883 1.7783777498457205
1884 1.6153246905274103
1885 1.6153246905274103
1886 1.6153246905274103
1887 1.6153246905274103
1888 1.9840673635615054
1889 1.9840673635615054
1890 1.9840673635615054
1891 1.9840673635615054
1892 1.1892514103506433
1893 1.1892514103506433
1894 1.1892514103506433
1895 1.1892514103506433
1896 1.822825448582559
1897 1.822825448582559
1898 1.822825448582559
1899 1.822825448582559
1900 1.3042643349296386
1901 1.3042643349296386
1902 1.3042643349296386
1903 1.3042643349296386
1904 1.7226205714395082
1905 1.7226205714395082
1906 1.7226205714395082
1907 1.7226205714395082
1908 1.8189997383193828
1909 1.8189997383193828
1910 1.8189997383193828
1911 1.8189997383193828
1912 1.410861990350173
1913 1.410861990350173
1914 1.410861990350173
1915 1.410861990350173
1916 1.9853927260444884
1917 1.9853927260444884
1918 1.9853927260444884
1919 1.9853927260444884
1920 1.4337106581231664
1921 1.4337106581231664
1922 1.4337106581231664
1923 1.4337106581231664
1924 1.9838226025814931
1925 1.9838226025814931
1926 1.9838226025814931
1927 1.9838226025814931
1928 1.4194896959161636
1929 1.4194896959161636
1930 1.4194896959161636
1931 1.4194896959161636
1932 1.7076616649483627
1933 1.7076616649483627
1934 1.7076616649483627
1935 1.7076616649483627
1936 1.850726137348946
1937 1.850726137348946
1938 1.850726137348946
1939 1.850726137348946
1940 1.4203052486772931
1941 1.4203052486772931
1942 1.4203052486772931
1943 1.4203052486772931
1944 1.731130670590266
1945 1.731130670590266
1946 1.731130670590266
1947 1.731130670590266
1948 1.8346407108841833
1949 1.8346407108841833
1950 1.8346407108841833
1951 1.8346407108841833
1952 1.537323160127657
1953 1.537323160127657
1954 1.537323160127657
1955 1.537323160127657
1956 1.7349288226145583
1957 1.7349288226145583
1958 1.7349288226145583
1959 1.7349288226145583
1960 1.2681858192610072
1961 1.2681858192610072
1962 1.2681858192610072
1963 1.2681858192610072
1964 1.9902650853048467
1965 1.9902650853048467
1966 1.9902650853048467
1967 1.9902650853048467
1968 2.2066115440895846
1969 2.2066115440895846
1970 2.2066115440895846
1971 2.2066115440895846
1972 2.3161219794408763
1973 2.3161219794408763
1974 2.3161219794408763
1975 2.3161219794408763
1976 2.4803852569563607
1977 2.4803852569563607
1978 2.4803852569563607
1979 2.4803852569563607
1980 2.608242034029646
1981 2.608242034029646
1982 2.608242034029646
1983 2.608242034029646
1984 2.853353426266944
1985 2.853353426266944
1986 2.853353426266944
1987 2.853353426266944
1988 1.9901833259474788
1989 1.9901833259474788
1990 1.9901833259474788
1991 1.9901833259474788
1992 3.1017525078496635
1993 3.1017525078496635
1994 3.1017525078496635
1995 3.1017525078496635
1996 2.3341728762694847
1997 2.3341728762694847
1998 2.3341728762694847
1999 2.3341728762694847
