0 2.318965533761847
1 2.318965533761847
2 2.318965533761847
3 2.318965533761847
4 2.318965533761847
5 3.0461445501763587
6 3.0461445501763587
7 3.0461445501763587
8 3.0461445501763587
9 3.0461445501763587
10 2.924072297210621
11 2.924072297210621
12 2.924072297210621
13 2.924072297210621
14 2.924072297210621
15 2.5828721944608035
16 2.5828721944608035
17 2.5828721944608035
18 2.5828721944608035
19 2.5828721944608035
20 2.4888149479218447
21 2.4888149479218447
22 2.4888149479218447
23 2.4888149479218447
24 2.4888149479218447
25 3.187555290106915
26 3.187555290106915
27 3.187555290106915
28 3.187555290106915
29 3.187555290106915
30 2.2867140729366753
31 2.2867140729366753
32 2.2867140729366753
33 2.2867140729366753
34 2.2867140729366753
35 2.7861162305416802
36 2.7861162305416802
37 2.7861162305416802
38 2.7861162305416802
39 2.7861162305416802
40 2.3774569017317226
41 2.3774569017317226
42 2.3774569017317226
43 2.3774569017317226
44 2.3774569017317226
45 2.229393242539678
46 2.229393242539678
47 2.229393242539678
48 2.229393242539678
49 2.229393242539678
50 2.024330596045322
51 2.024330596045322
52 2.024330596045322
53 2.024330596045322
54 2.024330596045322
55 3.2557157105444787
56 3.2557157105444787
57 3.2557157105444787
58 3.2557157105444787
59 3.2557157105444787
60 1.9985167178869898
61 1.9985167178869898
62 1.9985167178869898
63 1.9985167178869898
64 1.9985167178869898
65 2.3512891768067927
66 2.3512891768067927
67 2.3512891768067927
68 2.3512891768067927
69 2.3512891768067927
70 2.3447787109290847
71 2.3447787109290847
72 2.3447787109290847
73 2.3447787109290847
74 2.3447787109290847
75 2.714408252462681
76 2.714408252462681
77 2.714408252462681
78 2.714408252462681
79 2.714408252462681
80 3.132894366760695
81 3.132894366760695
82 3.132894366760695
83 3.132894366760695
84 3.132894366760695
85 2.2067937286338024
86 2.2067937286338024
87 2.2067937286338024
88 2.2067937286338024
89 2.2067937286338024
90 2.5109930696435234
91 2.5109930696435234
92 2.5109930696435234
93 2.5109930696435234
94 2.5109930696435234
95 2.4597112265694014
96 2.4597112265694014
97 2.4597112265694014
98 2.4597112265694014
99 2.4597112265694014
100 2.323741900903108
101 2.323741900903108
102 2.323741900903108
103 2.323741900903108
104 2.323741900903108
105 1.7490618315923823
106 1.7490618315923823
107 1.7490618315923823
108 1.7490618315923823
109 3.014959562359338
110 3.014959562359338
111 3.014959562359338
112 3.014959562359338
113 3.014959562359338
114 4.511373634691078
115 4.511373634691078
116 4.511373634691078
117 4.511373634691078
118 4.511373634691078
119 4.5828505042121375
120 4.5828505042121375
121 4.5828505042121375
122 4.5828505042121375
123 4.5828505042121375
124 4.080338894042796
125 4.080338894042796
126 4.080338894042796
127 4.080338894042796
128 4.080338894042796
129 4.524523343832586
130 4.524523343832586
131 4.524523343832586
132 4.524523343832586
133 4.524523343832586
134 4.814442558983375
135 4.814442558983375
136 4.814442558983375
137 4.814442558983375
138 4.814442558983375
139 4.465069097032134
140 4.465069097032134
141 4.465069097032134
142 4.465069097032134
143 4.465069097032134
144 2.9978260838828805
145 2.9978260838828805
146 2.9978260838828805
147 2.9978260838828805
148 2.9978260838828805
149 4.536535186363002
150 4.536535186363002
151 4.536535186363002
152 4.536535186363002
153 4.536535186363002
154 3.1622281436547293
155 3.1622281436547293
156 3.1622281436547293
157 3.1622281436547293
158 3.1622281436547293
159 4.504645192466953
160 4.504645192466953
161 4.504645192466953
162 4.504645192466953
163 4.504645192466953
164 4.68445858912731
165 4.68445858912731
166 4.68445858912731
167 4.68445858912731
168 4.68445858912731
169 4.5505122336620785
170 4.5505122336620785
171 4.5505122336620785
172 4.5505122336620785
173 4.5505122336620785
174 3.841828088362802
175 3.841828088362802
176 3.841828088362802
177 3.841828088362802
178 3.841828088362802
179 3.6716906612484976
180 3.6716906612484976
181 3.6716906612484976
182 3.6716906612484976
183 3.6716906612484976
184 4.857070314814232
185 4.857070314814232
186 4.857070314814232
187 4.857070314814232
188 4.857070314814232
189 3.0604738572426795
190 3.0604738572426795
191 3.0604738572426795
192 3.0604738572426795
193 3.0604738572426795
194 2.8878479099056644
195 2.8878479099056644
196 1.4449367884345605
197 1.6052677711098808
198 1.6052677711098808
199 1.6052677711098808
200 1.6052677711098808
201 1.6052677711098808
202 1.6601553172404309
203 1.6601553172404309
204 1.6601553172404309
205 1.6601553172404309
206 1.6601553172404309
207 1.3734280666808907
208 1.3734280666808907
209 1.3734280666808907
210 1.3734280666808907
211 1.3734280666808907
212 1.7600096550363789
213 1.7600096550363789
214 1.7600096550363789
215 1.7600096550363789
216 1.7600096550363789
217 1.3503078722329804
218 1.3503078722329804
219 1.3503078722329804
220 1.3503078722329804
221 1.3503078722329804
222 1.6424173595378102
223 1.6424173595378102
224 1.6424173595378102
225 1.6424173595378102
226 1.6424173595378102
227 1.633292992184292
228 1.633292992184292
229 1.633292992184292
230 1.633292992184292
231 1.633292992184292
232 1.742470786156255
233 1.742470786156255
234 1.742470786156255
235 1.742470786156255
236 1.742470786156255
237 1.389210947680181
238 1.389210947680181
239 1.389210947680181
240 0.20174743409974835
241 0.20174743409974835
242 0.20174743409974835
243 0.20174743409974835
244 0.20174743409974835
245 0.2101387731862073
246 0.2101387731862073
247 0.2101387731862073
248 0.2101387731862073
249 0.2101387731862073
250 0.27263943761881315
251 0.27263943761881315
252 0.27263943761881315
253 0.27263943761881315
254 0.27263943761881315
255 0.17399278436365698
256 0.17399278436365698
257 0.17399278436365698
258 0.17399278436365698
259 0.17399278436365698
260 0.21347119013538374
261 0.21347119013538374
262 0.21347119013538374
263 0.21347119013538374
264 0.21347119013538374
265 0.2594746394824774
266 0.2594746394824774
267 0.2594746394824774
268 0.2594746394824774
269 0.2594746394824774
270 0.14022134824182172
271 0.14022134824182172
272 0.14022134824182172
273 0.14022134824182172
274 0.14022134824182172
275 0.18650106676089462
276 0.18650106676089462
277 0.18650106676089462
278 0.18650106676089462
279 0.18650106676089462
280 0.13302776736048177
281 0.13302776736048177
282 0.13302776736048177
283 0.13302776736048177
284 0.13302776736048177
285 0.273120053125931
286 0.273120053125931
287 0.273120053125931
288 0.273120053125931
289 0.273120053125931
290 0.20028956066360182
291 0.20028956066360182
292 0.20028956066360182
293 0.20028956066360182
294 0.20028956066360182
295 0.18437386222845936
296 0.18437386222845936
297 0.18437386222845936
298 0.18437386222845936
299 0.18437386222845936
300 0.10609082849831257
301 0.10609082849831257
302 0.10609082849831257
303 0.10609082849831257
304 0.10609082849831257
305 0.25451648705852664
306 0.25451648705852664
307 0.25451648705852664
308 0.25451648705852664
309 0.25451648705852664
310 0.1221125904626355
311 0.1221125904626355
312 0.1221125904626355
313 0.1221125904626355
314 0.1221125904626355
315 0.16006023902705982
316 0.16006023902705982
317 0.16006023902705982
318 0.16006023902705982
319 0.16006023902705982
320 0.27916157960202764
321 0.27916157960202764
322 0.27916157960202764
323 0.27916157960202764
324 0.27916157960202764
325 0.24473004828783462
326 0.24473004828783462
327 1.9043834072529127
328 1.9043834072529127
329 1.9043834072529127
330 1.9043834072529127
331 1.9043834072529127
332 2.321123603574006
333 2.321123603574006
334 2.321123603574006
335 2.321123603574006
336 2.321123603574006
337 1.5918981068583837
338 1.5918981068583837
339 1.5918981068583837
340 1.5918981068583837
341 1.5918981068583837
342 2.0678019438059456
343 2.0678019438059456
344 2.0678019438059456
345 2.0678019438059456
346 2.0678019438059456
347 1.8584096484537562
348 1.8584096484537562
349 1.8584096484537562
350 1.8584096484537562
351 1.8584096484537562
352 1.900041215316475
353 1.900041215316475
354 1.900041215316475
355 1.900041215316475
356 1.900041215316475
357 2.2637903488082363
358 2.2637903488082363
359 2.2637903488082363
360 2.2637903488082363
361 2.2637903488082363
362 1.9368588692390256
363 1.9368588692390256
364 1.9368588692390256
365 1.9368588692390256
366 1.9368588692390256
367 2.1442352848766526
368 2.1442352848766526
369 2.1442352848766526
370 2.1442352848766526
371 2.1442352848766526
372 1.4169663719308416
373 1.4169663719308416
374 1.4169663719308416
375 1.4169663719308416
376 1.4169663719308416
377 2.147978108447478
378 2.147978108447478
379 2.147978108447478
380 2.147978108447478
381 2.147978108447478
382 2.1928413864381455
383 2.1928413864381455
384 2.1928413864381455
385 2.1928413864381455
386 2.1928413864381455
387 1.4877101231804142
388 1.4877101231804142
389 1.4877101231804142
390 1.4877101231804142
391 1.4877101231804142
392 2.5001358825425646
393 2.5001358825425646
394 2.5001358825425646
395 2.5001358825425646
396 2.5001358825425646
397 1.9412689383168342
398 1.9412689383168342
399 1.9412689383168342
400 1.9412689383168342
401 1.9412689383168342
402 2.081909935407992
403 2.081909935407992
404 2.081909935407992
405 2.081909935407992
406 2.081909935407992
407 1.3784033509631337
408 1.3784033509631337
409 1.3784033509631337
410 1.3784033509631337
411 1.3784033509631337
412 3.8102565827632264
413 3.8102565827632264
414 3.8102565827632264
415 3.8102565827632264
416 3.8102565827632264
417 3.480763411694118
418 3.480763411694118
419 3.480763411694118
420 3.480763411694118
421 3.480763411694118
422 4.792521902089744
423 4.792521902089744
424 4.792521902089744
425 4.792521902089744
426 4.792521902089744
427 3.5157589004682315
428 3.5157589004682315
429 3.5157589004682315
430 3.5157589004682315
431 3.5157589004682315
432 3.3588047492461923
433 2.5599578031838446
434 2.5599578031838446
435 2.5599578031838446
436 2.5599578031838446
437 2.5599578031838446
438 1.899043074591383
439 1.899043074591383
440 1.899043074591383
441 1.899043074591383
442 1.899043074591383
443 1.4643482669343713
444 1.4643482669343713
445 1.4643482669343713
446 1.4643482669343713
447 1.4643482669343713
448 1.3896432241285148
449 1.3896432241285148
450 1.3896432241285148
451 0.6958231810389588
452 0.6958231810389588
453 0.6958231810389588
454 0.6958231810389588
455 0.6958231810389588
456 1.2580143880053936
457 1.2580143880053936
458 1.2580143880053936
459 1.2580143880053936
460 1.2580143880053936
461 1.176057935605806
462 1.176057935605806
463 1.176057935605806
464 1.176057935605806
465 1.176057935605806
466 0.7605244043337139
467 0.7605244043337139
468 0.7605244043337139
469 0.7605244043337139
470 0.7605244043337139
471 1.2945278799365822
472 1.2945278799365822
473 1.2945278799365822
474 1.2945278799365822
475 1.2945278799365822
476 0.8361573202741154
477 0.8361573202741154
478 0.8361573202741154
479 0.8361573202741154
480 0.8361573202741154
481 1.0123944249651877
482 1.0123944249651877
483 2.598203007805362
484 2.598203007805362
485 2.598203007805362
486 2.598203007805362
487 2.598203007805362
488 2.317529002425806
489 2.317529002425806
490 2.317529002425806
491 2.317529002425806
492 2.317529002425806
493 3.1056178113286226
494 3.1056178113286226
495 3.1056178113286226
496 3.1056178113286226
497 3.1056178113286226
498 2.6128589661246036
499 2.6128589661246036
500 2.6128589661246036
501 2.6128589661246036
502 2.6128589661246036
503 2.1291185280760887
504 2.1291185280760887
505 2.1291185280760887
506 2.1291185280760887
507 2.1291185280760887
508 2.1354891966634444
509 2.1354891966634444
510 2.1354891966634444
511 2.1354891966634444
512 2.1354891966634444
513 2.8030327541098092
514 2.8030327541098092
515 2.8030327541098092
516 2.8030327541098092
517 2.8030327541098092
518 1.7967899233342486
519 1.7967899233342486
520 1.7967899233342486
521 1.7967899233342486
522 1.7967899233342486
523 2.405784523974672
524 2.405784523974672
525 2.405784523974672
526 4.09318227014115
527 4.09318227014115
528 4.09318227014115
529 4.09318227014115
530 4.09318227014115
531 4.5141835413924785
532 4.5141835413924785
533 4.5141835413924785
534 4.5141835413924785
535 4.5141835413924785
536 4.406419999865694
537 4.406419999865694
538 4.406419999865694
539 4.406419999865694
540 4.406419999865694
541 2.122627775385883
542 2.122627775385883
543 2.122627775385883
544 2.122627775385883
545 2.122627775385883
546 1.710960369190018
547 1.710960369190018
548 1.710960369190018
549 1.710960369190018
550 1.710960369190018
551 1.3638671644766411
552 1.3638671644766411
553 1.3638671644766411
554 1.3638671644766411
555 1.3638671644766411
556 1.472130169096497
557 1.472130169096497
558 1.472130169096497
559 1.472130169096497
560 1.472130169096497
561 1.6808256056983335
562 1.6808256056983335
563 1.6808256056983335
564 1.6808256056983335
565 1.6808256056983335
566 2.248214486013431
567 2.248214486013431
568 2.248214486013431
569 2.248214486013431
570 2.248214486013431
571 2.063676114634142
572 2.063676114634142
573 2.063676114634142
574 2.063676114634142
575 2.063676114634142
576 1.9761254054623998
577 1.9761254054623998
578 1.9761254054623998
579 1.9761254054623998
580 1.9761254054623998
581 2.0768219704828694
582 2.0768219704828694
583 2.0768219704828694
584 2.0768219704828694
585 2.0768219704828694
586 1.7731772948370939
587 1.7731772948370939
588 1.7731772948370939
589 1.7731772948370939
590 1.7731772948370939
591 1.3752936575360097
592 1.3752936575360097
593 1.3752936575360097
594 1.3752936575360097
595 1.3752936575360097
596 1.4311535610676387
597 0.7088190049406775
598 0.7088190049406775
599 0.7088190049406775
600 0.7088190049406775
601 0.7088190049406775
602 0.7979069534668677
603 0.7979069534668677
604 0.7979069534668677
605 2.282369492491462
606 2.282369492491462
607 2.282369492491462
608 2.282369492491462
609 2.282369492491462
610 1.6443550166587286
611 1.6443550166587286
612 1.6443550166587286
613 1.6443550166587286
614 1.6443550166587286
615 2.7141623380307704
616 2.7141623380307704
617 2.7141623380307704
618 2.7141623380307704
619 2.7141623380307704
620 2.146324056499515
621 2.146324056499515
622 2.146324056499515
623 2.146324056499515
624 2.146324056499515
625 2.3267121474000576
626 2.3267121474000576
627 2.3267121474000576
628 2.3267121474000576
629 2.3267121474000576
630 1.4978267837058414
631 1.4978267837058414
632 1.4978267837058414
633 1.4978267837058414
634 1.4978267837058414
635 1.6849352502232935
636 1.6849352502232935
637 1.6849352502232935
638 1.6849352502232935
639 1.6849352502232935
640 1.9278348857599918
641 1.9278348857599918
642 1.9278348857599918
643 1.9278348857599918
644 1.9278348857599918
645 1.669095067612243
646 1.669095067612243
647 1.669095067612243
648 1.669095067612243
649 1.669095067612243
650 2.403302884680298
651 2.403302884680298
652 2.403302884680298
653 2.403302884680298
654 2.403302884680298
655 1.7073836724314444
656 1.7073836724314444
657 1.7073836724314444
658 1.7073836724314444
659 1.7073836724314444
660 2.389739369360878
661 2.389739369360878
662 2.389739369360878
663 2.389739369360878
664 2.389739369360878
665 1.5817888538253104
666 1.5817888538253104
667 1.5817888538253104
668 1.5817888538253104
669 1.5817888538253104
670 1.0971335968833162
671 1.0971335968833162
672 1.0971335968833162
673 1.0971335968833162
674 1.0971335968833162
675 1.6480106541367776
676 1.6480106541367776
677 1.6480106541367776
678 1.6480106541367776
679 1.6480106541367776
680 1.7147209441911477
681 1.7147209441911477
682 0.6598317650846505
683 0.6598317650846505
684 0.6598317650846505
685 0.6598317650846505
686 0.6598317650846505
687 0.43873410675114083
688 0.43873410675114083
689 0.43873410675114083
690 0.43873410675114083
691 0.43873410675114083
692 0.731476648014792
693 0.731476648014792
694 0.731476648014792
695 0.731476648014792
696 0.731476648014792
697 0.5959009093163147
698 0.5959009093163147
699 0.5959009093163147
700 0.5959009093163147
701 0.5959009093163147
702 0.5485086087216229
703 0.5485086087216229
704 0.5485086087216229
705 0.5485086087216229
706 0.5485086087216229
707 0.6661084992551596
708 0.6661084992551596
709 0.6661084992551596
710 0.6661084992551596
711 0.6661084992551596
712 0.6958993330491521
713 0.6958993330491521
714 0.6958993330491521
715 0.6958993330491521
716 0.6958993330491521
717 0.585760885721234
718 0.585760885721234
719 0.585760885721234
720 0.585760885721234
721 0.585760885721234
722 0.7944911229305098
723 0.7944911229305098
724 0.7944911229305098
725 0.7944911229305098
726 0.7944911229305098
727 0.7453023095734279
728 0.7453023095734279
729 0.7453023095734279
730 0.7453023095734279
731 0.7453023095734279
732 0.5126075536664886
733 0.5126075536664886
734 0.5126075536664886
735 0.5126075536664886
736 0.5126075536664886
737 0.6844232178602316
738 0.6844232178602316
739 0.6844232178602316
740 0.6844232178602316
741 0.6844232178602316
742 0.5914259845728882
743 0.5914259845728882
744 0.5914259845728882
745 0.5914259845728882
746 0.5914259845728882
747 0.5552529837620067
748 0.5552529837620067
749 0.5552529837620067
750 0.5552529837620067
751 0.5552529837620067
752 0.5843910976073468
753 0.5843910976073468
754 0.5843910976073468
755 0.5843910976073468
756 1.7605765396326596
757 1.7605765396326596
758 1.7605765396326596
759 1.7605765396326596
760 1.7605765396326596
761 1.4617511749336272
762 1.4617511749336272
763 1.4617511749336272
764 1.4617511749336272
765 1.4617511749336272
766 1.2725062756527057
767 1.2725062756527057
768 1.2725062756527057
769 1.2725062756527057
770 1.2725062756527057
771 1.5861472769753133
772 1.5861472769753133
773 1.5861472769753133
774 2.2378546895339904
775 2.2378546895339904
776 2.2378546895339904
777 2.2378546895339904
778 2.2378546895339904
779 2.291926994999376
780 2.291926994999376
781 2.291926994999376
782 2.291926994999376
783 2.291926994999376
784 2.0166075136015857
785 2.0166075136015857
786 2.0166075136015857
787 2.0166075136015857
788 2.0166075136015857
789 1.9705145264149537
790 1.9705145264149537
791 1.9705145264149537
792 1.9705145264149537
793 1.9705145264149537
794 1.8030228373605721
795 1.8030228373605721
796 1.8030228373605721
797 1.8030228373605721
798 1.8030228373605721
799 2.3865135619258298
800 2.3865135619258298
801 2.3865135619258298
802 2.3865135619258298
803 2.3865135619258298
804 2.462216865751715
805 2.462216865751715
806 2.462216865751715
807 2.462216865751715
808 2.462216865751715
809 2.7385096512817166
810 2.7385096512817166
811 2.7385096512817166
812 2.7385096512817166
813 2.7385096512817166
814 2.8705973230959403
815 2.8705973230959403
816 2.8705973230959403
817 2.8705973230959403
818 3.969658894430918
819 3.969658894430918
820 3.969658894430918
821 3.969658894430918
822 3.969658894430918
823 4.521808434364706
824 4.521808434364706
825 4.521808434364706
826 4.521808434364706
827 4.521808434364706
828 3.485060432550608
829 0.7357743631982115
830 0.7357743631982115
831 0.7357743631982115
832 0.7357743631982115
833 0.7357743631982115
834 1.1107807366051008
835 1.1107807366051008
836 1.1107807366051008
837 1.1107807366051008
838 1.1107807366051008
839 1.0870743597739632
840 1.0870743597739632
841 2.987981767879691
842 2.987981767879691
843 2.987981767879691
844 2.987981767879691
845 2.987981767879691
846 2.6681845479425754
847 2.6681845479425754
848 2.6681845479425754
849 2.6681845479425754
850 2.6681845479425754
851 3.535654102804374
852 3.535654102804374
853 3.535654102804374
854 3.535654102804374
855 3.535654102804374
856 3.448857455039715
857 3.448857455039715
858 3.448857455039715
859 3.448857455039715
860 3.448857455039715
861 1.8293262759031161
862 1.8293262759031161
863 1.8293262759031161
864 1.8293262759031161
865 1.8293262759031161
866 3.583258032169658
867 4.219437662546169
868 4.219437662546169
869 4.219437662546169
870 4.219437662546169
871 4.219437662546169
872 3.7819497840444467
873 3.7819497840444467
874 3.7819497840444467
875 3.7819497840444467
876 3.7819497840444467
877 3.702789120552929
878 3.702789120552929
879 3.702789120552929
880 3.702789120552929
881 3.702789120552929
882 3.5785531977708764
883 3.5785531977708764
884 3.5785531977708764
885 3.5785531977708764
886 3.5785531977708764
887 3.0662967218631545
888 3.0662967218631545
889 3.0662967218631545
890 3.0662967218631545
891 3.0662967218631545
892 3.263762425134013
893 3.263762425134013
894 3.263762425134013
895 3.263762425134013
896 3.263762425134013
897 4.833198160416943
898 4.833198160416943
899 4.833198160416943
900 4.833198160416943
901 4.833198160416943
902 3.1577223299534958
903 3.1577223299534958
904 3.1577223299534958
905 3.1577223299534958
906 3.1577223299534958
907 4.773891167316527
908 4.773891167316527
909 4.773891167316527
910 4.773891167316527
911 4.773891167316527
912 3.4680418661539862
913 3.4680418661539862
914 3.4680418661539862
915 3.4680418661539862
916 3.4680418661539862
917 4.987639407504851
918 4.987639407504851
919 4.987639407504851
920 4.987639407504851
921 4.987639407504851
922 4.002650631456927
923 4.002650631456927
924 4.002650631456927
925 4.002650631456927
926 4.002650631456927
927 3.005314067597717
928 3.005314067597717
929 3.005314067597717
930 3.005314067597717
931 3.005314067597717
932 4.685454913888325
933 4.685454913888325
934 4.685454913888325
935 4.685454913888325
936 4.685454913888325
937 2.3440038169903366
938 2.3440038169903366
939 2.3440038169903366
940 2.3440038169903366
941 2.3440038169903366
942 4.534831463809157
943 4.534831463809157
944 4.534831463809157
945 4.534831463809157
946 4.534831463809157
947 4.661107991860324
948 4.661107991860324
949 4.661107991860324
950 4.661107991860324
951 4.661107991860324
952 3.8625221342682123
953 3.8625221342682123
954 3.8625221342682123
955 3.8625221342682123
956 3.8625221342682123
957 3.2376180000405808
958 3.2376180000405808
959 3.2376180000405808
960 3.9607453543014675
961 3.9607453543014675
962 3.9607453543014675
963 3.9607453543014675
964 3.9607453543014675
965 5.090262821451669
966 5.090262821451669
967 5.090262821451669
968 5.090262821451669
969 5.090262821451669
970 5.094700588117576
971 5.094700588117576
972 5.094700588117576
973 5.094700588117576
974 5.094700588117576
975 4.683129308404481
976 4.683129308404481
977 4.683129308404481
978 4.683129308404481
979 4.683129308404481
980 4.4046774709227
981 4.4046774709227
982 4.4046774709227
983 4.140565326956742
984 4.140565326956742
985 4.140565326956742
986 4.140565326956742
987 4.140565326956742
988 3.7999082207575525
989 3.7999082207575525
990 3.7999082207575525
991 3.7999082207575525
992 3.7999082207575525
993 1.6249597178004709
994 1.6249597178004709
995 1.6249597178004709
996 1.6249597178004709
997 1.6249597178004709
998 3.008008785281441
999 3.008008785281441
1000 3.008008785281441
1001 3.008008785281441
1002 3.008008785281441
1003 3.2033786327938736
1004 3.2033786327938736
1005 3.2033786327938736
1006 3.2033786327938736
1007 3.2033786327938736
1008 2.5031851284576585
1009 2.5031851284576585
1010 2.5031851284576585
1011 2.5031851284576585
1012 2.5031851284576585
1013 3.808592493292966
1014 3.808592493292966
1015 3.808592493292966
1016 3.808592493292966
1017 3.808592493292966
1018 1.2165496674186023
1019 1.2165496674186023
1020 1.2165496674186023
1021 1.2165496674186023
1022 1.2165496674186023
1023 1.0566808783428732
1024 1.0566808783428732
1025 1.0566808783428732
1026 1.0566808783428732
1027 1.0566808783428732
1028 1.0832737772469119
1029 1.0832737772469119
1030 1.0832737772469119
1031 1.0832737772469119
1032 1.0832737772469119
1033 0.976119264431316
1034 0.976119264431316
1035 0.976119264431316
1036 0.976119264431316
1037 0.976119264431316
1038 1.1220067077991067
1039 1.1220067077991067
1040 1.1220067077991067
1041 1.1220067077991067
1042 1.1220067077991067
1043 1.0953263303686962
1044 1.0953263303686962
1045 1.0953263303686962
1046 1.0953263303686962
1047 1.0953263303686962
1048 1.0001654820410943
1049 1.0001654820410943
1050 1.0001654820410943
1051 1.0001654820410943
1052 1.0001654820410943
1053 1.2026943752689225
1054 1.2026943752689225
1055 1.2026943752689225
1056 1.2026943752689225
1057 1.2026943752689225
1058 1.5047679919456227
1059 1.5047679919456227
1060 1.5047679919456227
1061 1.5047679919456227
1062 1.5047679919456227
1063 0.9510344672464915
1064 0.9510344672464915
1065 0.9510344672464915
1066 0.9510344672464915
1067 0.9510344672464915
1068 0.8986846258313518
1069 0.8986846258313518
1070 0.8986846258313518
1071 0.8986846258313518
1072 0.8986846258313518
1073 1.2397030820061619
1074 0.20884360160953408
1075 0.20884360160953408
1076 0.20884360160953408
1077 0.20884360160953408
1078 0.20884360160953408
1079 0.2151244495125397
1080 0.2151244495125397
1081 0.2151244495125397
1082 0.2151244495125397
1083 0.2151244495125397
1084 0.17923541960677586
1085 0.17923541960677586
1086 0.17923541960677586
1087 0.17923541960677586
1088 2.2398605225962793
1089 2.2398605225962793
1090 2.2398605225962793
1091 2.2398605225962793
1092 2.2398605225962793
1093 2.309095479536967
1094 2.309095479536967
1095 2.309095479536967
1096 2.309095479536967
1097 2.309095479536967
1098 2.8118276400687487
1099 2.8118276400687487
1100 2.8118276400687487
1101 2.8118276400687487
1102 3.7847229327413885
1103 0.48237360579727145
1104 0.48237360579727145
1105 0.48237360579727145
1106 0.48237360579727145
1107 0.48237360579727145
1108 0.7723378716400093
1109 0.7723378716400093
1110 0.7723378716400093
1111 0.7723378716400093
1112 0.7723378716400093
1113 0.6514036198053994
1114 0.6514036198053994
1115 0.6514036198053994
1116 0.6514036198053994
1117 0.6514036198053994
1118 1.2458272423726235
1119 1.2458272423726235
1120 1.2458272423726235
1121 1.2458272423726235
1122 1.2458272423726235
1123 1.499563219015468
1124 1.499563219015468
1125 1.499563219015468
1126 1.499563219015468
1127 1.499563219015468
1128 1.116222261017364
1129 1.116222261017364
1130 1.116222261017364
1131 1.116222261017364
1132 1.116222261017364
1133 1.103125887094278
1134 2.0952901650177695
1135 2.0952901650177695
1136 2.0952901650177695
1137 2.0952901650177695
1138 2.0952901650177695
1139 1.680031403708671
1140 1.680031403708671
1141 1.680031403708671
1142 1.680031403708671
1143 1.680031403708671
1144 2.2295049086981127
1145 2.2295049086981127
1146 2.2295049086981127
1147 2.2295049086981127
1148 2.2295049086981127
1149 2.4008983310921717
1150 2.4008983310921717
1151 2.4008983310921717
1152 2.4008983310921717
1153 2.4008983310921717
1154 1.6071699195836389
1155 1.6071699195836389
1156 1.6071699195836389
1157 1.6071699195836389
1158 1.6071699195836389
1159 2.1623069552010317
1160 2.1623069552010317
1161 2.1623069552010317
1162 2.1623069552010317
1163 2.1623069552010317
1164 2.3397864632375027
1165 3.480292251130213
1166 1.0198124069338292
1167 1.0198124069338292
1168 1.0198124069338292
1169 1.0198124069338292
1170 1.0198124069338292
1171 1.1151598279281196
1172 1.1151598279281196
1173 1.1151598279281196
1174 1.1151598279281196
1175 1.1151598279281196
1176 0.807831474868236
1177 0.807831474868236
1178 0.807831474868236
1179 0.807831474868236
1180 0.807831474868236
1181 1.0082865540061492
1182 1.0082865540061492
1183 1.0082865540061492
1184 1.0082865540061492
1185 1.0082865540061492
1186 1.0963561514774947
1187 1.0963561514774947
1188 1.0963561514774947
1189 1.0963561514774947
1190 1.0963561514774947
1191 1.177555461579333
1192 1.177555461579333
1193 1.177555461579333
1194 1.177555461579333
1195 1.177555461579333
1196 1.106234072383369
1197 1.106234072383369
1198 1.106234072383369
1199 1.106234072383369
1200 1.106234072383369
1201 1.3902569571401702
1202 1.3902569571401702
1203 1.3902569571401702
1204 1.3902569571401702
1205 1.3902569571401702
1206 0.9311806644140841
1207 0.9311806644140841
1208 0.9311806644140841
1209 0.9311806644140841
1210 0.9311806644140841
1211 0.9521665900775202
1212 0.9521665900775202
1213 0.9521665900775202
1214 0.9521665900775202
1215 0.9521665900775202
1216 1.1189751660018017
1217 1.1189751660018017
1218 1.1189751660018017
1219 1.1189751660018017
1220 3.050851416074187
1221 3.050851416074187
1222 3.050851416074187
1223 3.050851416074187
1224 3.050851416074187
1225 2.2657714055390024
1226 2.2657714055390024
1227 2.2657714055390024
1228 2.2657714055390024
1229 2.2657714055390024
1230 2.279822368751459
1231 2.279822368751459
1232 2.279822368751459
1233 2.279822368751459
1234 2.279822368751459
1235 2.4501993066412964
1236 2.4501993066412964
1237 2.4501993066412964
1238 2.4501993066412964
1239 2.4501993066412964
1240 2.179791098362871
1241 2.179791098362871
1242 2.179791098362871
1243 2.179791098362871
1244 2.179791098362871
1245 2.7120000981517682
1246 2.7120000981517682
1247 2.7120000981517682
1248 2.7120000981517682
1249 2.7120000981517682
1250 2.7266425839582715
1251 2.7266425839582715
1252 2.7266425839582715
1253 2.7266425839582715
1254 2.7266425839582715
1255 2.298962207717088
1256 2.298962207717088
1257 2.298962207717088
1258 2.298962207717088
1259 2.298962207717088
1260 2.5676163507083762
1261 2.5676163507083762
1262 2.5676163507083762
1263 2.5676163507083762
1264 2.5676163507083762
1265 2.3616046174648164
1266 2.3616046174648164
1267 2.3616046174648164
1268 2.3616046174648164
1269 2.3616046174648164
1270 2.390596741089716
1271 2.390596741089716
1272 2.390596741089716
1273 2.390596741089716
1274 2.390596741089716
1275 2.5143577173880334
1276 2.5143577173880334
1277 2.5143577173880334
1278 2.5143577173880334
1279 2.5143577173880334
1280 1.9633928607053917
1281 1.9633928607053917
1282 1.9633928607053917
1283 1.9633928607053917
1284 1.9633928607053917
1285 2.918472503224804
1286 3.3098630980444375
1287 3.3098630980444375
1288 3.3098630980444375
1289 3.3098630980444375
1290 3.3098630980444375
1291 3.558186021041418
1292 3.558186021041418
1293 3.558186021041418
1294 3.558186021041418
1295 3.558186021041418
1296 4.811082823964693
1297 4.811082823964693
1298 4.811082823964693
1299 4.811082823964693
1300 4.811082823964693
1301 4.405264237194664
1302 4.405264237194664
1303 4.405264237194664
1304 4.405264237194664
1305 4.405264237194664
1306 4.502957232095005
1307 4.502957232095005
1308 4.502957232095005
1309 4.502957232095005
1310 4.502957232095005
1311 3.929988276898521
1312 3.929988276898521
1313 3.929988276898521
1314 3.929988276898521
1315 3.929988276898521
1316 4.216821104377405
1317 4.216821104377405
1318 4.216821104377405
1319 4.216821104377405
1320 4.216821104377405
1321 4.1481636889509454
1322 4.1481636889509454
1323 4.1481636889509454
1324 4.1481636889509454
1325 4.1481636889509454
1326 4.27821988704406
1327 4.27821988704406
1328 4.27821988704406
1329 4.27821988704406
1330 4.27821988704406
1331 5.326652336088576
1332 2.146377519929765
1333 2.146377519929765
1334 2.146377519929765
1335 2.146377519929765
1336 2.146377519929765
1337 3.110471754291823
1338 3.110471754291823
1339 3.110471754291823
1340 3.110471754291823
1341 3.110471754291823
1342 3.898523096879831
1343 3.898523096879831
1344 3.898523096879831
1345 3.898523096879831
1346 3.898523096879831
1347 3.2681148940334186
1348 3.2681148940334186
1349 3.2681148940334186
1350 3.2681148940334186
1351 3.2681148940334186
1352 2.840833192218613
1353 2.840833192218613
1354 2.840833192218613
1355 2.840833192218613
1356 2.840833192218613
1357 2.2794224959056497
1358 2.2794224959056497
1359 2.2794224959056497
1360 1.0801329944326472
1361 1.0801329944326472
1362 1.0801329944326472
1363 1.0801329944326472
1364 1.0801329944326472
1365 1.294615293911565
1366 1.294615293911565
1367 1.294615293911565
1368 1.294615293911565
1369 1.294615293911565
1370 1.0369712023373678
1371 1.0369712023373678
1372 1.0369712023373678
1373 1.0369712023373678
1374 1.0369712023373678
1375 1.3746919034178093
1376 1.3746919034178093
1377 1.3746919034178093
1378 1.3746919034178093
1379 1.3746919034178093
1380 1.530974318231173
1381 1.530974318231173
1382 1.530974318231173
1383 1.530974318231173
1384 1.530974318231173
1385 1.228514555414795
1386 1.228514555414795
1387 1.228514555414795
1388 1.228514555414795
1389 1.228514555414795
1390 0.9434905324311893
1391 0.9434905324311893
1392 0.9434905324311893
1393 0.9434905324311893
1394 0.9434905324311893
1395 1.1466544614227785
1396 1.1466544614227785
1397 1.1466544614227785
1398 1.1466544614227785
1399 1.1466544614227785
1400 1.0205863691907062
1401 1.0205863691907062
1402 1.0205863691907062
1403 1.0205863691907062
1404 1.0205863691907062
1405 0.9625764854772533
1406 2.368647433396715
1407 2.368647433396715
1408 2.368647433396715
1409 2.368647433396715
1410 2.368647433396715
1411 2.7956846799122643
1412 2.7956846799122643
1413 2.7956846799122643
1414 2.7956846799122643
1415 2.7956846799122643
1416 2.2836112884848934
1417 2.2836112884848934
1418 2.2836112884848934
1419 2.2836112884848934
1420 2.2836112884848934
1421 2.2724294653286154
1422 2.2724294653286154
1423 2.2724294653286154
1424 2.2724294653286154
1425 2.2724294653286154
1426 2.7788587187972174
1427 2.7788587187972174
1428 2.7788587187972174
1429 2.7788587187972174
1430 2.7788587187972174
1431 2.1428738197671184
1432 2.1428738197671184
1433 2.1428738197671184
1434 2.1428738197671184
1435 2.1428738197671184
1436 2.8628372971223057
1437 2.8628372971223057
1438 2.8628372971223057
1439 2.8628372971223057
1440 2.8628372971223057
1441 2.817295910739521
1442 2.817295910739521
1443 2.817295910739521
1444 2.817295910739521
1445 2.817295910739521
1446 2.890096786361741
1447 2.890096786361741
1448 2.890096786361741
1449 2.890096786361741
1450 2.890096786361741
1451 1.5367734524650558
1452 1.5367734524650558
1453 1.5367734524650558
1454 1.5367734524650558
1455 1.5367734524650558
1456 2.6596557412948836
1457 2.6596557412948836
1458 2.6596557412948836
1459 2.6596557412948836
1460 2.6596557412948836
1461 2.351211740188876
1462 2.351211740188876
1463 2.351211740188876
1464 2.351211740188876
1465 2.351211740188876
1466 3.0676948974532308
1467 3.0676948974532308
1468 3.0676948974532308
1469 3.0676948974532308
1470 3.0676948974532308
1471 2.446554661228249
1472 2.446554661228249
1473 2.446554661228249
1474 2.446554661228249
1475 2.446554661228249
1476 2.8875354291573347
1477 2.8875354291573347
1478 2.8875354291573347
1479 2.8875354291573347
1480 2.8875354291573347
1481 1.764722547568961
1482 1.764722547568961
1483 1.764722547568961
1484 1.764722547568961
1485 1.764722547568961
1486 2.2264297062853156
1487 2.2264297062853156
1488 2.2264297062853156
1489 2.2264297062853156
1490 2.2264297062853156
1491 0.8169425077491403
1492 0.8169425077491403
1493 0.8169425077491403
1494 0.8169425077491403
1495 0.8169425077491403
1496 0.7075124758811216
1497 0.7075124758811216
1498 0.7075124758811216
1499 0.7075124758811216
1500 0.7075124758811216
1501 0.7047589980293689
1502 0.7047589980293689
1503 0.7047589980293689
1504 0.7047589980293689
1505 0.7047589980293689
1506 0.762081100560659
1507 0.762081100560659
1508 0.762081100560659
1509 0.762081100560659
1510 0.762081100560659
1511 0.61855242744926
1512 0.61855242744926
1513 0.61855242744926
1514 0.61855242744926
1515 0.61855242744926
1516 0.6220642202197768
1517 0.6220642202197768
1518 0.6220642202197768
1519 0.6220642202197768
1520 0.6220642202197768
1521 0.6617521401092887
1522 0.6617521401092887
1523 0.6617521401092887
1524 0.6617521401092887
1525 0.6617521401092887
1526 0.6771528777512554
1527 0.6771528777512554
1528 0.6771528777512554
1529 0.6771528777512554
1530 0.6771528777512554
1531 0.5984234137234494
1532 0.5984234137234494
1533 0.5984234137234494
1534 0.5984234137234494
1535 0.5984234137234494
1536 0.6822745471912416
1537 0.6822745471912416
1538 0.6822745471912416
1539 0.6822745471912416
1540 0.6822745471912416
1541 0.6220913152022964
1542 0.6220913152022964
1543 0.6220913152022964
1544 0.6220913152022964
1545 0.6220913152022964
1546 0.5921767950460101
1547 2.4372847091850915
1548 2.4372847091850915
1549 2.4372847091850915
1550 2.4372847091850915
1551 2.4372847091850915
1552 1.7518688225602623
1553 1.7518688225602623
1554 1.7518688225602623
1555 1.7518688225602623
1556 1.7518688225602623
1557 1.912618328562246
1558 1.912618328562246
1559 1.912618328562246
1560 1.912618328562246
1561 1.912618328562246
1562 2.7648814596946942
1563 2.7648814596946942
1564 2.7648814596946942
1565 2.7648814596946942
1566 2.7648814596946942
1567 1.6821446836125116
1568 1.6821446836125116
1569 1.6821446836125116
1570 1.6821446836125116
1571 1.6821446836125116
1572 1.736560068066927
1573 1.736560068066927
1574 1.736560068066927
1575 1.736560068066927
1576 1.736560068066927
1577 1.639132803265774
1578 1.639132803265774
1579 1.639132803265774
1580 1.639132803265774
1581 1.639132803265774
1582 2.3493151587790035
1583 2.3493151587790035
1584 2.3493151587790035
1585 2.3493151587790035
1586 2.3493151587790035
1587 2.300047014398598
1588 2.300047014398598
1589 2.300047014398598
1590 2.300047014398598
1591 2.300047014398598
1592 1.763292130608673
1593 1.763292130608673
1594 1.763292130608673
1595 1.763292130608673
1596 1.763292130608673
1597 2.464528368697116
1598 2.464528368697116
1599 2.464528368697116
1600 2.464528368697116
1601 2.464528368697116
1602 1.081334063765184
1603 1.081334063765184
1604 1.081334063765184
1605 1.081334063765184
1606 1.081334063765184
1607 0.8748954914239546
1608 0.8748954914239546
1609 0.8748954914239546
1610 0.8748954914239546
1611 0.8748954914239546
1612 2.3008230681446156
1613 2.3008230681446156
1614 2.3008230681446156
1615 2.3008230681446156
1616 2.3008230681446156
1617 2.403865960960668
1618 2.403865960960668
1619 2.403865960960668
1620 2.403865960960668
1621 2.403865960960668
1622 1.5617399905562666
1623 1.5617399905562666
1624 1.5617399905562666
1625 1.5617399905562666
1626 1.5617399905562666
1627 1.932672728278736
1628 1.932672728278736
1629 1.932672728278736
1630 1.932672728278736
1631 1.932672728278736
1632 1.992497906981302
1633 1.992497906981302
1634 1.992497906981302
1635 1.992497906981302
1636 1.992497906981302
1637 2.253781866325469
1638 2.253781866325469
1639 2.253781866325469
1640 4.101839116923287
1641 4.101839116923287
1642 4.101839116923287
1643 4.101839116923287
1644 4.101839116923287
1645 2.96343147869904
1646 2.96343147869904
1647 2.96343147869904
1648 2.96343147869904
1649 2.96343147869904
1650 3.4324993091212987
1651 3.4324993091212987
1652 3.4324993091212987
1653 3.4324993091212987
1654 3.4324993091212987
1655 3.476451509370575
1656 3.476451509370575
1657 3.476451509370575
1658 3.476451509370575
1659 3.476451509370575
1660 1.964698616729632
1661 1.964698616729632
1662 1.964698616729632
1663 1.964698616729632
1664 1.964698616729632
1665 2.7540874878544574
1666 2.7540874878544574
1667 2.7540874878544574
1668 2.7540874878544574
1669 2.7540874878544574
1670 3.573051429777782
1671 3.573051429777782
1672 3.573051429777782
1673 3.573051429777782
1674 3.573051429777782
1675 2.189865220361135
1676 2.189865220361135
1677 2.189865220361135
1678 2.189865220361135
1679 2.189865220361135
1680 3.689160727717369
1681 3.689160727717369
1682 3.689160727717369
1683 3.689160727717369
1684 3.689160727717369
1685 3.5694219062764496
1686 3.5694219062764496
1687 3.5694219062764496
1688 3.5694219062764496
1689 3.5694219062764496
1690 3.240580284862962
1691 3.240580284862962
1692 3.240580284862962
1693 3.240580284862962
1694 3.240580284862962
1695 2.950903263094403
1696 2.950903263094403
1697 2.950903263094403
1698 2.950903263094403
1699 2.950903263094403
1700 3.2746379490008954
1701 3.2746379490008954
1702 3.2746379490008954
1703 3.2746379490008954
1704 3.2746379490008954
1705 3.8688189435335034
1706 3.8688189435335034
1707 3.8688189435335034
1708 3.8688189435335034
1709 3.8688189435335034
1710 1.996570083644969
1711 1.996570083644969
1712 1.996570083644969
1713 1.996570083644969
1714 1.996570083644969
1715 2.179277350014436
1716 2.179277350014436
1717 2.179277350014436
1718 2.179277350014436
1719 2.179277350014436
1720 2.539274603497079
1721 2.539274603497079
1722 2.539274603497079
1723 2.539274603497079
1724 2.539274603497079
1725 3.473013897568532
1726 3.473013897568532
1727 3.473013897568532
1728 3.473013897568532
1729 3.473013897568532
1730 2.8032021754076495
1731 2.8032021754076495
1732 2.8032021754076495
1733 2.8032021754076495
1734 2.8032021754076495
1735 3.5524161913774717
1736 3.5524161913774717
1737 3.5524161913774717
1738 3.5524161913774717
1739 3.5524161913774717
1740 2.827733085004454
1741 2.827733085004454
1742 2.827733085004454
1743 2.827733085004454
1744 2.827733085004454
1745 2.058800674677461
1746 2.058800674677461
1747 2.058800674677461
1748 2.058800674677461
1749 2.058800674677461
1750 3.1506746281052567
1751 3.1506746281052567
1752 3.1506746281052567
1753 3.1506746281052567
1754 3.1506746281052567
1755 2.408502058966302
1756 2.408502058966302
1757 2.408502058966302
1758 2.408502058966302
1759 2.408502058966302
1760 2.6783544243322828
1761 2.6783544243322828
1762 2.6783544243322828
1763 2.6783544243322828
1764 2.6783544243322828
1765 3.641650498158747
1766 3.641650498158747
1767 3.641650498158747
1768 3.641650498158747
1769 3.641650498158747
1770 2.5726305476455087
1771 2.5726305476455087
1772 2.5726305476455087
1773 2.5726305476455087
1774 2.5726305476455087
1775 1.77720112432256
1776 1.77720112432256
1777 1.77720112432256
1778 1.77720112432256
1779 1.77720112432256
1780 2.9203695305342925
1781 2.9203695305342925
1782 2.9203695305342925
1783 2.9203695305342925
1784 2.9203695305342925
1785 2.6389903545960984
1786 2.6389903545960984
1787 2.6389903545960984
1788 2.6389903545960984
1789 2.6389903545960984
1790 3.342688066868606
1791 3.342688066868606
1792 3.342688066868606
1793 3.342688066868606
1794 3.342688066868606
1795 3.3307247411423115
1796 3.3307247411423115
1797 3.3307247411423115
1798 3.3307247411423115
1799 3.3307247411423115
1800 3.7639201929902
1801 3.7639201929902
1802 3.7639201929902
1803 3.7639201929902
1804 3.7639201929902
1805 3.108080932138514
1806 3.108080932138514
1807 3.108080932138514
1808 3.108080932138514
1809 3.108080932138514
1810 3.5088185089208697
1811 3.5088185089208697
1812 3.5088185089208697
1813 3.5088185089208697
1814 3.5088185089208697
1815 2.7450081504574677
1816 2.7450081504574677
1817 2.7450081504574677
1818 2.7450081504574677
1819 2.7450081504574677
1820 3.0254535440314596
1821 3.0254535440314596
1822 3.0254535440314596
1823 3.0254535440314596
1824 3.0254535440314596
1825 3.49256944262535
1826 3.49256944262535
1827 3.49256944262535
1828 3.49256944262535
1829 3.49256944262535
1830 3.3224523134040185
1831 3.3224523134040185
1832 3.3224523134040185
1833 3.3224523134040185
1834 3.3224523134040185
1835 2.426148758442836
1836 2.426148758442836
1837 2.426148758442836
1838 2.426148758442836
1839 0.5621831053918694
1840 0.5621831053918694
1841 0.5621831053918694
1842 0.5621831053918694
1843 0.5621831053918694
1844 0.7061119870875332
1845 0.7061119870875332
1846 1.940557680041351
1847 1.940557680041351
1848 1.940557680041351
1849 1.940557680041351
1850 1.940557680041351
1851 2.203492218616358
1852 2.203492218616358
1853 2.203492218616358
1854 2.203492218616358
1855 2.203492218616358
1856 2.394204082346726
1857 0.21675713476818598
1858 0.21675713476818598
1859 0.21675713476818598
1860 0.21675713476818598
1861 0.21675713476818598
1862 0.21436541337158396
1863 0.21436541337158396
1864 0.21436541337158396
1865 0.21436541337158396
1866 0.21436541337158396
1867 0.18423890677696228
1868 0.18423890677696228
1869 0.18423890677696228
1870 0.18423890677696228
1871 0.18423890677696228
1872 0.23158520698689644
1873 0.23158520698689644
1874 0.23158520698689644
1875 0.23158520698689644
1876 0.23158520698689644
1877 0.2514625344802793
1878 0.2514625344802793
1879 0.2514625344802793
1880 0.2514625344802793
1881 0.2514625344802793
1882 0.16120717900021897
1883 0.16120717900021897
1884 0.16120717900021897
1885 0.16120717900021897
1886 0.16120717900021897
1887 0.274167678935026
1888 0.274167678935026
1889 0.274167678935026
1890 0.274167678935026
1891 0.274167678935026
1892 0.22970712879315108
1893 0.22970712879315108
1894 0.22970712879315108
1895 0.22970712879315108
1896 0.22970712879315108
1897 0.17722158379494454
1898 0.17722158379494454
1899 0.17722158379494454
1900 0.17722158379494454
1901 0.17722158379494454
1902 0.2430769354211434
1903 0.2430769354211434
1904 0.2430769354211434
1905 0.2430769354211434
1906 0.2430769354211434
1907 0.2692408314888519
1908 0.2692408314888519
1909 0.2692408314888519
1910 0.2692408314888519
1911 0.2692408314888519
1912 0.23147021370335097
1913 0.23147021370335097
1914 0.23147021370335097
1915 0.23147021370335097
1916 0.23147021370335097
1917 0.17974298535146419
1918 0.17974298535146419
1919 0.17974298535146419
1920 0.17974298535146419
1921 0.17974298535146419
1922 0.17713419135663666
1923 0.17713419135663666
1924 0.17713419135663666
1925 0.17713419135663666
1926 0.17713419135663666
1927 0.17652705584491468
1928 0.17652705584491468
1929 0.17652705584491468
1930 0.17652705584491468
1931 0.17652705584491468
1932 0.17788500518334083
1933 0.17788500518334083
1934 0.17788500518334083
1935 0.17788500518334083
1936 0.17788500518334083
1937 0.14120574694131688
1938 2.1799624076734583
1939 2.1799624076734583
1940 2.1799624076734583
1941 2.1799624076734583
1942 2.1799624076734583
1943 1.6981776510348374
1944 1.6981776510348374
1945 1.6981776510348374
1946 1.6981776510348374
1947 1.6981776510348374
1948 3.3015033118359884
1949 3.3015033118359884
1950 3.3015033118359884
1951 3.3015033118359884
1952 3.3015033118359884
1953 2.9309637644419713
1954 2.9309637644419713
1955 2.9309637644419713
1956 2.9309637644419713
1957 2.9309637644419713
1958 3.424430791465967
1959 3.424430791465967
1960 3.424430791465967
1961 3.424430791465967
1962 3.424430791465967
1963 2.198970003868091
1964 2.198970003868091
1965 2.198970003868091
1966 2.198970003868091
1967 2.198970003868091
1968 2.0265355994483563
1969 2.0265355994483563
1970 2.0265355994483563
1971 2.0265355994483563
1972 2.0265355994483563
1973 2.988332572928842
1974 2.988332572928842
1975 2.988332572928842
1976 2.988332572928842
1977 2.988332572928842
1978 2.345230421297945
1979 2.345230421297945
1980 2.345230421297945
1981 2.345230421297945
1982 2.345230421297945
1983 2.5399625077858228
1984 2.5399625077858228
1985 2.5399625077858228
1986 2.5399625077858228
1987 2.5399625077858228
1988 2.5627566283391543
1989 2.5627566283391543
1990 2.5627566283391543
1991 2.5627566283391543
1992 2.5627566283391543
1993 2.302612990859218
1994 2.302612990859218
1995 2.302612990859218
1996 2.302612990859218
1997 2.302612990859218
1998 1.0935566788855924
1999 1.0935566788855924
