0 2.3116138896868654
1 2.3116138896868654
2 2.3116138896868654
3 2.3116138896868654
4 2.3116138896868654
5 0.39387755887938836
6 0.39387755887938836
7 0.39387755887938836
8 0.39387755887938836
9 0.39387755887938836
10 1.4564446723356201
11 1.4564446723356201
12 1.4564446723356201
13 1.4564446723356201
14 1.4564446723356201
15 1.6774713201961537
16 1.6774713201961537
17 1.6774713201961537
18 1.6774713201961537
19 1.6774713201961537
20 1.4442991674616015
21 1.4442991674616015
22 1.4442991674616015
23 1.4442991674616015
24 1.4442991674616015
25 2.5919737553610367
26 2.5919737553610367
27 2.5919737553610367
28 2.5919737553610367
29 2.5919737553610367
30 4.262960730060849
31 4.262960730060849
32 4.262960730060849
33 4.262960730060849
34 4.262960730060849
35 1.583619354873281
36 1.583619354873281
37 1.583619354873281
38 1.583619354873281
39 1.583619354873281
40 1.3558916582112115
41 1.3558916582112115
42 1.3558916582112115
43 1.3558916582112115
44 1.3558916582112115
45 4.596038666905947
46 4.596038666905947
47 4.596038666905947
48 4.596038666905947
49 4.596038666905947
50 2.4068819726912296
51 2.4068819726912296
52 2.4068819726912296
53 2.4068819726912296
54 2.4068819726912296
55 2.181159591607734
56 2.181159591607734
57 2.181159591607734
58 2.181159591607734
59 2.181159591607734
60 0.7856860611709703
61 0.7856860611709703
62 0.7856860611709703
63 0.7856860611709703
64 0.7856860611709703
65 1.5125596806004942
66 1.5125596806004942
67 1.5125596806004942
68 1.5125596806004942
69 1.5125596806004942
70 1.6563541262851382
71 1.6563541262851382
72 1.6563541262851382
73 1.6563541262851382
74 1.6563541262851382
75 0.8577724413561991
76 0.8577724413561991
77 0.8577724413561991
78 0.8577724413561991
79 0.8577724413561991
80 1.1704889038699482
81 1.1704889038699482
82 1.1704889038699482
83 1.1704889038699482
84 1.1704889038699482
85 1.1972791411638828
86 1.1972791411638828
87 5.241030554257448
88 5.241030554257448
89 5.241030554257448
90 5.241030554257448
91 5.241030554257448
92 4.23019882693423
93 4.23019882693423
94 4.23019882693423
95 4.23019882693423
96 4.23019882693423
97 5.204014617502612
98 5.204014617502612
99 5.204014617502612
100 5.204014617502612
101 5.204014617502612
102 2.6534911757755344
103 2.6534911757755344
104 2.6534911757755344
105 2.6534911757755344
106 2.6534911757755344
107 4.2596476135382675
108 4.2596476135382675
109 4.2596476135382675
110 4.2596476135382675
111 4.2596476135382675
112 1.4734612111540997
113 1.4734612111540997
114 1.4734612111540997
115 1.4734612111540997
116 1.4734612111540997
117 3.183434338816214
118 3.183434338816214
119 3.183434338816214
120 3.183434338816214
121 3.183434338816214
122 3.2769027134653825
123 3.2769027134653825
124 3.2769027134653825
125 3.2769027134653825
126 3.2769027134653825
127 4.420940294083602
128 4.420940294083602
129 0.8397137365143132
130 0.8397137365143132
131 0.8397137365143132
132 0.8397137365143132
133 0.8397137365143132
134 1.0138055278244362
135 1.0138055278244362
136 1.0138055278244362
137 1.0138055278244362
138 1.0138055278244362
139 1.9534175076123463
140 1.9534175076123463
141 1.9534175076123463
142 1.9534175076123463
143 1.9534175076123463
144 0.6942125102811053
145 0.6942125102811053
146 0.6942125102811053
147 0.6942125102811053
148 0.6942125102811053
149 0.7815770022088906
150 0.7815770022088906
151 0.7815770022088906
152 0.7815770022088906
153 0.7815770022088906
154 1.542221474373564
155 1.542221474373564
156 1.542221474373564
157 1.542221474373564
158 1.542221474373564
159 1.200103174089578
160 1.200103174089578
161 1.200103174089578
162 1.200103174089578
163 1.200103174089578
164 0.12131964421595087
165 0.12131964421595087
166 0.12131964421595087
167 0.12131964421595087
168 0.12131964421595087
169 0.8705177329627063
170 0.8705177329627063
171 0.8705177329627063
172 0.8705177329627063
173 0.8705177329627063
174 0.8194874201019338
175 0.8194874201019338
176 0.8194874201019338
177 0.8194874201019338
178 0.8194874201019338
179 0.7793270728349064
180 0.7793270728349064
181 0.7793270728349064
182 0.7793270728349064
183 0.7793270728349064
184 1.3252133118133558
185 1.3252133118133558
186 1.3252133118133558
187 1.3252133118133558
188 1.3252133118133558
189 1.4782836768414502
190 1.4782836768414502
191 1.4782836768414502
192 1.4782836768414502
193 1.4782836768414502
194 1.1991125011214951
195 1.1991125011214951
196 1.1991125011214951
197 1.1991125011214951
198 1.1991125011214951
199 1.0654908686473543
200 1.0654908686473543
201 1.0654908686473543
202 1.0654908686473543
203 1.0654908686473543
204 1.7142811080876272
205 1.7142811080876272
206 1.7142811080876272
207 1.7142811080876272
208 1.7142811080876272
209 1.052897383290395
210 1.052897383290395
211 1.052897383290395
212 1.052897383290395
213 1.052897383290395
214 0.7832406521956607
215 0.7832406521956607
216 0.7832406521956607
217 0.7832406521956607
218 0.7832406521956607
219 1.3341737453608384
220 1.3341737453608384
221 1.3341737453608384
222 1.3341737453608384
223 1.3341737453608384
224 1.543605734628569
225 1.543605734628569
226 1.543605734628569
227 1.543605734628569
228 1.543605734628569
229 1.275071584008018
230 1.275071584008018
231 1.275071584008018
232 1.275071584008018
233 1.275071584008018
234 0.3417533812923519
235 0.3417533812923519
236 0.3417533812923519
237 0.3417533812923519
238 0.3417533812923519
239 0.27666029806881576
240 0.27666029806881576
241 0.27666029806881576
242 0.27666029806881576
243 0.27666029806881576
244 1.5583238136814188
245 1.5583238136814188
246 1.5583238136814188
247 1.5583238136814188
248 1.5583238136814188
249 0.9656629092639014
250 0.9656629092639014
251 0.9656629092639014
252 0.9656629092639014
253 0.9656629092639014
254 1.6463473828346031
255 1.6463473828346031
256 1.6463473828346031
257 1.6463473828346031
258 1.6463473828346031
259 1.053739023391444
260 1.053739023391444
261 1.053739023391444
262 1.053739023391444
263 1.053739023391444
264 1.8954984359445834
265 1.8954984359445834
266 1.8954984359445834
267 1.8954984359445834
268 1.8954984359445834
269 1.990330328931404
270 1.990330328931404
271 1.990330328931404
272 1.990330328931404
273 1.990330328931404
274 1.1663980142468973
275 1.1663980142468973
276 1.1663980142468973
277 1.1663980142468973
278 1.1663980142468973
279 0.12614012163292754
280 0.12614012163292754
281 0.25789380908438203
282 1.6876553367528115
283 1.6876553367528115
284 1.6876553367528115
285 1.6876553367528115
286 1.6876553367528115
287 2.2799490765931063
288 2.2799490765931063
289 2.2799490765931063
290 2.2799490765931063
291 2.2799490765931063
292 4.171242349574001
293 4.171242349574001
294 4.171242349574001
295 4.171242349574001
296 4.171242349574001
297 1.760596851399334
298 1.760596851399334
299 1.760596851399334
300 1.760596851399334
301 1.760596851399334
302 3.5774994333622603
303 3.5774994333622603
304 3.5774994333622603
305 3.5774994333622603
306 3.5774994333622603
307 3.25168656195791
308 3.25168656195791
309 3.25168656195791
310 3.25168656195791
311 3.25168656195791
312 2.229970944834976
313 2.229970944834976
314 2.229970944834976
315 2.229970944834976
316 2.229970944834976
317 3.716202374305972
318 3.716202374305972
319 3.716202374305972
320 3.716202374305972
321 3.716202374305972
322 3.1848149265456467
323 3.1848149265456467
324 3.1848149265456467
325 3.1848149265456467
326 3.1848149265456467
327 1.4127334805892788
328 1.4127334805892788
329 1.4127334805892788
330 1.4127334805892788
331 1.4127334805892788
332 4.7663819199761495
333 4.7663819199761495
334 4.7663819199761495
335 4.7663819199761495
336 4.7663819199761495
337 4.332203583417362
338 4.332203583417362
339 4.332203583417362
340 4.332203583417362
341 4.332203583417362
342 2.1583630006243926
343 2.1583630006243926
344 2.1583630006243926
345 2.1583630006243926
346 2.1583630006243926
347 2.355608076625116
348 2.355608076625116
349 2.355608076625116
350 2.355608076625116
351 2.355608076625116
352 2.1294361319454116
353 2.1294361319454116
354 2.1294361319454116
355 2.1294361319454116
356 1.2313498998952406
357 1.2313498998952406
358 1.2313498998952406
359 1.2313498998952406
360 1.2313498998952406
361 1.8837504574017452
362 1.8837504574017452
363 1.8837504574017452
364 1.8837504574017452
365 1.8837504574017452
366 1.3353283177575523
367 4.021229715410827
368 4.021229715410827
369 4.021229715410827
370 4.021229715410827
371 4.021229715410827
372 0.1
373 0.1
374 0.1
375 0.1
376 0.1
377 2.6175011800253265
378 2.6175011800253265
379 2.6175011800253265
380 2.6175011800253265
381 2.6175011800253265
382 3.5416101105665567
383 3.5416101105665567
384 3.5416101105665567
385 3.5416101105665567
386 3.5416101105665567
387 4.439648441482518
388 4.439648441482518
389 4.439648441482518
390 4.439648441482518
391 4.439648441482518
392 4.069213219510742
393 4.069213219510742
394 4.069213219510742
395 4.069213219510742
396 4.069213219510742
397 3.003151655013671
398 3.003151655013671
399 3.003151655013671
400 3.003151655013671
401 3.003151655013671
402 1.9373698559314556
403 1.9373698559314556
404 1.9373698559314556
405 1.9373698559314556
406 1.9373698559314556
407 2.687418837651962
408 2.687418837651962
409 2.687418837651962
410 2.687418837651962
411 2.687418837651962
412 3.1023340037259937
413 3.1023340037259937
414 3.1023340037259937
415 3.1023340037259937
416 3.1023340037259937
417 2.746931114493307
418 2.746931114493307
419 2.746931114493307
420 2.746931114493307
421 2.746931114493307
422 3.3403456492593913
423 3.3403456492593913
424 3.3403456492593913
425 3.3403456492593913
426 3.3403456492593913
427 2.576769841955647
428 2.576769841955647
429 2.576769841955647
430 2.576769841955647
431 2.576769841955647
432 5.7788771475488865
433 5.7788771475488865
434 5.7788771475488865
435 5.7788771475488865
436 5.7788771475488865
437 2.9322996671503225
438 2.9322996671503225
439 2.9322996671503225
440 2.9322996671503225
441 2.9322996671503225
442 3.856242151128416
443 3.856242151128416
444 3.856242151128416
445 3.856242151128416
446 3.856242151128416
447 4.2810670919068965
448 4.2810670919068965
449 4.2810670919068965
450 4.2810670919068965
451 4.2810670919068965
452 1.9316125896626788
453 1.9316125896626788
454 1.9316125896626788
455 1.9316125896626788
456 1.9316125896626788
457 4.111676352806487
458 4.111676352806487
459 4.111676352806487
460 4.111676352806487
461 4.111676352806487
462 3.476937294415819
463 3.476937294415819
464 3.476937294415819
465 3.476937294415819
466 3.476937294415819
467 4.287067240862356
468 4.287067240862356
469 4.287067240862356
470 4.287067240862356
471 4.287067240862356
472 4.018534477638758
473 4.018534477638758
474 4.018534477638758
475 4.018534477638758
476 4.018534477638758
477 3.452885364720835
478 3.452885364720835
479 3.452885364720835
480 3.452885364720835
481 3.452885364720835
482 3.260956024394002
483 3.260956024394002
484 3.260956024394002
485 3.260956024394002
486 3.260956024394002
487 1.210906117967062
488 1.210906117967062
489 1.210906117967062
490 1.210906117967062
491 1.210906117967062
492 4.1103557375209245
493 4.1103557375209245
494 4.1103557375209245
495 4.1103557375209245
496 4.1103557375209245
497 2.7700291538166706
498 2.7700291538166706
499 2.7700291538166706
500 2.7700291538166706
501 2.7700291538166706
502 2.748060518437687
503 2.748060518437687
504 2.748060518437687
505 2.748060518437687
506 2.748060518437687
507 3.3213387129209315
508 3.3213387129209315
509 3.3213387129209315
510 3.3213387129209315
511 2.538836124094963
512 2.538836124094963
513 2.538836124094963
514 2.538836124094963
515 2.538836124094963
516 1.3551870860672883
517 1.3551870860672883
518 1.3551870860672883
519 1.3551870860672883
520 1.3551870860672883
521 2.431124153271516
522 2.431124153271516
523 2.431124153271516
524 2.431124153271516
525 2.431124153271516
526 1.464795832422333
527 1.464795832422333
528 1.464795832422333
529 1.464795832422333
530 1.464795832422333
531 2.8047904039346534
532 2.8047904039346534
533 2.8047904039346534
534 2.8047904039346534
535 2.8047904039346534
536 1.6122911765033248
537 1.6122911765033248
538 1.6122911765033248
539 1.6122911765033248
540 1.6122911765033248
541 1.7575068336544792
542 1.7575068336544792
543 1.7575068336544792
544 1.7575068336544792
545 1.7575068336544792
546 1.543178062760191
547 1.543178062760191
548 1.543178062760191
549 1.543178062760191
550 1.543178062760191
551 2.1711759400479007
552 2.1711759400479007
553 2.1711759400479007
554 2.1711759400479007
555 2.1711759400479007
556 2.970922232057066
557 2.970922232057066
558 2.970922232057066
559 1.3556175063436655
560 1.3556175063436655
561 1.3556175063436655
562 1.3556175063436655
563 0.6032471749300191
564 0.6032471749300191
565 0.6032471749300191
566 0.6032471749300191
567 0.6032471749300191
568 0.6642885447795397
569 0.6642885447795397
570 0.6642885447795397
571 0.6642885447795397
572 0.6642885447795397
573 0.8631837434451283
574 0.8631837434451283
575 0.8631837434451283
576 0.8631837434451283
577 0.8631837434451283
578 0.3961173638895949
579 0.3961173638895949
580 0.3961173638895949
581 0.3961173638895949
582 2.2322066008821317
583 2.2322066008821317
584 2.2322066008821317
585 2.2322066008821317
586 2.2322066008821317
587 3.14123056730331
588 3.14123056730331
589 3.14123056730331
590 3.14123056730331
591 3.14123056730331
592 2.393404431671352
593 2.393404431671352
594 2.393404431671352
595 2.393404431671352
596 2.393404431671352
597 2.88056046132513
598 2.88056046132513
599 2.88056046132513
600 2.88056046132513
601 2.88056046132513
602 3.1583568494097136
603 3.1583568494097136
604 3.1583568494097136
605 3.1583568494097136
606 3.1583568494097136
607 1.636314853836228
608 1.636314853836228
609 1.636314853836228
610 1.636314853836228
611 1.636314853836228
612 2.478855210089163
613 2.478855210089163
614 2.478855210089163
615 2.478855210089163
616 2.478855210089163
617 2.19606497645211
618 2.19606497645211
619 2.19606497645211
620 2.19606497645211
621 2.19606497645211
622 3.3925146391601317
623 3.3925146391601317
624 3.3925146391601317
625 3.3925146391601317
626 3.3925146391601317
627 2.4227437619357843
628 2.4227437619357843
629 2.4227437619357843
630 2.4227437619357843
631 2.4227437619357843
632 3.331148234954435
633 3.331148234954435
634 3.331148234954435
635 3.331148234954435
636 3.331148234954435
637 2.4031260091281466
638 2.4031260091281466
639 2.4031260091281466
640 2.4031260091281466
641 2.4031260091281466
642 3.349137470846294
643 3.349137470846294
644 3.349137470846294
645 3.349137470846294
646 3.349137470846294
647 4.004653810900946
648 4.004653810900946
649 4.004653810900946
650 4.004653810900946
651 4.004653810900946
652 3.2932409260166544
653 3.2932409260166544
654 3.2932409260166544
655 3.2932409260166544
656 3.2932409260166544
657 3.4247102376478162
658 3.4247102376478162
659 3.4247102376478162
660 3.4247102376478162
661 3.4247102376478162
662 2.9042676919977124
663 2.9042676919977124
664 2.9042676919977124
665 2.9042676919977124
666 2.9042676919977124
667 1.738152401220749
668 1.738152401220749
669 1.738152401220749
670 2.351204157984634
671 2.351204157984634
672 2.351204157984634
673 2.351204157984634
674 2.351204157984634
675 1.5649262880502628
676 1.5649262880502628
677 1.5649262880502628
678 1.5649262880502628
679 1.5649262880502628
680 0.916465038648429
681 0.916465038648429
682 0.916465038648429
683 0.916465038648429
684 0.916465038648429
685 1.532177491878183
686 1.532177491878183
687 1.532177491878183
688 1.532177491878183
689 1.532177491878183
690 1.241864629229282
691 1.241864629229282
692 1.241864629229282
693 1.241864629229282
694 1.241864629229282
695 1.9493067277096685
696 1.9493067277096685
697 1.9493067277096685
698 1.9493067277096685
699 1.9493067277096685
700 1.73766567809192
701 1.73766567809192
702 1.73766567809192
703 1.73766567809192
704 1.73766567809192
705 1.5018853530889
706 1.5018853530889
707 1.5018853530889
708 1.5018853530889
709 1.5018853530889
710 1.286307309222677
711 1.286307309222677
712 1.286307309222677
713 1.286307309222677
714 1.286307309222677
715 1.6140204596584447
716 1.6140204596584447
717 1.6140204596584447
718 1.6140204596584447
719 1.6140204596584447
720 2.796816396242542
721 2.796816396242542
722 2.796816396242542
723 2.796816396242542
724 2.796816396242542
725 2.203601884902421
726 2.203601884902421
727 2.203601884902421
728 2.203601884902421
729 2.203601884902421
730 0.8618261889868546
731 0.8618261889868546
732 0.8618261889868546
733 0.8618261889868546
734 0.8618261889868546
735 1.6162829694182255
736 1.6162829694182255
737 1.6162829694182255
738 1.6162829694182255
739 1.6162829694182255
740 1.636535944212948
741 1.636535944212948
742 1.636535944212948
743 1.636535944212948
744 1.636535944212948
745 2.7532012799743297
746 2.7532012799743297
747 2.7532012799743297
748 2.7532012799743297
749 2.7532012799743297
750 1.787787317610618
751 1.787787317610618
752 1.787787317610618
753 1.787787317610618
754 1.787787317610618
755 2.0100193372244455
756 2.0100193372244455
757 0.9277995154264099
758 0.9277995154264099
759 0.9277995154264099
760 0.9277995154264099
761 0.9277995154264099
762 1.3409926451189296
763 1.3409926451189296
764 1.3409926451189296
765 1.3409926451189296
766 1.3409926451189296
767 1.0854997351058544
768 1.0854997351058544
769 1.0854997351058544
770 1.0854997351058544
771 1.0854997351058544
772 1.3588471419601553
773 1.3588471419601553
774 1.3588471419601553
775 1.3588471419601553
776 1.3588471419601553
777 0.1
778 0.1
779 0.1
780 0.1
781 0.1
782 1.1659109598620587
783 1.1659109598620587
784 1.1659109598620587
785 1.1659109598620587
786 1.1659109598620587
787 1.2522558019985248
788 1.2522558019985248
789 1.2522558019985248
790 1.2522558019985248
791 1.2522558019985248
792 0.9714319279536283
793 0.9714319279536283
794 0.9714319279536283
795 0.9714319279536283
796 0.9714319279536283
797 0.9578124941764953
798 0.9578124941764953
799 0.9578124941764953
800 0.9578124941764953
801 0.9578124941764953
802 1.4443920319807328
803 1.4443920319807328
804 1.4443920319807328
805 1.4443920319807328
806 1.4443920319807328
807 0.9308188159516517
808 0.9308188159516517
809 0.9308188159516517
810 0.9308188159516517
811 0.9308188159516517
812 1.4374219614711516
813 1.4374219614711516
814 1.4374219614711516
815 1.4374219614711516
816 1.4374219614711516
817 0.7490453947929345
818 0.7490453947929345
819 0.7490453947929345
820 0.7490453947929345
821 0.7490453947929345
822 1.4701238337739355
823 1.4701238337739355
824 1.4701238337739355
825 1.4701238337739355
826 1.4701238337739355
827 0.7518385018760565
828 0.7518385018760565
829 0.7518385018760565
830 0.7518385018760565
831 0.7518385018760565
832 1.362703811134457
833 1.362703811134457
834 1.362703811134457
835 1.362703811134457
836 1.362703811134457
837 0.7686728965165933
838 0.7686728965165933
839 0.7686728965165933
840 0.7686728965165933
841 0.7686728965165933
842 0.34535910878573306
843 0.34535910878573306
844 0.34535910878573306
845 0.34535910878573306
846 0.34535910878573306
847 1.839258596067625
848 1.839258596067625
849 1.839258596067625
850 1.839258596067625
851 1.839258596067625
852 1.3580555658463627
853 1.3580555658463627
854 1.3580555658463627
855 1.3580555658463627
856 1.3580555658463627
857 1.1667808485770652
858 1.1667808485770652
859 1.1667808485770652
860 1.1667808485770652
861 1.1667808485770652
862 1.0806785886370838
863 1.0806785886370838
864 1.0806785886370838
865 1.0806785886370838
866 1.0806785886370838
867 0.790318447494669
868 0.790318447494669
869 0.790318447494669
870 0.790318447494669
871 0.790318447494669
872 0.7400601881967453
873 0.7400601881967453
874 0.7400601881967453
875 0.7400601881967453
876 0.7400601881967453
877 1.4076430289945594
878 1.4076430289945594
879 1.4076430289945594
880 1.4076430289945594
881 1.4076430289945594
882 0.3387502034198395
883 0.3387502034198395
884 0.3387502034198395
885 0.3387502034198395
886 0.3387502034198395
887 1.0322242661048178
888 1.0322242661048178
889 1.0322242661048178
890 1.0322242661048178
891 1.0322242661048178
892 1.8946912506153857
893 1.8946912506153857
894 1.8946912506153857
895 1.8946912506153857
896 1.8946912506153857
897 2.5420326667635336
898 2.5420326667635336
899 2.5420326667635336
900 2.5420326667635336
901 2.5420326667635336
902 3.0519979399870847
903 3.0519979399870847
904 3.0519979399870847
905 3.0519979399870847
906 3.0519979399870847
907 1.9923817093168261
908 1.9923817093168261
909 1.9923817093168261
910 1.9923817093168261
911 1.9923817093168261
912 2.729834768836051
913 2.729834768836051
914 2.729834768836051
915 2.729834768836051
916 2.729834768836051
917 2.299673704556525
918 2.299673704556525
919 2.299673704556525
920 2.299673704556525
921 2.299673704556525
922 2.0034048620889044
923 2.0034048620889044
924 2.0034048620889044
925 2.0034048620889044
926 2.0034048620889044
927 2.2737936912436676
928 2.2737936912436676
929 2.2737936912436676
930 2.2737936912436676
931 2.2737936912436676
932 2.036331439127178
933 2.036331439127178
934 2.036331439127178
935 2.036331439127178
936 2.036331439127178
937 0.7689810940898651
938 0.7689810940898651
939 0.7689810940898651
940 0.7689810940898651
941 0.7689810940898651
942 0.8878782574155947
943 0.8878782574155947
944 2.7244423488514156
945 2.7244423488514156
946 2.7244423488514156
947 2.7244423488514156
948 2.7244423488514156
949 0.7531374568588198
950 3.334965605316742
951 3.334965605316742
952 3.334965605316742
953 3.334965605316742
954 3.334965605316742
955 2.297151758615155
956 2.297151758615155
957 2.297151758615155
958 2.297151758615155
959 2.297151758615155
960 3.1513505351244704
961 3.1513505351244704
962 3.1513505351244704
963 3.1513505351244704
964 3.1513505351244704
965 3.6997860117893886
966 3.6997860117893886
967 3.6997860117893886
968 3.6997860117893886
969 3.6997860117893886
970 1.1427520535783176
971 1.1427520535783176
972 1.1427520535783176
973 1.1427520535783176
974 1.1427520535783176
975 2.7334719438005712
976 2.7334719438005712
977 2.7334719438005712
978 2.7334719438005712
979 2.7334719438005712
980 2.1487649819390713
981 2.1487649819390713
982 2.1487649819390713
983 2.1487649819390713
984 2.1487649819390713
985 4.164940162078301
986 4.164940162078301
987 4.164940162078301
988 4.164940162078301
989 4.164940162078301
990 2.6386879778298606
991 2.6386879778298606
992 2.6386879778298606
993 2.6386879778298606
994 2.6386879778298606
995 2.495642609420594
996 2.495642609420594
997 2.495642609420594
998 2.495642609420594
999 2.495642609420594
1000 3.6729830819245954
1001 3.6729830819245954
1002 3.6729830819245954
1003 3.6729830819245954
1004 3.6729830819245954
1005 2.2896817403609893
1006 2.2896817403609893
1007 2.2896817403609893
1008 2.2896817403609893
1009 2.2896817403609893
1010 2.0886278849321185
1011 2.0886278849321185
1012 2.0886278849321185
1013 2.0886278849321185
1014 2.0886278849321185
1015 1.2946653277209927
1016 1.2946653277209927
1017 1.2946653277209927
1018 1.2946653277209927
1019 1.2946653277209927
1020 4.318914268419093
1021 4.318914268419093
1022 4.318914268419093
1023 4.318914268419093
1024 4.318914268419093
1025 3.124733366458176
1026 3.124733366458176
1027 3.124733366458176
1028 3.124733366458176
1029 3.124733366458176
1030 1.405217134778091
1031 1.405217134778091
1032 1.405217134778091
1033 1.405217134778091
1034 1.405217134778091
1035 4.120965850417197
1036 4.120965850417197
1037 4.120965850417197
1038 4.120965850417197
1039 4.120965850417197
1040 2.8704069636980987
1041 2.8704069636980987
1042 2.8704069636980987
1043 2.8704069636980987
1044 2.8704069636980987
1045 3.4825017414356734
1046 3.4825017414356734
1047 3.4825017414356734
1048 3.4825017414356734
1049 3.4825017414356734
1050 4.042296261940871
1051 4.042296261940871
1052 4.042296261940871
1053 4.042296261940871
1054 4.042296261940871
1055 1.2206238399095626
1056 1.2206238399095626
1057 1.2206238399095626
1058 1.2206238399095626
1059 1.2206238399095626
1060 3.8920702910844205
1061 3.8920702910844205
1062 3.8920702910844205
1063 3.8920702910844205
1064 3.8920702910844205
1065 4.182765239725816
1066 4.182765239725816
1067 4.182765239725816
1068 4.182765239725816
1069 4.182765239725816
1070 1.7736928924717617
1071 1.7736928924717617
1072 1.7736928924717617
1073 1.7736928924717617
1074 1.7736928924717617
1075 6.325315741542311
1076 6.325315741542311
1077 6.325315741542311
1078 6.325315741542311
1079 6.325315741542311
1080 6.022423603421404
1081 6.022423603421404
1082 6.022423603421404
1083 6.022423603421404
1084 6.022423603421404
1085 2.0271671220853773
1086 2.0271671220853773
1087 2.0271671220853773
1088 2.0271671220853773
1089 2.0271671220853773
1090 2.626578088538717
1091 2.626578088538717
1092 2.626578088538717
1093 2.626578088538717
1094 2.626578088538717
1095 2.605588135746573
1096 2.605588135746573
1097 2.605588135746573
1098 2.605588135746573
1099 2.605588135746573
1100 2.5219917478892016
1101 2.5219917478892016
1102 2.5219917478892016
1103 2.5219917478892016
1104 2.5219917478892016
1105 4.927994972045761
1106 4.927994972045761
1107 4.927994972045761
1108 4.927994972045761
1109 4.927994972045761
1110 2.7226356008915413
1111 2.7226356008915413
1112 2.7226356008915413
1113 2.7226356008915413
1114 2.7226356008915413
1115 1.5601899178076453
1116 1.5601899178076453
1117 1.5601899178076453
1118 1.5601899178076453
1119 1.5601899178076453
1120 2.8015580856372018
1121 2.8015580856372018
1122 2.8015580856372018
1123 2.8015580856372018
1124 2.8015580856372018
1125 3.8876671184413762
1126 3.8876671184413762
1127 3.8876671184413762
1128 3.8876671184413762
1129 3.8876671184413762
1130 3.7461961661427416
1131 3.7461961661427416
1132 3.7461961661427416
1133 3.7461961661427416
1134 3.7461961661427416
1135 4.425605131279327
1136 4.425605131279327
1137 4.425605131279327
1138 4.425605131279327
1139 4.425605131279327
1140 3.9865417228967757
1141 3.9865417228967757
1142 3.9865417228967757
1143 3.9865417228967757
1144 3.9865417228967757
1145 3.3259970764732416
1146 3.3259970764732416
1147 3.3259970764732416
1148 3.3259970764732416
1149 3.3259970764732416
1150 3.6045393953782856
1151 3.6045393953782856
1152 3.6045393953782856
1153 3.6045393953782856
1154 3.6045393953782856
1155 3.576394772801832
1156 3.576394772801832
1157 3.576394772801832
1158 3.576394772801832
1159 3.576394772801832
1160 3.6310765976136565
1161 3.6310765976136565
1162 3.6310765976136565
1163 3.6310765976136565
1164 3.6310765976136565
1165 3.6475009053713277
1166 3.6475009053713277
1167 3.6475009053713277
1168 3.6475009053713277
1169 3.6475009053713277
1170 2.356213063216866
1171 2.356213063216866
1172 2.356213063216866
1173 2.356213063216866
1174 2.356213063216866
1175 4.713688933561626
1176 4.713688933561626
1177 4.713688933561626
1178 4.713688933561626
1179 4.713688933561626
1180 4.273839590521111
1181 4.273839590521111
1182 4.273839590521111
1183 4.273839590521111
1184 4.273839590521111
1185 1.2667909048525599
1186 1.2667909048525599
1187 1.2667909048525599
1188 1.2667909048525599
1189 1.2667909048525599
1190 4.932266478434339
1191 4.932266478434339
1192 4.932266478434339
1193 4.932266478434339
1194 4.932266478434339
1195 3.3704355260580154
1196 3.3704355260580154
1197 3.3704355260580154
1198 3.3704355260580154
1199 3.3704355260580154
1200 3.8705341284647576
1201 3.8705341284647576
1202 3.8705341284647576
1203 3.8705341284647576
1204 3.8705341284647576
1205 0.608062013177175
1206 0.608062013177175
1207 0.608062013177175
1208 0.608062013177175
1209 0.608062013177175
1210 1.1530859882605684
1211 1.1530859882605684
1212 1.1530859882605684
1213 1.1530859882605684
1214 1.1530859882605684
1215 1.060516409773089
1216 1.060516409773089
1217 1.060516409773089
1218 1.060516409773089
1219 1.060516409773089
1220 1.4704654218778601
1221 1.4704654218778601
1222 1.4704654218778601
1223 1.4704654218778601
1224 1.4704654218778601
1225 0.4331360814954065
1226 0.4331360814954065
1227 0.4331360814954065
1228 0.4331360814954065
1229 0.4331360814954065
1230 0.7518220998209583
1231 0.7518220998209583
1232 0.7518220998209583
1233 0.7518220998209583
1234 0.7518220998209583
1235 0.5676614655919348
1236 0.5676614655919348
1237 0.5676614655919348
1238 0.5676614655919348
1239 0.5676614655919348
1240 1.3699518736420386
1241 1.3699518736420386
1242 1.3699518736420386
1243 1.3699518736420386
1244 1.3699518736420386
1245 1.7283734584813422
1246 1.7283734584813422
1247 1.7283734584813422
1248 1.7283734584813422
1249 1.7283734584813422
1250 1.8597986762484966
1251 1.8597986762484966
1252 1.8597986762484966
1253 1.8597986762484966
1254 1.8597986762484966
1255 1.486696394632311
1256 1.486696394632311
1257 1.486696394632311
1258 1.486696394632311
1259 1.486696394632311
1260 1.2094314424450043
1261 1.2094314424450043
1262 1.2094314424450043
1263 1.2094314424450043
1264 1.2094314424450043
1265 0.95244964150003
1266 0.95244964150003
1267 0.95244964150003
1268 0.95244964150003
1269 0.95244964150003
1270 1.2450917625149052
1271 1.2450917625149052
1272 1.2450917625149052
1273 1.2450917625149052
1274 1.2450917625149052
1275 0.5761404880758797
1276 0.5761404880758797
1277 0.5761404880758797
1278 0.5761404880758797
1279 0.5761404880758797
1280 1.6183931665733398
1281 1.6183931665733398
1282 1.6183931665733398
1283 1.6183931665733398
1284 1.6183931665733398
1285 0.695422922851522
1286 0.695422922851522
1287 0.695422922851522
1288 0.695422922851522
1289 0.695422922851522
1290 1.203959939811932
1291 1.203959939811932
1292 1.203959939811932
1293 1.203959939811932
1294 1.203959939811932
1295 0.878054543418414
1296 0.878054543418414
1297 0.878054543418414
1298 0.878054543418414
1299 0.878054543418414
1300 1.631949804314473
1301 1.631949804314473
1302 1.631949804314473
1303 1.631949804314473
1304 1.631949804314473
1305 1.066454601635329
1306 1.066454601635329
1307 1.066454601635329
1308 1.066454601635329
1309 1.066454601635329
1310 1.0274200706479506
1311 1.0274200706479506
1312 1.0274200706479506
1313 1.0274200706479506
1314 1.0274200706479506
1315 1.3422174958837698
1316 1.3422174958837698
1317 1.3422174958837698
1318 1.3422174958837698
1319 1.3422174958837698
1320 1.0209533944890141
1321 1.0209533944890141
1322 1.0209533944890141
1323 1.0209533944890141
1324 1.0209533944890141
1325 1.0562241877760088
1326 1.0562241877760088
1327 1.0562241877760088
1328 1.0562241877760088
1329 1.0562241877760088
1330 1.2284645046104192
1331 1.2284645046104192
1332 1.2284645046104192
1333 1.2284645046104192
1334 1.2284645046104192
1335 1.7367675925542994
1336 1.7367675925542994
1337 1.7367675925542994
1338 1.7367675925542994
1339 1.7367675925542994
1340 0.7189609337893117
1341 0.7189609337893117
1342 0.7189609337893117
1343 0.7189609337893117
1344 0.7189609337893117
1345 1.072454205378915
1346 1.072454205378915
1347 1.072454205378915
1348 1.072454205378915
1349 1.072454205378915
1350 1.623028083059478
1351 1.623028083059478
1352 1.623028083059478
1353 1.623028083059478
1354 1.623028083059478
1355 0.6288642752345448
1356 0.6288642752345448
1357 0.6288642752345448
1358 0.6288642752345448
1359 0.6288642752345448
1360 1.1455000051691357
1361 1.1455000051691357
1362 1.1455000051691357
1363 1.1455000051691357
1364 1.1455000051691357
1365 1.3071262899787532
1366 1.3071262899787532
1367 1.3071262899787532
1368 1.3071262899787532
1369 1.3071262899787532
1370 1.1459582774892518
1371 1.1459582774892518
1372 1.1459582774892518
1373 1.1459582774892518
1374 1.1459582774892518
1375 0.4837116690898473
1376 0.4837116690898473
1377 0.4837116690898473
1378 0.4837116690898473
1379 0.4837116690898473
1380 0.9716385668462331
1381 0.9716385668462331
1382 0.9716385668462331
1383 0.9716385668462331
1384 0.9716385668462331
1385 0.5965564482654674
1386 0.5965564482654674
1387 0.5965564482654674
1388 0.5965564482654674
1389 0.5965564482654674
1390 0.6226338204060904
1391 0.6226338204060904
1392 0.6226338204060904
1393 0.6226338204060904
1394 0.6226338204060904
1395 0.6033399254754478
1396 0.6033399254754478
1397 0.6033399254754478
1398 0.6033399254754478
1399 0.6033399254754478
1400 1.1195227296300498
1401 1.1195227296300498
1402 1.1195227296300498
1403 1.1195227296300498
1404 1.1195227296300498
1405 0.8645046181738018
1406 0.8645046181738018
1407 0.8645046181738018
1408 0.8645046181738018
1409 0.8645046181738018
1410 1.2747086413534208
1411 1.2747086413534208
1412 1.2747086413534208
1413 1.2747086413534208
1414 1.2747086413534208
1415 0.7119141132334729
1416 0.7119141132334729
1417 0.7119141132334729
1418 0.7119141132334729
1419 0.7119141132334729
1420 1.0449961133996406
1421 1.0449961133996406
1422 1.0449961133996406
1423 1.0449961133996406
1424 1.0449961133996406
1425 0.8412677612668915
1426 0.8412677612668915
1427 0.8412677612668915
1428 0.8412677612668915
1429 0.8412677612668915
1430 1.539584640238064
1431 1.539584640238064
1432 1.539584640238064
1433 1.539584640238064
1434 1.539584640238064
1435 1.9983336040949826
1436 1.9983336040949826
1437 1.9983336040949826
1438 1.9983336040949826
1439 1.9983336040949826
1440 1.3175569515953833
1441 1.3175569515953833
1442 1.3175569515953833
1443 1.3175569515953833
1444 1.3175569515953833
1445 0.7186657370409926
1446 0.7186657370409926
1447 0.7186657370409926
1448 0.7186657370409926
1449 0.7186657370409926
1450 0.45620924219894843
1451 0.45620924219894843
1452 0.45620924219894843
1453 0.45620924219894843
1454 0.45620924219894843
1455 0.49819209103869566
1456 0.49819209103869566
1457 0.49819209103869566
1458 0.49819209103869566
1459 0.49819209103869566
1460 1.3310233705733254
1461 1.3310233705733254
1462 1.3310233705733254
1463 1.3310233705733254
1464 1.3310233705733254
1465 1.1716630918167992
1466 1.1716630918167992
1467 1.1716630918167992
1468 1.1716630918167992
1469 1.1716630918167992
1470 1.3401212420978728
1471 1.3401212420978728
1472 1.3401212420978728
1473 1.3401212420978728
1474 1.3401212420978728
1475 0.9911952594303253
1476 0.9911952594303253
1477 0.9911952594303253
1478 0.9911952594303253
1479 0.9911952594303253
1480 0.983345016277144
1481 0.983345016277144
1482 0.983345016277144
1483 0.983345016277144
1484 0.983345016277144
1485 1.0886559879813127
1486 1.0886559879813127
1487 1.0886559879813127
1488 1.0886559879813127
1489 1.0886559879813127
1490 1.3491222910240392
1491 1.3491222910240392
1492 1.3491222910240392
1493 1.3491222910240392
1494 1.3491222910240392
1495 1.7692945428519407
1496 1.7692945428519407
1497 1.7692945428519407
1498 1.7692945428519407
1499 1.7692945428519407
1500 0.7683745445235042
1501 0.7683745445235042
1502 0.7683745445235042
1503 0.7683745445235042
1504 0.7683745445235042
1505 1.2493537663410774
1506 1.2493537663410774
1507 1.2493537663410774
1508 1.2493537663410774
1509 1.2493537663410774
1510 0.9094489834215329
1511 0.9094489834215329
1512 0.9094489834215329
1513 0.9094489834215329
1514 0.9094489834215329
1515 1.1784545268602986
1516 1.1784545268602986
1517 1.1784545268602986
1518 1.1784545268602986
1519 1.1784545268602986
1520 1.0971988367238177
1521 1.0971988367238177
1522 1.0971988367238177
1523 1.0971988367238177
1524 1.0971988367238177
1525 1.5768116518742934
1526 1.5768116518742934
1527 1.5768116518742934
1528 1.5768116518742934
1529 1.5768116518742934
1530 1.7399581422545123
1531 1.7399581422545123
1532 1.7399581422545123
1533 1.7399581422545123
1534 1.7399581422545123
1535 1.8240829955887197
1536 1.8240829955887197
1537 1.8240829955887197
1538 1.8240829955887197
1539 1.8240829955887197
1540 1.6237319166955904
1541 1.6237319166955904
1542 1.6237319166955904
1543 1.6237319166955904
1544 1.6237319166955904
1545 1.1614052240843447
1546 1.1614052240843447
1547 1.1614052240843447
1548 1.1614052240843447
1549 1.1614052240843447
1550 1.2014579367981295
1551 1.2014579367981295
1552 1.2014579367981295
1553 1.2014579367981295
1554 1.2014579367981295
1555 1.385214734303213
1556 1.385214734303213
1557 1.385214734303213
1558 1.385214734303213
1559 1.385214734303213
1560 0.9666564957219703
1561 0.9666564957219703
1562 0.9666564957219703
1563 0.9666564957219703
1564 0.9666564957219703
1565 1.5549218235787992
1566 1.5549218235787992
1567 1.5549218235787992
1568 1.5549218235787992
1569 1.5549218235787992
1570 1.726754957305039
1571 1.726754957305039
1572 1.726754957305039
1573 1.726754957305039
1574 1.726754957305039
1575 0.9737256146061688
1576 0.9737256146061688
1577 0.9737256146061688
1578 0.9737256146061688
1579 0.9737256146061688
1580 0.934914271160941
1581 0.934914271160941
1582 0.934914271160941
1583 0.934914271160941
1584 0.934914271160941
1585 1.0873635517501035
1586 1.0873635517501035
1587 1.0873635517501035
1588 1.0873635517501035
1589 1.0873635517501035
1590 0.4609445644725392
1591 0.4609445644725392
1592 0.4609445644725392
1593 0.4609445644725392
1594 0.4609445644725392
1595 1.565225105296641
1596 1.565225105296641
1597 1.565225105296641
1598 1.565225105296641
1599 1.565225105296641
1600 0.7749283466222823
1601 0.7749283466222823
1602 0.7749283466222823
1603 0.7749283466222823
1604 0.7749283466222823
1605 0.8256852053206329
1606 0.8256852053206329
1607 0.8256852053206329
1608 0.8256852053206329
1609 0.8256852053206329
1610 1.2121121467157596
1611 1.2121121467157596
1612 1.2121121467157596
1613 1.2121121467157596
1614 1.2121121467157596
1615 0.9322222155851058
1616 0.9322222155851058
1617 0.9322222155851058
1618 0.9322222155851058
1619 0.9322222155851058
1620 1.5886930736576084
1621 1.5886930736576084
1622 1.5886930736576084
1623 1.5886930736576084
1624 1.5886930736576084
1625 0.7196472968138385
1626 0.7196472968138385
1627 0.7196472968138385
1628 0.7196472968138385
1629 0.7196472968138385
1630 0.75464225816414
1631 0.75464225816414
1632 0.75464225816414
1633 0.75464225816414
1634 0.75464225816414
1635 1.6407694374154136
1636 1.6407694374154136
1637 1.6407694374154136
1638 1.6407694374154136
1639 1.6407694374154136
1640 1.7772875326907291
1641 1.7772875326907291
1642 1.7772875326907291
1643 1.7772875326907291
1644 1.7772875326907291
1645 0.7950262172891628
1646 0.7950262172891628
1647 0.7950262172891628
1648 0.7950262172891628
1649 0.7950262172891628
1650 0.9888438839915665
1651 0.9888438839915665
1652 0.9888438839915665
1653 0.9888438839915665
1654 0.9888438839915665
1655 1.8093033391062867
1656 1.8093033391062867
1657 1.8093033391062867
1658 1.8093033391062867
1659 1.8093033391062867
1660 1.0660486632539345
1661 1.0660486632539345
1662 1.0660486632539345
1663 1.0660486632539345
1664 1.0660486632539345
1665 1.657003640496745
1666 1.657003640496745
1667 1.657003640496745
1668 1.657003640496745
1669 1.657003640496745
1670 0.7231834836184311
1671 0.7231834836184311
1672 0.7231834836184311
1673 0.7231834836184311
1674 0.7231834836184311
1675 1.322176006153932
1676 1.322176006153932
1677 1.322176006153932
1678 1.322176006153932
1679 1.322176006153932
1680 1.7024859633395688
1681 1.7024859633395688
1682 1.7024859633395688
1683 1.7024859633395688
1684 1.7024859633395688
1685 0.9244738633231517
1686 0.9244738633231517
1687 0.9244738633231517
1688 0.9244738633231517
1689 0.9244738633231517
1690 1.1416402300323742
1691 1.1416402300323742
1692 1.1416402300323742
1693 1.1416402300323742
1694 1.1416402300323742
1695 1.101723782581426
1696 1.101723782581426
1697 1.101723782581426
1698 1.101723782581426
1699 1.101723782581426
1700 1.1552822818762234
1701 1.1552822818762234
1702 1.1552822818762234
1703 1.1552822818762234
1704 1.1552822818762234
1705 1.4334244460523229
1706 1.4334244460523229
1707 1.4334244460523229
1708 1.4334244460523229
1709 1.4334244460523229
1710 0.7432130910539134
1711 0.7432130910539134
1712 0.7432130910539134
1713 0.7432130910539134
1714 0.7432130910539134
1715 0.9520331688873258
1716 0.9520331688873258
1717 0.9520331688873258
1718 0.9520331688873258
1719 0.9520331688873258
1720 0.646760008745274
1721 0.646760008745274
1722 0.646760008745274
1723 0.646760008745274
1724 0.646760008745274
1725 1.3230339211700293
1726 1.3230339211700293
1727 1.3230339211700293
1728 1.3230339211700293
1729 1.3230339211700293
1730 0.876397567798374
1731 0.876397567798374
1732 0.876397567798374
1733 0.876397567798374
1734 0.876397567798374
1735 0.7667650293221602
1736 0.7667650293221602
1737 0.7667650293221602
1738 0.7667650293221602
1739 0.7667650293221602
1740 1.0606494959824533
1741 1.0606494959824533
1742 1.0606494959824533
1743 1.0606494959824533
1744 1.0606494959824533
1745 1.18715106957384
1746 1.18715106957384
1747 1.18715106957384
1748 1.18715106957384
1749 1.18715106957384
1750 0.8066203926572237
1751 0.8066203926572237
1752 0.8066203926572237
1753 0.8066203926572237
1754 0.8066203926572237
1755 0.8448759198933616
1756 0.8448759198933616
1757 0.8448759198933616
1758 0.8448759198933616
1759 0.8448759198933616
1760 1.6727821570901211
1761 1.6727821570901211
1762 1.6727821570901211
1763 1.6727821570901211
1764 1.6727821570901211
1765 1.0228965577938083
1766 1.0228965577938083
1767 1.0228965577938083
1768 1.0228965577938083
1769 1.0228965577938083
1770 0.7530982470622558
1771 0.7530982470622558
1772 0.7530982470622558
1773 0.7530982470622558
1774 0.7530982470622558
1775 1.279003855915158
1776 1.279003855915158
1777 1.279003855915158
1778 1.279003855915158
1779 1.279003855915158
1780 0.6365126227641644
1781 0.6365126227641644
1782 0.6365126227641644
1783 0.6365126227641644
1784 0.6365126227641644
1785 1.433676015489305
1786 1.433676015489305
1787 1.433676015489305
1788 1.433676015489305
1789 1.433676015489305
1790 1.0349313277946177
1791 1.0349313277946177
1792 1.0349313277946177
1793 1.0349313277946177
1794 1.0349313277946177
1795 0.6319874977298837
1796 0.6319874977298837
1797 0.6319874977298837
1798 0.6319874977298837
1799 0.6319874977298837
1800 1.0409225038279204
1801 1.0409225038279204
1802 1.0409225038279204
1803 1.0409225038279204
1804 1.0409225038279204
1805 1.259047815988164
1806 1.259047815988164
1807 1.259047815988164
1808 1.259047815988164
1809 1.259047815988164
1810 1.1504533930653065
1811 1.1504533930653065
1812 1.1504533930653065
1813 1.1504533930653065
1814 1.1504533930653065
1815 1.2167372751886372
1816 1.2167372751886372
1817 1.2167372751886372
1818 1.2167372751886372
1819 1.2167372751886372
1820 0.8123747817325055
1821 0.8123747817325055
1822 0.8123747817325055
1823 0.8123747817325055
1824 0.8123747817325055
1825 0.7830504297968078
1826 0.7830504297968078
1827 0.7830504297968078
1828 0.7830504297968078
1829 0.7830504297968078
1830 1.2336179616960277
1831 1.2336179616960277
1832 1.2336179616960277
1833 1.2336179616960277
1834 0.5619616701434937
1835 0.5619616701434937
1836 0.5619616701434937
1837 0.5619616701434937
1838 0.5619616701434937
1839 0.8151510975677121
1840 0.8151510975677121
1841 0.8151510975677121
1842 0.8151510975677121
1843 0.8151510975677121
1844 0.3308736303649216
1845 0.3308736303649216
1846 0.3308736303649216
1847 0.3308736303649216
1848 0.3308736303649216
1849 0.32110706478276024
1850 0.32110706478276024
1851 0.32110706478276024
1852 0.32110706478276024
1853 0.32110706478276024
1854 0.7970027699611388
1855 0.7970027699611388
1856 0.7970027699611388
1857 0.7970027699611388
1858 5.010158981274315
1859 5.010158981274315
1860 5.010158981274315
1861 5.010158981274315
1862 5.010158981274315
1863 5.069970253631546
1864 5.069970253631546
1865 5.069970253631546
1866 5.069970253631546
1867 5.069970253631546
1868 3.6454594501227504
1869 3.6454594501227504
1870 3.6454594501227504
1871 3.6454594501227504
1872 3.6454594501227504
1873 3.1741072414569835
1874 3.1741072414569835
1875 3.1741072414569835
1876 3.1741072414569835
1877 3.1741072414569835
1878 3.0268582798583537
1879 3.0268582798583537
1880 3.0268582798583537
1881 3.0268582798583537
1882 3.0268582798583537
1883 2.965403976720564
1884 2.965403976720564
1885 2.965403976720564
1886 2.965403976720564
1887 2.965403976720564
1888 2.843938644208672
1889 2.843938644208672
1890 2.843938644208672
1891 2.843938644208672
1892 2.843938644208672
1893 2.9022956703276157
1894 2.9022956703276157
1895 2.9022956703276157
1896 2.9022956703276157
1897 2.9022956703276157
1898 4.250971200537728
1899 4.250971200537728
1900 4.250971200537728
1901 4.250971200537728
1902 1.4966041870745856
1903 1.4966041870745856
1904 1.4966041870745856
1905 1.4966041870745856
1906 1.4966041870745856
1907 3.287075193597497
1908 3.287075193597497
1909 3.287075193597497
1910 3.287075193597497
1911 3.287075193597497
1912 4.684398919847221
1913 4.684398919847221
1914 4.684398919847221
1915 4.684398919847221
1916 4.684398919847221
1917 5.059226853990358
1918 5.059226853990358
1919 5.059226853990358
1920 5.059226853990358
1921 5.059226853990358
1922 3.139514020133195
1923 3.139514020133195
1924 3.139514020133195
1925 3.139514020133195
1926 3.139514020133195
1927 0.6385573805741962
1928 0.6385573805741962
1929 0.6385573805741962
1930 0.6385573805741962
1931 0.6385573805741962
1932 5.703613360384041
1933 5.703613360384041
1934 5.703613360384041
1935 5.703613360384041
1936 5.703613360384041
1937 3.5462147503080836
1938 3.5462147503080836
1939 3.5462147503080836
1940 3.5462147503080836
1941 3.5462147503080836
1942 5.336934032032962
1943 5.336934032032962
1944 5.336934032032962
1945 5.336934032032962
1946 5.336934032032962
1947 4.022013926102884
1948 4.022013926102884
1949 4.022013926102884
1950 4.022013926102884
1951 4.022013926102884
1952 3.857384737527702
1953 3.857384737527702
1954 3.857384737527702
1955 3.857384737527702
1956 3.857384737527702
1957 6.104817697269591
1958 6.104817697269591
1959 6.104817697269591
1960 6.104817697269591
1961 6.104817697269591
1962 3.0101157159887846
1963 3.0101157159887846
1964 3.0101157159887846
1965 3.0101157159887846
1966 3.0101157159887846
1967 4.2484781545931005
1968 4.2484781545931005
1969 4.2484781545931005
1970 4.2484781545931005
1971 4.2484781545931005
1972 4.84543012927657
1973 4.84543012927657
1974 4.84543012927657
1975 4.84543012927657
1976 4.84543012927657
1977 3.395652912719186
1978 3.395652912719186
1979 3.395652912719186
1980 3.395652912719186
1981 3.395652912719186
1982 1.7591590163092037
1983 1.7591590163092037
1984 1.7591590163092037
1985 1.7591590163092037
1986 1.7591590163092037
1987 7.396687570644016
1988 7.396687570644016
1989 7.396687570644016
1990 7.396687570644016
1991 7.396687570644016
1992 4.770985167219083
1993 4.770985167219083
1994 4.770985167219083
1995 4.770985167219083
1996 4.770985167219083
1997 3.1854391746221236
1998 3.1854391746221236
1999 3.1854391746221236
