0 4.008154582429237
1 4.008154582429237
2 4.008154582429237
3 4.008154582429237
4 4.008154582429237
5 4.351758042208641
6 4.351758042208641
7 4.351758042208641
8 4.351758042208641
9 4.351758042208641
10 4.53580340626268
11 3.149512930059124
12 3.149512930059124
13 3.149512930059124
14 3.149512930059124
15 3.149512930059124
16 2.766567250903945
17 2.766567250903945
18 2.766567250903945
19 2.766567250903945
20 2.766567250903945
21 2.2839888042978735
22 2.2839888042978735
23 2.2839888042978735
24 2.2839888042978735
25 2.2839888042978735
26 1.7833972552089008
27 1.7833972552089008
28 1.7833972552089008
29 1.7833972552089008
30 1.7833972552089008
31 3.232642645026159
32 3.232642645026159
33 3.232642645026159
34 3.232642645026159
35 3.232642645026159
36 3.3413548193129006
37 3.3413548193129006
38 3.3413548193129006
39 3.3413548193129006
40 3.3413548193129006
41 3.261843574798167
42 3.261843574798167
43 3.261843574798167
44 3.261843574798167
45 3.261843574798167
46 3.0611637586665994
47 3.936077763487645
48 3.936077763487645
49 3.936077763487645
50 3.936077763487645
51 3.936077763487645
52 4.797116927931623
53 4.797116927931623
54 4.797116927931623
55 4.797116927931623
56 4.797116927931623
57 3.9368659005232454
58 3.9368659005232454
59 3.9368659005232454
60 3.9368659005232454
61 3.9368659005232454
62 2.173736154052541
63 2.173736154052541
64 2.173736154052541
65 2.173736154052541
66 2.173736154052541
67 5.248971202214774
68 5.248971202214774
69 5.248971202214774
70 5.248971202214774
71 5.248971202214774
72 3.819908269528882
73 3.819908269528882
74 3.819908269528882
75 3.819908269528882
76 3.819908269528882
77 2.951030408781828
78 2.951030408781828
79 2.951030408781828
80 2.951030408781828
81 2.951030408781828
82 3.41467390823518
83 3.41467390823518
84 3.41467390823518
85 3.41467390823518
86 3.41467390823518
87 4.124429592738537
88 4.124429592738537
89 4.124429592738537
90 4.124429592738537
91 4.124429592738537
92 4.6041992505289135
93 4.6041992505289135
94 4.6041992505289135
95 4.6041992505289135
96 4.6041992505289135
97 4.083708834891134
98 4.083708834891134
99 4.083708834891134
100 4.083708834891134
101 4.083708834891134
102 4.948940120361859
103 4.948940120361859
104 4.948940120361859
105 4.948940120361859
106 4.948940120361859
107 3.395437692637676
108 3.395437692637676
109 3.395437692637676
110 3.395437692637676
111 3.395437692637676
112 3.8734546713742937
113 3.8734546713742937
114 3.8734546713742937
115 3.8734546713742937
116 3.8734546713742937
117 2.5524723147004518
118 2.5524723147004518
119 2.5524723147004518
120 2.5524723147004518
121 2.5524723147004518
122 4.960834309007537
123 4.960834309007537
124 4.960834309007537
125 4.960834309007537
126 4.960834309007537
127 4.790460496832542
128 4.790460496832542
129 4.790460496832542
130 4.790460496832542
131 4.790460496832542
132 5.5273903693944195
133 5.5273903693944195
134 5.5273903693944195
135 5.5273903693944195
136 5.5273903693944195
137 3.783267898460001
138 3.783267898460001
139 3.783267898460001
140 3.783267898460001
141 3.783267898460001
142 5.0219363598274285
143 5.0219363598274285
144 5.0219363598274285
145 5.0219363598274285
146 5.0219363598274285
147 3.119207652514193
148 3.119207652514193
149 3.119207652514193
150 3.119207652514193
151 3.119207652514193
152 5.627131550019255
153 5.627131550019255
154 5.627131550019255
155 5.627131550019255
156 5.627131550019255
157 5.653650361839804
158 5.653650361839804
159 5.653650361839804
160 5.653650361839804
161 5.653650361839804
162 4.625409422598617
163 4.625409422598617
164 4.625409422598617
165 4.625409422598617
166 4.625409422598617
167 3.6117968670658778
168 3.6117968670658778
169 3.6117968670658778
170 3.6117968670658778
171 3.6117968670658778
172 3.58577900964742
173 3.58577900964742
174 3.58577900964742
175 3.58577900964742
176 3.58577900964742
177 4.219151165828587
178 4.219151165828587
179 4.219151165828587
180 4.219151165828587
181 4.219151165828587
182 4.002092879183613
183 4.002092879183613
184 4.002092879183613
185 4.002092879183613
186 4.002092879183613
187 3.872941623262716
188 3.872941623262716
189 3.872941623262716
190 3.872941623262716
191 3.872941623262716
192 3.3454929503219093
193 3.3454929503219093
194 2.1545072320848817
195 2.1545072320848817
196 2.1545072320848817
197 2.1545072320848817
198 2.1545072320848817
199 2.0578395527444107
200 2.0578395527444107
201 2.0578395527444107
202 2.0578395527444107
203 2.0578395527444107
204 2.084489817643125
205 2.084489817643125
206 2.084489817643125
207 2.084489817643125
208 2.084489817643125
209 1.1608616512003018
210 1.1608616512003018
211 1.1608616512003018
212 1.1608616512003018
213 1.1608616512003018
214 1.643248997093908
215 2.7002267456126536
216 2.7002267456126536
217 2.7002267456126536
218 2.7002267456126536
219 2.7002267456126536
220 2.4222193308031628
221 2.4222193308031628
222 2.4222193308031628
223 2.4222193308031628
224 2.4222193308031628
225 2.934393239608985
226 2.934393239608985
227 2.934393239608985
228 2.934393239608985
229 2.934393239608985
230 3.3934428138482087
231 3.3934428138482087
232 3.3934428138482087
233 3.3934428138482087
234 3.3934428138482087
235 2.3129583869880497
236 2.3129583869880497
237 2.3129583869880497
238 2.3129583869880497
239 2.3129583869880497
240 2.602325980379428
241 2.602325980379428
242 2.602325980379428
243 2.602325980379428
244 2.602325980379428
245 2.8211498436594105
246 2.8211498436594105
247 2.8211498436594105
248 2.8211498436594105
249 2.8211498436594105
250 3.331769254950905
251 3.331769254950905
252 3.331769254950905
253 3.331769254950905
254 3.331769254950905
255 2.900186860229144
256 2.900186860229144
257 2.900186860229144
258 2.900186860229144
259 2.900186860229144
260 3.128385046126046
261 3.128385046126046
262 3.128385046126046
263 3.128385046126046
264 3.128385046126046
265 2.137063070241551
266 2.137063070241551
267 2.137063070241551
268 2.137063070241551
269 2.137063070241551
270 3.931301715220507
271 3.931301715220507
272 3.931301715220507
273 3.931301715220507
274 3.931301715220507
275 3.2358399961001734
276 3.2358399961001734
277 3.2358399961001734
278 3.2358399961001734
279 3.2358399961001734
280 3.1766512077909583
281 3.1766512077909583
282 3.1766512077909583
283 3.1766512077909583
284 3.1766512077909583
285 2.0032098267234346
286 2.0032098267234346
287 2.0032098267234346
288 2.0032098267234346
289 2.0032098267234346
290 2.39982002559912
291 2.39982002559912
292 2.39982002559912
293 2.39982002559912
294 2.39982002559912
295 2.8948135117386995
296 2.8948135117386995
297 2.8948135117386995
298 2.8948135117386995
299 2.8948135117386995
300 3.1228198971712295
301 3.1228198971712295
302 3.1228198971712295
303 3.1228198971712295
304 3.1228198971712295
305 2.5213030131939607
306 2.5213030131939607
307 2.5213030131939607
308 2.5213030131939607
309 2.5213030131939607
310 2.4589498473411426
311 2.4589498473411426
312 2.4589498473411426
313 2.4589498473411426
314 2.4589498473411426
315 3.6632099048323723
316 3.6632099048323723
317 3.6632099048323723
318 3.6632099048323723
319 3.6632099048323723
320 2.3374381539578857
321 2.3374381539578857
322 2.3374381539578857
323 2.3374381539578857
324 2.3374381539578857
325 2.1054806054976924
326 2.1054806054976924
327 2.1054806054976924
328 2.1054806054976924
329 2.1054806054976924
330 2.2068267457500768
331 2.2068267457500768
332 2.2068267457500768
333 2.2068267457500768
334 2.2068267457500768
335 3.405871343643618
336 3.405871343643618
337 3.405871343643618
338 3.405871343643618
339 3.405871343643618
340 4.143991641222138
341 4.143991641222138
342 4.143991641222138
343 4.143991641222138
344 4.143991641222138
345 2.9850457555054457
346 2.9850457555054457
347 2.9850457555054457
348 2.9850457555054457
349 2.9850457555054457
350 2.764016816166891
351 2.764016816166891
352 2.764016816166891
353 2.764016816166891
354 2.764016816166891
355 3.1577617563235654
356 3.1577617563235654
357 3.1577617563235654
358 3.1577617563235654
359 3.1577617563235654
360 2.19768869468058
361 2.19768869468058
362 2.19768869468058
363 2.19768869468058
364 2.19768869468058
365 2.8837699426209666
366 2.8837699426209666
367 2.8837699426209666
368 2.8837699426209666
369 2.8837699426209666
370 2.9950383551884867
371 2.9950383551884867
372 2.9950383551884867
373 2.9950383551884867
374 2.9950383551884867
375 2.644850740328991
376 2.644850740328991
377 2.644850740328991
378 2.644850740328991
379 2.644850740328991
380 4.221697654671272
381 4.221697654671272
382 4.221697654671272
383 4.221697654671272
384 4.221697654671272
385 2.5241585005435025
386 2.5241585005435025
387 2.5241585005435025
388 2.5241585005435025
389 2.5241585005435025
390 3.0040151765319005
391 3.0040151765319005
392 3.0040151765319005
393 0.9818077953306379
394 0.9818077953306379
395 0.9818077953306379
396 0.9818077953306379
397 0.9818077953306379
398 0.5879716387453311
399 0.5879716387453311
400 0.5879716387453311
401 0.5879716387453311
402 0.5879716387453311
403 0.6976312737803462
404 0.6976312737803462
405 0.6976312737803462
406 0.6976312737803462
407 0.6976312737803462
408 0.6174807919491572
409 0.6174807919491572
410 0.6174807919491572
411 0.6174807919491572
412 0.6174807919491572
413 0.5046071510948703
414 0.5046071510948703
415 0.5046071510948703
416 0.5046071510948703
417 0.5046071510948703
418 0.7637726440653052
419 0.7637726440653052
420 0.7637726440653052
421 0.7637726440653052
422 0.7637726440653052
423 0.6332803436392973
424 0.6332803436392973
425 0.6332803436392973
426 0.6332803436392973
427 3.671163011507242
428 3.671163011507242
429 3.671163011507242
430 3.671163011507242
431 3.671163011507242
432 3.3274303997941037
433 3.3274303997941037
434 3.3274303997941037
435 3.3274303997941037
436 3.3274303997941037
437 4.1370584191680955
438 4.1370584191680955
439 4.1370584191680955
440 0.6729444802294634
441 0.6729444802294634
442 0.6729444802294634
443 0.6729444802294634
444 0.6729444802294634
445 0.6179158887673264
446 0.6179158887673264
447 0.6179158887673264
448 0.6179158887673264
449 0.6179158887673264
450 0.6773157866287723
451 0.6773157866287723
452 0.6773157866287723
453 0.6773157866287723
454 0.6773157866287723
455 0.5539915763267765
456 0.5539915763267765
457 0.5539915763267765
458 0.5539915763267765
459 0.5539915763267765
460 0.6948581633251384
461 0.6948581633251384
462 0.6948581633251384
463 0.6948581633251384
464 0.6948581633251384
465 0.5724767450892725
466 0.5724767450892725
467 0.5724767450892725
468 0.5724767450892725
469 0.5724767450892725
470 0.7165114012577787
471 0.7165114012577787
472 0.7165114012577787
473 0.7165114012577787
474 0.7165114012577787
475 0.8205826863421171
476 0.8205826863421171
477 0.8205826863421171
478 0.8205826863421171
479 0.8205826863421171
480 0.8772783700310213
481 0.8772783700310213
482 0.8772783700310213
483 0.8772783700310213
484 0.8772783700310213
485 0.7118045958021901
486 0.7118045958021901
487 0.7118045958021901
488 0.7118045958021901
489 0.7118045958021901
490 0.42794493959747026
491 0.42794493959747026
492 0.42794493959747026
493 0.42794493959747026
494 0.42794493959747026
495 0.4453569309144597
496 0.4453569309144597
497 0.4453569309144597
498 0.4453569309144597
499 0.4453569309144597
500 0.6221061882922915
501 0.6221061882922915
502 0.6221061882922915
503 0.6221061882922915
504 0.6221061882922915
505 0.6646361036769475
506 0.6646361036769475
507 0.6646361036769475
508 0.6646361036769475
509 0.6646361036769475
510 0.4677392139331149
511 0.4677392139331149
512 0.4677392139331149
513 0.4677392139331149
514 0.4677392139331149
515 0.8429289201002552
516 0.8429289201002552
517 0.8429289201002552
518 0.8429289201002552
519 0.8429289201002552
520 0.709454647335318
521 0.709454647335318
522 0.709454647335318
523 0.709454647335318
524 0.709454647335318
525 0.6463673390731739
526 0.6463673390731739
527 0.6463673390731739
528 0.6463673390731739
529 0.6463673390731739
530 0.5601196325316129
531 0.5601196325316129
532 0.5601196325316129
533 0.5601196325316129
534 0.5601196325316129
535 4.400599115033272
536 4.400599115033272
537 4.400599115033272
538 4.400599115033272
539 4.400599115033272
540 3.206619429939017
541 3.206619429939017
542 3.206619429939017
543 3.206619429939017
544 3.206619429939017
545 4.624180165751557
546 4.624180165751557
547 4.624180165751557
548 4.624180165751557
549 4.624180165751557
550 4.421928686892748
551 4.421928686892748
552 4.421928686892748
553 4.421928686892748
554 4.421928686892748
555 2.6114532823280774
556 2.6114532823280774
557 2.6114532823280774
558 2.6114532823280774
559 2.6114532823280774
560 2.217997321573116
561 2.217997321573116
562 2.217997321573116
563 2.217997321573116
564 2.217997321573116
565 3.5859281712537574
566 3.5859281712537574
567 3.5859281712537574
568 3.5859281712537574
569 3.5859281712537574
570 4.030013142025608
571 4.030013142025608
572 4.030013142025608
573 2.7922532761605803
574 2.7922532761605803
575 2.7922532761605803
576 2.7922532761605803
577 2.7922532761605803
578 2.903574478589079
579 2.903574478589079
580 2.903574478589079
581 2.903574478589079
582 2.903574478589079
583 3.7304547960075967
584 3.7304547960075967
585 3.7304547960075967
586 3.7304547960075967
587 3.7304547960075967
588 3.3955977842195257
589 3.3955977842195257
590 3.3955977842195257
591 3.3955977842195257
592 3.3955977842195257
593 3.8271216782656974
594 3.8271216782656974
595 3.8271216782656974
596 3.8271216782656974
597 3.8271216782656974
598 2.0341460496204204
599 2.0341460496204204
600 2.0341460496204204
601 2.0341460496204204
602 2.0341460496204204
603 1.918345070750097
604 1.918345070750097
605 1.918345070750097
606 6.732559523815533
607 6.732559523815533
608 6.732559523815533
609 6.732559523815533
610 6.732559523815533
611 3.0776628629861995
612 3.0776628629861995
613 3.0776628629861995
614 3.0776628629861995
615 3.0776628629861995
616 4.0111612036708975
617 4.0111612036708975
618 4.027135965992309
619 4.027135965992309
620 4.027135965992309
621 4.027135965992309
622 4.027135965992309
623 4.2353054984081036
624 4.2353054984081036
625 4.2353054984081036
626 4.2353054984081036
627 4.2353054984081036
628 4.518150125227155
629 4.518150125227155
630 4.518150125227155
631 4.518150125227155
632 4.518150125227155
633 3.3799647021302777
634 3.3799647021302777
635 3.3799647021302777
636 3.3799647021302777
637 3.3799647021302777
638 3.7993004388148934
639 3.7993004388148934
640 3.7993004388148934
641 3.7993004388148934
642 3.7993004388148934
643 4.6078634946603385
644 4.6078634946603385
645 4.6078634946603385
646 4.6078634946603385
647 4.6078634946603385
648 5.120613847785122
649 5.120613847785122
650 5.120613847785122
651 5.120613847785122
652 5.120613847785122
653 4.1266527428207285
654 4.1266527428207285
655 4.1266527428207285
656 4.1266527428207285
657 4.1266527428207285
658 4.824461835789561
659 4.824461835789561
660 4.824461835789561
661 4.824461835789561
662 4.824461835789561
663 4.6790907853395325
664 4.6790907853395325
665 4.6790907853395325
666 4.6790907853395325
667 4.6790907853395325
668 4.119224886097252
669 4.119224886097252
670 4.119224886097252
671 4.119224886097252
672 4.119224886097252
673 2.6933431677171207
674 2.6933431677171207
675 2.6933431677171207
676 2.6933431677171207
677 2.6933431677171207
678 4.214048735312211
679 4.214048735312211
680 4.214048735312211
681 4.214048735312211
682 4.214048735312211
683 3.017830150999872
684 3.017830150999872
685 3.017830150999872
686 3.017830150999872
687 3.017830150999872
688 3.365736390688464
689 3.365736390688464
690 3.365736390688464
691 3.365736390688464
692 3.365736390688464
693 5.154477421870444
694 5.154477421870444
695 5.154477421870444
696 5.154477421870444
697 5.154477421870444
698 3.2146274653300138
699 3.2146274653300138
700 3.2146274653300138
701 3.2146274653300138
702 3.2146274653300138
703 3.963969836126096
704 3.963969836126096
705 3.963969836126096
706 3.963969836126096
707 3.963969836126096
708 3.4656462666874877
709 3.4656462666874877
710 3.4656462666874877
711 3.4656462666874877
712 3.4656462666874877
713 5.631013446944107
714 5.631013446944107
715 5.631013446944107
716 5.631013446944107
717 5.631013446944107
718 3.593852788557582
719 3.593852788557582
720 3.593852788557582
721 3.593852788557582
722 3.593852788557582
723 3.277752990774441
724 3.277752990774441
725 3.277752990774441
726 3.277752990774441
727 3.277752990774441
728 3.515464061278494
729 3.515464061278494
730 3.515464061278494
731 3.515464061278494
732 3.515464061278494
733 3.3457415504641412
734 3.3457415504641412
735 3.3457415504641412
736 3.3457415504641412
737 3.3457415504641412
738 3.379043389387976
739 3.379043389387976
740 3.379043389387976
741 3.379043389387976
742 3.379043389387976
743 5.168204665120345
744 5.168204665120345
745 5.168204665120345
746 5.168204665120345
747 5.168204665120345
748 4.272409219354575
749 4.272409219354575
750 4.272409219354575
751 4.272409219354575
752 1.9476412073258453
753 1.9476412073258453
754 1.9476412073258453
755 1.9476412073258453
756 1.9476412073258453
757 3.503493853005135
758 3.503493853005135
759 3.503493853005135
760 3.503493853005135
761 3.503493853005135
762 2.3360284195494208
763 2.3360284195494208
764 2.3360284195494208
765 1.7902228946137897
766 1.7902228946137897
767 1.7902228946137897
768 1.7902228946137897
769 1.7902228946137897
770 1.6233469512652334
771 1.6233469512652334
772 1.6233469512652334
773 1.6233469512652334
774 1.6233469512652334
775 2.1932394574884273
776 2.1932394574884273
777 2.1932394574884273
778 2.1932394574884273
779 2.1932394574884273
780 2.3718189025076066
781 2.3718189025076066
782 2.3718189025076066
783 2.3718189025076066
784 2.3718189025076066
785 1.5786254594708626
786 1.5786254594708626
787 1.5786254594708626
788 1.5786254594708626
789 1.5786254594708626
790 2.166367863367195
791 2.166367863367195
792 2.166367863367195
793 2.166367863367195
794 2.166367863367195
795 2.453379404298419
796 2.453379404298419
797 2.453379404298419
798 2.453379404298419
799 2.453379404298419
800 1.9832123092627167
801 1.9832123092627167
802 1.9832123092627167
803 1.9832123092627167
804 1.9832123092627167
805 1.6969092906987076
806 1.6969092906987076
807 1.6969092906987076
808 1.6969092906987076
809 1.6969092906987076
810 1.657493632879172
811 1.657493632879172
812 2.97483511492877
813 2.97483511492877
814 2.97483511492877
815 2.97483511492877
816 2.97483511492877
817 3.0678833004953656
818 3.0678833004953656
819 3.0678833004953656
820 3.0678833004953656
821 1.5221132895975413
822 1.5221132895975413
823 1.5221132895975413
824 1.5221132895975413
825 1.5221132895975413
826 1.679349521502228
827 1.679349521502228
828 1.679349521502228
829 1.679349521502228
830 1.679349521502228
831 1.5608391745598056
832 1.5608391745598056
833 1.5608391745598056
834 1.5608391745598056
835 1.5608391745598056
836 1.3653944432588279
837 1.3653944432588279
838 1.3653944432588279
839 1.3653944432588279
840 1.3653944432588279
841 1.2953062371478155
842 1.2953062371478155
843 1.2953062371478155
844 1.2953062371478155
845 1.2953062371478155
846 1.557673204794667
847 1.557673204794667
848 1.557673204794667
849 1.557673204794667
850 1.557673204794667
851 1.2212861894830955
852 1.2212861894830955
853 1.2212861894830955
854 1.2212861894830955
855 1.2212861894830955
856 1.800962848125212
857 1.800962848125212
858 1.800962848125212
859 1.800962848125212
860 1.800962848125212
861 1.6636581062073252
862 1.6636581062073252
863 1.6636581062073252
864 1.6636581062073252
865 1.6636581062073252
866 1.7238325315522054
867 1.7238325315522054
868 1.7238325315522054
869 1.7238325315522054
870 1.7238325315522054
871 1.3772290567548844
872 1.3772290567548844
873 1.3772290567548844
874 1.3772290567548844
875 1.3772290567548844
876 1.256396304281949
877 1.256396304281949
878 1.256396304281949
879 1.256396304281949
880 1.256396304281949
881 1.8829621010953514
882 1.8829621010953514
883 1.8829621010953514
884 1.8829621010953514
885 1.8829621010953514
886 1.1015272682174913
887 1.1015272682174913
888 1.1015272682174913
889 1.1015272682174913
890 1.1015272682174913
891 1.4160633630986867
892 1.4160633630986867
893 1.4160633630986867
894 1.4160633630986867
895 1.4160633630986867
896 1.3475254625023994
897 1.3475254625023994
898 1.3475254625023994
899 1.3475254625023994
900 1.3475254625023994
901 1.6031099344635906
902 1.6031099344635906
903 1.6031099344635906
904 1.6031099344635906
905 1.6031099344635906
906 1.7279581185718462
907 1.7279581185718462
908 1.7279581185718462
909 1.7279581185718462
910 1.7279581185718462
911 1.6726274560844838
912 1.6726274560844838
913 1.6726274560844838
914 1.6726274560844838
915 3.123243358025419
916 3.123243358025419
917 3.123243358025419
918 3.123243358025419
919 3.123243358025419
920 3.2795479166014285
921 3.2795479166014285
922 3.2795479166014285
923 3.2795479166014285
924 3.2795479166014285
925 3.47066715363997
926 3.47066715363997
927 3.47066715363997
928 3.47066715363997
929 3.47066715363997
930 3.4956767948309633
931 3.4956767948309633
932 3.4956767948309633
933 3.4956767948309633
934 3.4956767948309633
935 2.6067291750614414
936 2.6067291750614414
937 2.6067291750614414
938 2.6067291750614414
939 2.6067291750614414
940 2.9137401151840194
941 2.9137401151840194
942 2.9137401151840194
943 2.9137401151840194
944 2.9137401151840194
945 3.091192434512104
946 3.091192434512104
947 3.091192434512104
948 3.091192434512104
949 3.091192434512104
950 3.71197035310351
951 3.71197035310351
952 3.71197035310351
953 3.71197035310351
954 3.71197035310351
955 2.918109400313834
956 2.918109400313834
957 2.918109400313834
958 2.918109400313834
959 2.918109400313834
960 3.8624945429977444
961 3.8624945429977444
962 3.8624945429977444
963 3.8624945429977444
964 3.8624945429977444
965 3.485687115214885
966 3.485687115214885
967 3.485687115214885
968 3.485687115214885
969 3.485687115214885
970 3.4758307319648316
971 1.7585153743762543
972 1.7585153743762543
973 1.7585153743762543
974 1.7585153743762543
975 1.7585153743762543
976 1.4683488354762448
977 1.4683488354762448
978 1.4683488354762448
979 1.4683488354762448
980 1.4683488354762448
981 1.3650687685687277
982 1.3650687685687277
983 1.3650687685687277
984 1.3650687685687277
985 1.3650687685687277
986 1.7198291682041702
987 1.7198291682041702
988 1.7198291682041702
989 1.7198291682041702
990 1.7198291682041702
991 2.423852746346275
992 2.423852746346275
993 2.423852746346275
994 2.423852746346275
995 2.423852746346275
996 1.6252124208961216
997 1.6252124208961216
998 1.6252124208961216
999 1.6252124208961216
1000 1.6252124208961216
1001 1.8383677289883826
1002 1.8383677289883826
1003 1.8383677289883826
1004 1.8383677289883826
1005 1.8383677289883826
1006 2.052668232702516
1007 2.052668232702516
1008 2.052668232702516
1009 2.052668232702516
1010 2.052668232702516
1011 1.2405436494714184
1012 1.2405436494714184
1013 1.2405436494714184
1014 1.2405436494714184
1015 1.2405436494714184
1016 1.456872177661495
1017 1.456872177661495
1018 1.456872177661495
1019 1.456872177661495
1020 1.456872177661495
1021 1.2679188291459784
1022 1.2679188291459784
1023 1.2679188291459784
1024 1.2679188291459784
1025 1.2679188291459784
1026 1.5278285184103642
1027 1.5278285184103642
1028 1.5278285184103642
1029 1.5278285184103642
1030 1.5278285184103642
1031 1.2428508474040585
1032 1.2428508474040585
1033 1.2428508474040585
1034 1.2428508474040585
1035 1.2428508474040585
1036 1.8435128083482386
1037 1.8435128083482386
1038 2.5178426735142736
1039 2.5178426735142736
1040 2.5178426735142736
1041 2.5178426735142736
1042 2.5178426735142736
1043 2.829107633489886
1044 2.829107633489886
1045 2.829107633489886
1046 2.829107633489886
1047 2.829107633489886
1048 3.7353517246263332
1049 3.7353517246263332
1050 3.7353517246263332
1051 3.7353517246263332
1052 3.7353517246263332
1053 3.9432420500578638
1054 3.9432420500578638
1055 3.9432420500578638
1056 3.9432420500578638
1057 3.9432420500578638
1058 3.2921674989290843
1059 3.2921674989290843
1060 3.2921674989290843
1061 3.2921674989290843
1062 3.2921674989290843
1063 2.68289609795903
1064 2.68289609795903
1065 2.68289609795903
1066 2.68289609795903
1067 2.68289609795903
1068 3.670557594141897
1069 3.670557594141897
1070 3.670557594141897
1071 3.670557594141897
1072 3.670557594141897
1073 3.1034942935831515
1074 3.1034942935831515
1075 3.1034942935831515
1076 3.1034942935831515
1077 3.1034942935831515
1078 3.117989347087799
1079 3.117989347087799
1080 3.117989347087799
1081 3.117989347087799
1082 3.117989347087799
1083 3.317755286120102
1084 3.317755286120102
1085 1.7066694403440286
1086 1.7066694403440286
1087 1.7066694403440286
1088 1.7066694403440286
1089 1.7066694403440286
1090 1.445364367756815
1091 1.445364367756815
1092 1.445364367756815
1093 1.445364367756815
1094 1.445364367756815
1095 1.3076518884477262
1096 1.3076518884477262
1097 1.3076518884477262
1098 1.3076518884477262
1099 1.3076518884477262
1100 1.7080572281027222
1101 1.7080572281027222
1102 1.7080572281027222
1103 1.7080572281027222
1104 1.7080572281027222
1105 1.5426536166314744
1106 1.5426536166314744
1107 1.5426536166314744
1108 1.5426536166314744
1109 1.5426536166314744
1110 2.0770408217434415
1111 2.0770408217434415
1112 2.0770408217434415
1113 2.0770408217434415
1114 2.0770408217434415
1115 1.5622870504728035
1116 1.5622870504728035
1117 1.5622870504728035
1118 1.5622870504728035
1119 1.5622870504728035
1120 1.5481258491318872
1121 1.5481258491318872
1122 1.5481258491318872
1123 1.5481258491318872
1124 1.5481258491318872
1125 2.473888992667666
1126 2.473888992667666
1127 2.473888992667666
1128 2.473888992667666
1129 2.473888992667666
1130 2.0428876880201523
1131 2.0428876880201523
1132 2.0428876880201523
1133 2.0428876880201523
1134 2.0428876880201523
1135 1.5661020868658762
1136 1.5661020868658762
1137 1.5661020868658762
1138 1.5661020868658762
1139 1.5661020868658762
1140 1.5544104312689626
1141 1.5544104312689626
1142 1.5544104312689626
1143 1.5544104312689626
1144 1.5544104312689626
1145 1.131490021885849
1146 1.131490021885849
1147 1.131490021885849
1148 1.131490021885849
1149 1.131490021885849
1150 2.3165329746174246
1151 2.3165329746174246
1152 2.3165329746174246
1153 2.3165329746174246
1154 2.3165329746174246
1155 2.052858276354235
1156 2.052858276354235
1157 2.052858276354235
1158 2.052858276354235
1159 2.052858276354235
1160 1.210312740671499
1161 1.210312740671499
1162 1.210312740671499
1163 1.210312740671499
1164 1.210312740671499
1165 1.4981184167652382
1166 1.4981184167652382
1167 1.4981184167652382
1168 1.4981184167652382
1169 1.4981184167652382
1170 1.886721349215949
1171 1.886721349215949
1172 1.886721349215949
1173 1.886721349215949
1174 1.886721349215949
1175 1.3995519543859432
1176 1.3995519543859432
1177 1.3995519543859432
1178 1.3995519543859432
1179 1.3995519543859432
1180 1.8856757177258587
1181 1.8856757177258587
1182 1.8856757177258587
1183 1.8856757177258587
1184 1.8856757177258587
1185 1.7231976016176596
1186 1.7231976016176596
1187 1.7231976016176596
1188 1.7231976016176596
1189 1.7231976016176596
1190 1.4947317057509768
1191 1.4947317057509768
1192 1.4947317057509768
1193 1.4947317057509768
1194 1.4947317057509768
1195 1.8512140216975013
1196 1.8512140216975013
1197 1.8512140216975013
1198 1.8512140216975013
1199 1.8512140216975013
1200 1.2475150031538573
1201 1.2475150031538573
1202 1.2475150031538573
1203 1.2475150031538573
1204 1.2475150031538573
1205 1.8749791957282018
1206 1.8749791957282018
1207 1.8749791957282018
1208 1.8749791957282018
1209 1.8749791957282018
1210 1.6394539425827253
1211 1.6394539425827253
1212 1.6394539425827253
1213 1.6394539425827253
1214 1.6394539425827253
1215 1.2629981261940968
1216 1.2629981261940968
1217 1.2629981261940968
1218 1.2629981261940968
1219 1.2629981261940968
1220 1.6656615353492445
1221 1.6656615353492445
1222 1.6656615353492445
1223 1.6656615353492445
1224 1.6656615353492445
1225 1.4360052379250932
1226 1.4360052379250932
1227 1.4360052379250932
1228 1.4360052379250932
1229 1.4360052379250932
1230 1.8053609689386612
1231 1.8053609689386612
1232 1.8053609689386612
1233 1.8053609689386612
1234 1.8053609689386612
1235 1.7684601197671397
1236 1.7684601197671397
1237 1.7684601197671397
1238 1.7684601197671397
1239 1.7684601197671397
1240 1.5556068802811218
1241 1.5556068802811218
1242 1.5556068802811218
1243 1.5556068802811218
1244 1.5556068802811218
1245 1.4387224613983927
1246 1.4387224613983927
1247 1.4387224613983927
1248 1.4387224613983927
1249 1.4387224613983927
1250 1.986716797515163
1251 1.986716797515163
1252 1.986716797515163
1253 1.986716797515163
1254 1.986716797515163
1255 1.3484782409423532
1256 1.3484782409423532
1257 1.3484782409423532
1258 1.3484782409423532
1259 0.9975089762233835
1260 0.9975089762233835
1261 0.9975089762233835
1262 0.9975089762233835
1263 3.9803334476125567
1264 3.9803334476125567
1265 3.9803334476125567
1266 3.9803334476125567
1267 3.9803334476125567
1268 3.0251323137683164
1269 3.0251323137683164
1270 3.0251323137683164
1271 3.0251323137683164
1272 3.0251323137683164
1273 2.2193247653104144
1274 2.2193247653104144
1275 2.2193247653104144
1276 2.2193247653104144
1277 2.2193247653104144
1278 3.5564962789939467
1279 3.5564962789939467
1280 3.5564962789939467
1281 3.5564962789939467
1282 3.5564962789939467
1283 3.370073781064548
1284 3.370073781064548
1285 3.370073781064548
1286 3.370073781064548
1287 3.370073781064548
1288 3.6251872929720976
1289 3.6251872929720976
1290 3.6251872929720976
1291 3.6251872929720976
1292 3.6251872929720976
1293 1.9898175103128786
1294 1.9898175103128786
1295 1.9898175103128786
1296 1.9898175103128786
1297 1.9898175103128786
1298 4.1043135459639215
1299 4.1043135459639215
1300 1.955481165685405
1301 1.955481165685405
1302 1.955481165685405
1303 1.955481165685405
1304 1.955481165685405
1305 2.22470499814093
1306 2.22470499814093
1307 2.22470499814093
1308 2.22470499814093
1309 2.22470499814093
1310 2.042264598416073
1311 2.042264598416073
1312 2.042264598416073
1313 2.042264598416073
1314 2.042264598416073
1315 1.6460689023900041
1316 1.6460689023900041
1317 1.6460689023900041
1318 1.6460689023900041
1319 1.6460689023900041
1320 1.6061553503400288
1321 1.6061553503400288
1322 1.6061553503400288
1323 1.6061553503400288
1324 1.6061553503400288
1325 2.0749611989743335
1326 2.0749611989743335
1327 2.0749611989743335
1328 2.0749611989743335
1329 2.0749611989743335
1330 1.727577582301844
1331 1.727577582301844
1332 1.727577582301844
1333 1.727577582301844
1334 1.727577582301844
1335 2.200371548797051
1336 2.200371548797051
1337 2.200371548797051
1338 2.200371548797051
1339 2.200371548797051
1340 2.062965127162348
1341 2.062965127162348
1342 2.062965127162348
1343 2.062965127162348
1344 2.062965127162348
1345 1.6607999930000517
1346 1.6607999930000517
1347 1.6607999930000517
1348 1.6607999930000517
1349 1.6607999930000517
1350 1.6070474942652235
1351 1.6070474942652235
1352 1.6070474942652235
1353 1.6070474942652235
1354 1.6070474942652235
1355 1.2416614486063482
1356 1.2416614486063482
1357 1.2416614486063482
1358 1.2416614486063482
1359 1.2416614486063482
1360 1.7351008733533853
1361 1.7351008733533853
1362 1.7351008733533853
1363 1.7351008733533853
1364 1.7351008733533853
1365 2.576296758492576
1366 2.576296758492576
1367 2.576296758492576
1368 2.576296758492576
1369 2.576296758492576
1370 3.5937254627618387
1371 3.5937254627618387
1372 3.5937254627618387
1373 3.5937254627618387
1374 3.5937254627618387
1375 2.8298869274216045
1376 2.8298869274216045
1377 2.8298869274216045
1378 2.8298869274216045
1379 2.8298869274216045
1380 2.280112274713028
1381 2.280112274713028
1382 2.280112274713028
1383 2.280112274713028
1384 2.280112274713028
1385 2.8985662783617467
1386 2.8985662783617467
1387 2.8985662783617467
1388 2.8985662783617467
1389 2.8985662783617467
1390 2.750413377957921
1391 2.750413377957921
1392 2.750413377957921
1393 2.750413377957921
1394 2.750413377957921
1395 2.6075377250637417
1396 2.6075377250637417
1397 2.6075377250637417
1398 2.6075377250637417
1399 2.6075377250637417
1400 3.5091297032184143
1401 3.5091297032184143
1402 3.5091297032184143
1403 3.5091297032184143
1404 3.5091297032184143
1405 3.1058279049322275
1406 3.1058279049322275
1407 3.1058279049322275
1408 3.1058279049322275
1409 3.1058279049322275
1410 4.152405461433882
1411 4.152405461433882
1412 4.152405461433882
1413 4.152405461433882
1414 4.152405461433882
1415 2.6433396684086277
1416 2.6433396684086277
1417 2.6433396684086277
1418 2.6433396684086277
1419 2.6433396684086277
1420 3.6862480833498954
1421 3.6862480833498954
1422 3.6862480833498954
1423 3.6862480833498954
1424 3.6862480833498954
1425 2.1954972580089103
1426 2.1954972580089103
1427 2.1954972580089103
1428 2.1954972580089103
1429 2.1954972580089103
1430 2.5992418217848203
1431 2.5992418217848203
1432 2.5992418217848203
1433 2.5992418217848203
1434 2.5992418217848203
1435 3.3811732288125955
1436 3.3811732288125955
1437 3.3811732288125955
1438 3.3811732288125955
1439 3.3811732288125955
1440 2.7733199998732747
1441 2.7733199998732747
1442 2.7733199998732747
1443 2.7733199998732747
1444 2.7733199998732747
1445 1.5218121898638222
1446 1.5218121898638222
1447 1.5218121898638222
1448 1.5218121898638222
1449 1.5218121898638222
1450 3.672962578509551
1451 3.672962578509551
1452 3.672962578509551
1453 3.672962578509551
1454 3.672962578509551
1455 3.272833310697597
1456 3.272833310697597
1457 3.272833310697597
1458 3.272833310697597
1459 3.272833310697597
1460 4.438167738038462
1461 4.438167738038462
1462 4.438167738038462
1463 4.438167738038462
1464 4.438167738038462
1465 1.9103134404775401
1466 1.9103134404775401
1467 1.9103134404775401
1468 1.9103134404775401
1469 1.9103134404775401
1470 2.661737140368414
1471 2.661737140368414
1472 2.661737140368414
1473 2.661737140368414
1474 2.661737140368414
1475 3.5491737563062973
1476 3.5491737563062973
1477 3.5491737563062973
1478 3.5491737563062973
1479 3.5491737563062973
1480 3.8608864216059953
1481 3.8608864216059953
1482 3.8608864216059953
1483 3.8608864216059953
1484 3.8608864216059953
1485 3.232929908787045
1486 3.232929908787045
1487 3.232929908787045
1488 3.232929908787045
1489 3.232929908787045
1490 3.7573604868470696
1491 3.7573604868470696
1492 3.7573604868470696
1493 3.7573604868470696
1494 3.7573604868470696
1495 2.7343810903939016
1496 2.7343810903939016
1497 2.7343810903939016
1498 2.7343810903939016
1499 2.7343810903939016
1500 3.1088102776314166
1501 3.1088102776314166
1502 3.1088102776314166
1503 3.1088102776314166
1504 3.1088102776314166
1505 2.764366979760997
1506 2.764366979760997
1507 2.764366979760997
1508 2.764366979760997
1509 2.764366979760997
1510 2.9195453146380412
1511 2.9195453146380412
1512 2.9195453146380412
1513 2.9195453146380412
1514 2.9195453146380412
1515 2.8739081179258803
1516 2.8739081179258803
1517 2.8739081179258803
1518 2.8739081179258803
1519 2.8739081179258803
1520 2.290030108723576
1521 2.290030108723576
1522 2.290030108723576
1523 2.290030108723576
1524 2.290030108723576
1525 2.779537602060121
1526 2.779537602060121
1527 2.779537602060121
1528 2.779537602060121
1529 2.779537602060121
1530 2.9546508322660774
1531 2.9546508322660774
1532 2.9546508322660774
1533 2.9546508322660774
1534 2.9546508322660774
1535 3.9449053719336424
1536 3.9449053719336424
1537 3.9449053719336424
1538 3.9449053719336424
1539 3.9449053719336424
1540 3.1940711557555885
1541 3.1940711557555885
1542 3.1940711557555885
1543 3.1940711557555885
1544 3.1940711557555885
1545 1.6728662535770218
1546 1.6728662535770218
1547 1.6728662535770218
1548 1.6728662535770218
1549 1.6728662535770218
1550 1.9102968276269905
1551 1.9102968276269905
1552 1.9102968276269905
1553 1.9102968276269905
1554 1.9102968276269905
1555 3.4813736698122706
1556 3.4813736698122706
1557 3.4813736698122706
1558 3.4813736698122706
1559 3.4813736698122706
1560 2.4162269155954736
1561 2.4162269155954736
1562 2.4162269155954736
1563 2.4162269155954736
1564 2.4162269155954736
1565 2.665592404694389
1566 2.665592404694389
1567 2.665592404694389
1568 2.665592404694389
1569 2.665592404694389
1570 3.4062121639326715
1571 3.4062121639326715
1572 3.4062121639326715
1573 3.4062121639326715
1574 3.4062121639326715
1575 2.7055193190064672
1576 2.7055193190064672
1577 2.7055193190064672
1578 2.7055193190064672
1579 2.7055193190064672
1580 2.638627174945432
1581 2.638627174945432
1582 2.638627174945432
1583 2.638627174945432
1584 2.638627174945432
1585 2.8417367555763735
1586 2.8417367555763735
1587 2.8417367555763735
1588 2.8417367555763735
1589 2.8417367555763735
1590 3.106546824316372
1591 3.106546824316372
1592 3.106546824316372
1593 3.106546824316372
1594 3.106546824316372
1595 1.9675917349754481
1596 1.9675917349754481
1597 1.9675917349754481
1598 1.9675917349754481
1599 1.9675917349754481
1600 2.2255314009586096
1601 2.2255314009586096
1602 2.2255314009586096
1603 2.2255314009586096
1604 2.2255314009586096
1605 2.446480600158114
1606 2.446480600158114
1607 2.446480600158114
1608 2.446480600158114
1609 2.446480600158114
1610 3.514066785570907
1611 3.514066785570907
1612 3.514066785570907
1613 3.514066785570907
1614 3.514066785570907
1615 3.5644940785634684
1616 3.5644940785634684
1617 3.5644940785634684
1618 3.5644940785634684
1619 3.5644940785634684
1620 2.7887191941552167
1621 2.7887191941552167
1622 2.7887191941552167
1623 2.7887191941552167
1624 2.7887191941552167
1625 1.8454494240477066
1626 1.8454494240477066
1627 1.8454494240477066
1628 1.8454494240477066
1629 1.8454494240477066
1630 3.137147487045703
1631 3.137147487045703
1632 3.137147487045703
1633 3.137147487045703
1634 3.137147487045703
1635 3.4724793249481882
1636 3.4724793249481882
1637 3.4724793249481882
1638 3.4724793249481882
1639 3.4724793249481882
1640 3.424874441109837
1641 3.424874441109837
1642 3.424874441109837
1643 3.424874441109837
1644 3.424874441109837
1645 2.8419285116023354
1646 2.8419285116023354
1647 2.8419285116023354
1648 2.8419285116023354
1649 2.8419285116023354
1650 3.388254318445026
1651 3.388254318445026
1652 3.388254318445026
1653 3.388254318445026
1654 3.388254318445026
1655 4.371888689777428
1656 4.371888689777428
1657 4.371888689777428
1658 4.371888689777428
1659 4.371888689777428
1660 2.5475709607052273
1661 2.5475709607052273
1662 2.5475709607052273
1663 2.5475709607052273
1664 2.5475709607052273
1665 3.10570742412358
1666 3.10570742412358
1667 3.10570742412358
1668 3.10570742412358
1669 3.10570742412358
1670 2.2139187535226563
1671 2.2139187535226563
1672 2.2139187535226563
1673 2.2139187535226563
1674 2.2139187535226563
1675 3.712799887033024
1676 3.712799887033024
1677 3.712799887033024
1678 3.712799887033024
1679 3.712799887033024
1680 2.348563734442588
1681 2.348563734442588
1682 2.348563734442588
1683 2.348563734442588
1684 2.348563734442588
1685 3.3574829762749063
1686 3.3574829762749063
1687 3.3574829762749063
1688 3.3574829762749063
1689 3.3574829762749063
1690 3.057598503787971
1691 3.057598503787971
1692 3.057598503787971
1693 3.057598503787971
1694 3.057598503787971
1695 3.767589869477266
1696 3.767589869477266
1697 3.767589869477266
1698 3.767589869477266
1699 3.767589869477266
1700 3.3484033232461683
1701 3.3484033232461683
1702 3.3484033232461683
1703 3.3484033232461683
1704 3.3484033232461683
1705 3.236919986531584
1706 3.236919986531584
1707 3.236919986531584
1708 3.236919986531584
1709 3.236919986531584
1710 2.6418159607496334
1711 2.6418159607496334
1712 2.6418159607496334
1713 2.6418159607496334
1714 2.6418159607496334
1715 3.4502061407283504
1716 3.4502061407283504
1717 3.4502061407283504
1718 3.4502061407283504
1719 3.4502061407283504
1720 4.008226518745646
1721 4.008226518745646
1722 4.008226518745646
1723 4.008226518745646
1724 4.008226518745646
1725 2.955439207183904
1726 2.955439207183904
1727 2.955439207183904
1728 2.955439207183904
1729 2.955439207183904
1730 3.8527263862618373
1731 3.8527263862618373
1732 3.8527263862618373
1733 3.8527263862618373
1734 3.8527263862618373
1735 3.332745648242147
1736 3.332745648242147
1737 3.332745648242147
1738 3.332745648242147
1739 3.332745648242147
1740 3.028604487987495
1741 3.028604487987495
1742 3.028604487987495
1743 3.028604487987495
1744 3.028604487987495
1745 1.6117941409127114
1746 1.6117941409127114
1747 1.6117941409127114
1748 1.6117941409127114
1749 1.6117941409127114
1750 1.6759014218874904
1751 1.6759014218874904
1752 1.6759014218874904
1753 2.4644119190005638
1754 2.4644119190005638
1755 2.4644119190005638
1756 2.4644119190005638
1757 2.4644119190005638
1758 3.3050593826135426
1759 3.3050593826135426
1760 3.3050593826135426
1761 3.3050593826135426
1762 3.3050593826135426
1763 3.2394689299751795
1764 3.2394689299751795
1765 3.2394689299751795
1766 3.2394689299751795
1767 3.2394689299751795
1768 2.495277813965334
1769 2.495277813965334
1770 2.495277813965334
1771 2.495277813965334
1772 2.495277813965334
1773 2.2543136093322897
1774 2.2543136093322897
1775 2.2543136093322897
1776 2.2543136093322897
1777 2.2543136093322897
1778 2.562370488875294
1779 2.562370488875294
1780 2.562370488875294
1781 2.562370488875294
1782 2.562370488875294
1783 2.59387085243441
1784 2.59387085243441
1785 2.59387085243441
1786 2.59387085243441
1787 2.59387085243441
1788 3.296201872649119
1789 3.296201872649119
1790 3.296201872649119
1791 3.296201872649119
1792 3.296201872649119
1793 1.3001602610992995
1794 1.3001602610992995
1795 1.3001602610992995
1796 1.3001602610992995
1797 1.3001602610992995
1798 2.231100605412562
1799 2.231100605412562
1800 2.231100605412562
1801 2.231100605412562
1802 2.231100605412562
1803 3.3432758844554615
1804 3.3432758844554615
1805 3.3432758844554615
1806 3.3432758844554615
1807 3.3432758844554615
1808 2.6465794875315996
1809 2.6465794875315996
1810 2.6465794875315996
1811 2.6465794875315996
1812 2.6465794875315996
1813 2.9199631616072774
1814 2.9199631616072774
1815 2.9199631616072774
1816 2.9199631616072774
1817 2.9199631616072774
1818 2.4888053747921295
1819 2.4888053747921295
1820 2.4888053747921295
1821 2.4888053747921295
1822 2.4888053747921295
1823 2.1955728323140558
1824 2.1955728323140558
1825 2.1955728323140558
1826 2.1955728323140558
1827 2.1955728323140558
1828 2.2476161781008113
1829 2.2476161781008113
1830 2.2476161781008113
1831 2.2476161781008113
1832 2.2476161781008113
1833 3.011458100761324
1834 3.011458100761324
1835 3.011458100761324
1836 3.011458100761324
1837 3.011458100761324
1838 1.9780732808057384
1839 1.9780732808057384
1840 1.9780732808057384
1841 1.9780732808057384
1842 1.9780732808057384
1843 2.905651991914019
1844 2.905651991914019
1845 2.905651991914019
1846 2.905651991914019
1847 2.905651991914019
1848 2.1948056921464465
1849 2.1948056921464465
1850 2.1948056921464465
1851 2.1948056921464465
1852 2.1948056921464465
1853 1.8395759868382628
1854 1.8395759868382628
1855 1.8395759868382628
1856 1.8395759868382628
1857 1.8395759868382628
1858 1.9996910449304794
1859 1.9996910449304794
1860 1.9996910449304794
1861 1.9996910449304794
1862 1.9996910449304794
1863 2.3509467365078303
1864 4.788021962433417
1865 4.788021962433417
1866 4.788021962433417
1867 4.788021962433417
1868 4.788021962433417
1869 3.11915116180389
1870 3.11915116180389
1871 3.11915116180389
1872 3.11915116180389
1873 3.11915116180389
1874 3.3567531410984035
1875 3.3567531410984035
1876 3.3567531410984035
1877 3.3567531410984035
1878 3.3567531410984035
1879 4.429899541787549
1880 4.429899541787549
1881 4.429899541787549
1882 4.429899541787549
1883 4.429899541787549
1884 4.481209218997306
1885 4.481209218997306
1886 4.481209218997306
1887 4.481209218997306
1888 4.481209218997306
1889 3.3123731205304434
1890 3.3123731205304434
1891 3.3123731205304434
1892 3.3123731205304434
1893 3.3123731205304434
1894 2.174922948601102
1895 2.174922948601102
1896 2.174922948601102
1897 2.174922948601102
1898 2.174922948601102
1899 3.8277369052345285
1900 3.8277369052345285
1901 3.8277369052345285
1902 3.8277369052345285
1903 3.8277369052345285
1904 5.710468780945296
1905 5.710468780945296
1906 5.710468780945296
1907 5.710468780945296
1908 5.710468780945296
1909 5.215527898133033
1910 5.215527898133033
1911 5.215527898133033
1912 5.215527898133033
1913 5.215527898133033
1914 2.7773693402824944
1915 2.7773693402824944
1916 2.7773693402824944
1917 2.7773693402824944
1918 2.7773693402824944
1919 4.09120103263499
1920 4.09120103263499
1921 4.09120103263499
1922 4.09120103263499
1923 4.09120103263499
1924 4.707101392997222
1925 4.707101392997222
1926 4.707101392997222
1927 4.707101392997222
1928 4.707101392997222
1929 3.4627898398810233
1930 3.4627898398810233
1931 3.4627898398810233
1932 3.4627898398810233
1933 3.4627898398810233
1934 4.496765346186333
1935 4.496765346186333
1936 4.496765346186333
1937 4.496765346186333
1938 4.496765346186333
1939 5.0055781348771955
1940 5.0055781348771955
1941 5.0055781348771955
1942 5.0055781348771955
1943 5.0055781348771955
1944 4.229300698620304
1945 4.229300698620304
1946 4.229300698620304
1947 4.229300698620304
1948 4.229300698620304
1949 4.640682369787492
1950 4.640682369787492
1951 4.640682369787492
1952 4.640682369787492
1953 0.9914448357300516
1954 0.9914448357300516
1955 0.9914448357300516
1956 0.9914448357300516
1957 0.9914448357300516
1958 0.7580631122234147
1959 0.7580631122234147
1960 0.7580631122234147
1961 0.7580631122234147
1962 0.7580631122234147
1963 1.2627014156011658
1964 1.2627014156011658
1965 1.2627014156011658
1966 1.2627014156011658
1967 1.2627014156011658
1968 0.8312009989576608
1969 0.8312009989576608
1970 0.8312009989576608
1971 0.8312009989576608
1972 0.8312009989576608
1973 1.2883682115284232
1974 1.2883682115284232
1975 1.2883682115284232
1976 1.2883682115284232
1977 1.2883682115284232
1978 1.0041938066799099
1979 1.0041938066799099
1980 1.0041938066799099
1981 1.0041938066799099
1982 1.0041938066799099
1983 1.121610588093831
1984 1.121610588093831
1985 1.121610588093831
1986 1.121610588093831
1987 1.121610588093831
1988 0.832492641668199
1989 2.9765206846841594
1990 2.9765206846841594
1991 2.9765206846841594
1992 2.9765206846841594
1993 2.9765206846841594
1994 2.486583760604579
1995 2.486583760604579
1996 2.486583760604579
1997 2.486583760604579
1998 2.486583760604579
1999 2.5016967365683382
