0 0.3115961351339337
1 0.3115961351339337
2 0.3115961351339337
3 0.3115961351339337
4 0.3115961351339337
5 0.1
6 0.1
7 0.1
8 0.1
9 0.1
10 0.1
11 0.1
12 0.1
13 0.1
14 0.1
15 5.374038469801576
16 5.374038469801576
17 5.374038469801576
18 5.374038469801576
19 5.374038469801576
20 6.176909319573863
21 6.176909319573863
22 6.176909319573863
23 6.176909319573863
24 6.176909319573863
25 0.5954709446950854
26 0.5954709446950854
27 0.5954709446950854
28 0.5954709446950854
29 0.5954709446950854
30 5.028226491078181
31 5.028226491078181
32 5.028226491078181
33 5.028226491078181
34 5.028226491078181
35 3.038255862991376
36 3.038255862991376
37 3.038255862991376
38 3.038255862991376
39 3.038255862991376
40 2.974913035395359
41 2.974913035395359
42 2.974913035395359
43 2.974913035395359
44 2.974913035395359
45 4.186713264743724
46 3.6508872588923453
47 3.6508872588923453
48 3.6508872588923453
49 3.6508872588923453
50 3.6508872588923453
51 4.305959242913131
52 4.305959242913131
53 4.305959242913131
54 4.305959242913131
55 4.305959242913131
56 5.706543506461791
57 5.706543506461791
58 5.706543506461791
59 5.706543506461791
60 5.706543506461791
61 2.3431252641094726
62 2.3431252641094726
63 2.3431252641094726
64 2.3431252641094726
65 2.3431252641094726
66 0.171794723357932
67 0.171794723357932
68 0.171794723357932
69 0.171794723357932
70 0.171794723357932
71 5.605829384573179
72 5.605829384573179
73 5.605829384573179
74 5.605829384573179
75 5.605829384573179
76 4.3823811594291655
77 4.3823811594291655
78 4.3823811594291655
79 4.3823811594291655
80 4.3823811594291655
81 2.6979041934539087
82 2.6979041934539087
83 2.6979041934539087
84 2.6979041934539087
85 2.6979041934539087
86 3.7278340308824824
87 3.7278340308824824
88 3.7278340308824824
89 3.7278340308824824
90 3.7278340308824824
91 4.965583069754634
92 4.965583069754634
93 4.965583069754634
94 0.8622529655991167
95 0.8622529655991167
96 0.8622529655991167
97 0.8622529655991167
98 0.1
99 0.1
100 0.1
101 0.1
102 0.1
103 3.8526711152357356
104 0.1
105 0.1
106 0.1
107 0.1
108 0.1
109 4.78755459160318
110 4.78755459160318
111 4.78755459160318
112 4.78755459160318
113 4.78755459160318
114 4.550298210905849
115 4.550298210905849
116 4.550298210905849
117 4.550298210905849
118 4.550298210905849
119 4.706350579405463
120 4.706350579405463
121 4.706350579405463
122 4.706350579405463
123 4.706350579405463
124 4.379338493900059
125 4.379338493900059
126 4.379338493900059
127 4.379338493900059
128 4.379338493900059
129 1.0965274979866306
130 1.0965274979866306
131 1.0965274979866306
132 1.0965274979866306
133 1.0965274979866306
134 7.929715142372924
135 7.929715142372924
136 7.929715142372924
137 7.929715142372924
138 7.929715142372924
139 4.903486537860035
140 4.903486537860035
141 4.903486537860035
142 4.903486537860035
143 4.903486537860035
144 4.313735178057859
145 4.313735178057859
146 4.313735178057859
147 4.313735178057859
148 4.313735178057859
149 2.997492623042448
150 2.997492623042448
151 2.997492623042448
152 2.997492623042448
153 2.997492623042448
154 3.348968658247044
155 1.0116275998251554
156 1.0116275998251554
157 1.0116275998251554
158 1.0116275998251554
159 1.0116275998251554
160 2.762521782301923
161 2.762521782301923
162 2.762521782301923
163 2.762521782301923
164 2.762521782301923
165 4.289383700162264
166 6.148580024340049
167 6.148580024340049
168 6.148580024340049
169 6.148580024340049
170 6.148580024340049
171 7.180559067002425
172 0.7647612989083865
173 0.7647612989083865
174 0.7647612989083865
175 0.7647612989083865
176 0.7647612989083865
177 1.265902164858238
178 1.265902164858238
179 1.265902164858238
180 0.7692750276780256
181 0.7692750276780256
182 3.1677575741789763
183 3.1677575741789763
184 3.1677575741789763
185 3.1677575741789763
186 3.1677575741789763
187 0.5266648761543244
188 0.5266648761543244
189 0.5266648761543244
190 0.5266648761543244
191 0.5266648761543244
192 1.8010285885230426
193 4.1418045335247164
194 4.1418045335247164
195 4.1418045335247164
196 4.1418045335247164
197 4.1418045335247164
198 8.284615941747838
199 8.284615941747838
200 8.284615941747838
201 8.284615941747838
202 8.284615941747838
203 1.7948552664590802
204 1.7948552664590802
205 1.7948552664590802
206 1.7948552664590802
207 1.7948552664590802
208 3.575705571401883
209 3.575705571401883
210 3.575705571401883
211 3.575705571401883
212 2.2795277832576017
213 2.2795277832576017
214 2.2795277832576017
215 2.2795277832576017
216 2.2795277832576017
217 1.5380976335367014
218 1.5380976335367014
219 1.5380976335367014
220 1.5380976335367014
221 1.5380976335367014
222 2.6844377373596178
223 2.6844377373596178
224 2.6844377373596178
225 2.6844377373596178
226 2.6844377373596178
227 2.55509605705261
228 2.55509605705261
229 2.55509605705261
230 2.55509605705261
231 2.55509605705261
232 2.0759703922279167
233 2.0759703922279167
234 2.0759703922279167
235 2.0759703922279167
236 2.0759703922279167
237 1.5955415139291904
238 1.5955415139291904
239 1.5955415139291904
240 1.5955415139291904
241 1.5955415139291904
242 1.3285694725574588
243 1.3285694725574588
244 1.3285694725574588
245 1.3285694725574588
246 1.3285694725574588
247 3.276022950111488
248 3.276022950111488
249 2.3213887963763074
250 2.3213887963763074
251 2.3213887963763074
252 2.3213887963763074
253 2.3213887963763074
254 1.9352543116284107
255 1.9352543116284107
256 1.9352543116284107
257 1.9352543116284107
258 1.9352543116284107
259 4.156252791590578
260 4.156252791590578
261 4.156252791590578
262 4.156252791590578
263 4.156252791590578
264 3.4439383662761305
265 3.4439383662761305
266 3.4439383662761305
267 3.4439383662761305
268 3.4439383662761305
269 3.146120744016834
270 3.146120744016834
271 3.146120744016834
272 3.146120744016834
273 3.146120744016834
274 2.744314756304148
275 2.744314756304148
276 2.744314756304148
277 2.744314756304148
278 2.744314756304148
279 0.7027923143770172
280 0.7027923143770172
281 0.7027923143770172
282 0.7027923143770172
283 0.7027923143770172
284 0.7386724180512598
285 0.7386724180512598
286 0.7386724180512598
287 0.7386724180512598
288 0.7386724180512598
289 2.607842912455749
290 2.607842912455749
291 2.607842912455749
292 2.607842912455749
293 2.607842912455749
294 2.3966818021989735
295 2.3966818021989735
296 2.3966818021989735
297 2.3966818021989735
298 2.3966818021989735
299 1.5660699917522205
300 1.5660699917522205
301 1.5660699917522205
302 1.5660699917522205
303 1.5660699917522205
304 1.600558995585942
305 1.600558995585942
306 1.600558995585942
307 3.680233225272887
308 3.680233225272887
309 3.680233225272887
310 3.680233225272887
311 1.1312469944664119
312 1.1312469944664119
313 1.1312469944664119
314 1.1312469944664119
315 1.1312469944664119
316 0.7934479564070306
317 0.7934479564070306
318 0.7934479564070306
319 0.7934479564070306
320 0.7934479564070306
321 1.661373430173192
322 1.661373430173192
323 1.661373430173192
324 1.661373430173192
325 1.661373430173192
326 0.5469442759024895
327 0.5469442759024895
328 0.5469442759024895
329 0.5469442759024895
330 0.5469442759024895
331 0.9518246635853289
332 0.9518246635853289
333 0.9518246635853289
334 0.9518246635853289
335 0.9518246635853289
336 1.436229002339001
337 1.436229002339001
338 0.986093734569204
339 0.986093734569204
340 0.986093734569204
341 0.986093734569204
342 0.986093734569204
343 2.8960835540538996
344 2.8960835540538996
345 2.8960835540538996
346 2.8960835540538996
347 2.8960835540538996
348 3.096267742664926
349 3.096267742664926
350 3.096267742664926
351 3.096267742664926
352 3.096267742664926
353 4.980709831069257
354 4.980709831069257
355 4.980709831069257
356 4.980709831069257
357 4.980709831069257
358 2.475319939933676
359 2.475319939933676
360 2.475319939933676
361 2.475319939933676
362 2.475319939933676
363 2.20325354185221
364 2.20325354185221
365 2.20325354185221
366 2.20325354185221
367 2.20325354185221
368 1.022197482538794
369 1.022197482538794
370 1.022197482538794
371 1.18659803140766
372 1.18659803140766
373 1.18659803140766
374 0.9847871962016187
375 0.9847871962016187
376 0.7235655675842041
377 0.7235655675842041
378 0.7235655675842041
379 0.7235655675842041
380 0.7235655675842041
381 2.1097062922277035
382 2.1097062922277035
383 2.1097062922277035
384 2.1097062922277035
385 2.1097062922277035
386 0.9709283129406272
387 0.9709283129406272
388 0.9709283129406272
389 0.9709283129406272
390 1.4757379280059366
391 1.4757379280059366
392 1.4757379280059366
393 1.4757379280059366
394 1.4757379280059366
395 1.7793832038082962
396 1.7793832038082962
397 1.7793832038082962
398 1.7793832038082962
399 1.7793832038082962
400 2.0101204526984335
401 2.0101204526984335
402 2.0101204526984335
403 2.0101204526984335
404 2.0101204526984335
405 0.1
406 0.1
407 0.1
408 0.1
409 0.1
410 1.962215595046819
411 1.962215595046819
412 1.962215595046819
413 1.962215595046819
414 1.962215595046819
415 1.2038853287675657
416 1.2038853287675657
417 1.2038853287675657
418 1.2038853287675657
419 1.2038853287675657
420 2.178849215379005
421 2.178849215379005
422 2.178849215379005
423 2.178849215379005
424 2.178849215379005
425 1.8122766783525543
426 1.8122766783525543
427 1.8122766783525543
428 1.8122766783525543
429 1.8122766783525543
430 1.681836634756433
431 1.681836634756433
432 3.7342762938424623
433 3.7342762938424623
434 3.7342762938424623
435 3.7342762938424623
436 3.7342762938424623
437 2.1150748793023375
438 1.3940932476624663
439 1.3940932476624663
440 1.3940932476624663
441 1.3940932476624663
442 1.3940932476624663
443 1.4231375935438262
444 1.4231375935438262
445 0.485782740501844
446 0.485782740501844
447 0.485782740501844
448 0.485782740501844
449 0.485782740501844
450 1.1253519614725689
451 1.1253519614725689
452 1.1253519614725689
453 1.1253519614725689
454 1.1253519614725689
455 0.19352013136818408
456 0.19352013136818408
457 0.19352013136818408
458 0.19352013136818408
459 0.19352013136818408
460 1.004287340796024
461 1.004287340796024
462 1.004287340796024
463 1.004287340796024
464 1.004287340796024
465 0.33981956089754795
466 0.33981956089754795
467 0.33981956089754795
468 0.33981956089754795
469 0.33981956089754795
470 0.6780673271984078
471 0.6780673271984078
472 0.6780673271984078
473 0.6780673271984078
474 0.6780673271984078
475 1.0139528898228038
476 1.0139528898228038
477 1.0139528898228038
478 1.0139528898228038
479 1.0139528898228038
480 0.44305408119083345
481 0.44305408119083345
482 0.44305408119083345
483 0.44305408119083345
484 0.44305408119083345
485 0.5498596932654274
486 0.5498596932654274
487 0.5498596932654274
488 0.5498596932654274
489 0.5498596932654274
490 0.1
491 0.1
492 0.1
493 0.1
494 0.1
495 0.5101574463997188
496 0.5101574463997188
497 0.5101574463997188
498 0.5101574463997188
499 0.5101574463997188
500 0.4816072900883934
501 0.4816072900883934
502 0.4816072900883934
503 0.4816072900883934
504 0.4816072900883934
505 0.9075382365701845
506 0.9075382365701845
507 0.9075382365701845
508 0.9075382365701845
509 0.9075382365701845
510 0.4671085275348786
511 0.4671085275348786
512 0.4671085275348786
513 0.4671085275348786
514 0.4671085275348786
515 0.9962263558650555
516 0.9962263558650555
517 0.9962263558650555
518 0.9962263558650555
519 0.9962263558650555
520 0.8853396074655763
521 0.8853396074655763
522 0.8853396074655763
523 0.8853396074655763
524 0.8853396074655763
525 0.37026728613857446
526 0.37026728613857446
527 0.37026728613857446
528 0.37026728613857446
529 0.37026728613857446
530 0.37472874758338137
531 0.37472874758338137
532 0.37472874758338137
533 0.37472874758338137
534 0.37472874758338137
535 0.7983464814826762
536 0.7983464814826762
537 0.7983464814826762
538 0.7983464814826762
539 0.7983464814826762
540 0.9663310940816093
541 0.9663310940816093
542 0.9663310940816093
543 0.9663310940816093
544 0.9663310940816093
545 0.1
546 0.1
547 0.7313272461758327
548 0.7313272461758327
549 0.7313272461758327
550 0.7313272461758327
551 0.7313272461758327
552 1.4395849996321963
553 1.4395849996321963
554 1.4395849996321963
555 1.4395849996321963
556 1.4395849996321963
557 1.2641168350194016
558 1.2641168350194016
559 0.667029948315852
560 0.42754582294646437
561 0.42754582294646437
562 0.42754582294646437
563 0.42754582294646437
564 0.42754582294646437
565 2.2164554953570077
566 2.2164554953570077
567 5.78651977036304
568 5.78651977036304
569 5.78651977036304
570 5.78651977036304
571 5.78651977036304
572 2.333466435565968
573 2.333466435565968
574 2.333466435565968
575 2.333466435565968
576 2.333466435565968
577 2.570246872176487
578 2.570246872176487
579 2.570246872176487
580 2.570246872176487
581 2.570246872176487
582 0.2851660456745715
583 0.2851660456745715
584 0.2851660456745715
585 0.2851660456745715
586 0.2851660456745715
587 2.049886880306948
588 2.049886880306948
589 2.049886880306948
590 2.049886880306948
591 2.049886880306948
592 3.99861698719479
593 3.99861698719479
594 3.99861698719479
595 3.99861698719479
596 3.99861698719479
597 2.964331811746848
598 2.964331811746848
599 2.964331811746848
600 2.964331811746848
601 2.964331811746848
602 2.566340282359171
603 2.566340282359171
604 2.566340282359171
605 2.566340282359171
606 2.566340282359171
607 4.291258602974679
608 4.291258602974679
609 4.291258602974679
610 4.291258602974679
611 4.291258602974679
612 2.6554367286392955
613 2.6554367286392955
614 2.6554367286392955
615 2.6554367286392955
616 2.6554367286392955
617 1.0244282018663082
618 1.0244282018663082
619 1.0244282018663082
620 1.0244282018663082
621 1.0244282018663082
622 1.3829055676057223
623 1.3829055676057223
624 1.3829055676057223
625 1.3829055676057223
626 1.3829055676057223
627 3.572656052707699
628 3.572656052707699
629 3.572656052707699
630 3.572656052707699
631 3.572656052707699
632 2.3578106470373212
633 2.3578106470373212
634 2.3578106470373212
635 2.3578106470373212
636 2.3578106470373212
637 1.3774963334158605
638 4.118967398629286
639 4.118967398629286
640 4.118967398629286
641 4.118967398629286
642 4.118967398629286
643 4.2258743838683746
644 4.2258743838683746
645 4.2258743838683746
646 4.2258743838683746
647 4.2258743838683746
648 1.4732017153858594
649 1.4732017153858594
650 1.4732017153858594
651 1.4732017153858594
652 1.4732017153858594
653 0.44585053021724175
654 0.44585053021724175
655 0.44585053021724175
656 0.44585053021724175
657 0.44585053021724175
658 4.190940651337803
659 4.190940651337803
660 4.190940651337803
661 4.190940651337803
662 4.190940651337803
663 3.238533262165854
664 3.238533262165854
665 3.238533262165854
666 3.238533262165854
667 3.238533262165854
668 3.341421719265063
669 3.341421719265063
670 3.341421719265063
671 3.341421719265063
672 3.341421719265063
673 5.626137973463377
674 5.626137973463377
675 5.626137973463377
676 5.626137973463377
677 5.626137973463377
678 5.280782360620652
679 5.280782360620652
680 1.0680907827370634
681 1.0680907827370634
682 1.0680907827370634
683 1.0680907827370634
684 3.007805919692876
685 3.007805919692876
686 3.007805919692876
687 3.007805919692876
688 3.007805919692876
689 0.7426393027324969
690 0.7426393027324969
691 0.7426393027324969
692 0.7426393027324969
693 0.7426393027324969
694 7.071962414386928
695 7.071962414386928
696 7.071962414386928
697 7.071962414386928
698 7.071962414386928
699 4.822473716349109
700 4.822473716349109
701 4.822473716349109
702 4.822473716349109
703 3.7972858292953244
704 3.7972858292953244
705 3.7972858292953244
706 3.017443217698491
707 3.017443217698491
708 3.017443217698491
709 3.017443217698491
710 3.017443217698491
711 6.131883670617494
712 6.131883670617494
713 6.131883670617494
714 6.131883670617494
715 6.131883670617494
716 5.161479470400004
717 5.161479470400004
718 5.161479470400004
719 5.161479470400004
720 5.161479470400004
721 5.087429266675182
722 5.087429266675182
723 5.087429266675182
724 5.087429266675182
725 5.087429266675182
726 0.1
727 0.1
728 0.1
729 0.1
730 0.1
731 5.77052301658185
732 5.77052301658185
733 5.77052301658185
734 5.77052301658185
735 5.77052301658185
736 3.8023571830126612
737 3.8023571830126612
738 3.8023571830126612
739 3.8023571830126612
740 3.8023571830126612
741 2.7914520680244292
742 2.7914520680244292
743 2.7914520680244292
744 2.7914520680244292
745 2.7914520680244292
746 2.5104477961982172
747 2.5104477961982172
748 2.5104477961982172
749 2.5104477961982172
750 2.5104477961982172
751 0.37938902898929694
752 0.37938902898929694
753 0.37938902898929694
754 0.37938902898929694
755 0.37938902898929694
756 3.5900515000871054
757 3.5900515000871054
758 3.5900515000871054
759 3.5900515000871054
760 3.5900515000871054
761 1.4310101056556968
762 1.4310101056556968
763 1.4310101056556968
764 1.4310101056556968
765 1.4310101056556968
766 3.3850472089070527
767 3.3850472089070527
768 3.3850472089070527
769 3.3850472089070527
770 3.3850472089070527
771 6.839564623926014
772 6.839564623926014
773 6.839564623926014
774 6.839564623926014
775 6.839564623926014
776 3.4777406653162704
777 3.4777406653162704
778 3.4777406653162704
779 3.4777406653162704
780 3.4777406653162704
781 0.43953021915088997
782 0.43953021915088997
783 0.43953021915088997
784 0.43953021915088997
785 0.43953021915088997
786 0.4986142038720225
787 0.4986142038720225
788 0.4986142038720225
789 0.4986142038720225
790 0.4986142038720225
791 0.4501912085991593
792 0.4501912085991593
793 0.4501912085991593
794 0.4501912085991593
795 0.4501912085991593
796 0.3798057879013563
797 3.350605737779548
798 3.350605737779548
799 3.350605737779548
800 3.350605737779548
801 3.350605737779548
802 2.6893396828442766
803 2.6893396828442766
804 2.6893396828442766
805 2.6893396828442766
806 2.6893396828442766
807 1.9313680334952597
808 1.9313680334952597
809 1.9313680334952597
810 1.9313680334952597
811 1.9313680334952597
812 1.9417218994093375
813 1.9417218994093375
814 1.9417218994093375
815 1.9417218994093375
816 1.9417218994093375
817 2.0509188108966647
818 2.0509188108966647
819 2.0509188108966647
820 2.0509188108966647
821 0.4059097704649822
822 0.4059097704649822
823 0.4059097704649822
824 0.4059097704649822
825 0.4059097704649822
826 0.5188661627797182
827 0.5188661627797182
828 0.5188661627797182
829 0.5188661627797182
830 0.5188661627797182
831 1.2060914142515213
832 1.2060914142515213
833 1.2060914142515213
834 1.2060914142515213
835 1.2060914142515213
836 0.3521042030832508
837 0.3521042030832508
838 0.3521042030832508
839 0.3521042030832508
840 0.3521042030832508
841 1.477139417836762
842 1.1546803767684959
843 1.1546803767684959
844 1.1546803767684959
845 4.297890790016911
846 4.297890790016911
847 4.297890790016911
848 4.297890790016911
849 4.297890790016911
850 2.4252073831651217
851 2.4252073831651217
852 2.4252073831651217
853 2.4252073831651217
854 2.4252073831651217
855 5.061499175968734
856 2.2889753917925137
857 2.2889753917925137
858 2.2889753917925137
859 2.2889753917925137
860 2.2889753917925137
861 0.5550986194068643
862 0.5550986194068643
863 0.5550986194068643
864 0.5550986194068643
865 0.5550986194068643
866 2.344203323169382
867 2.344203323169382
868 2.344203323169382
869 2.344203323169382
870 2.344203323169382
871 2.3930756647952753
872 2.3930756647952753
873 2.3930756647952753
874 2.3930756647952753
875 2.3930756647952753
876 2.562043389774529
877 2.562043389774529
878 2.562043389774529
879 2.562043389774529
880 2.562043389774529
881 2.3936878278018616
882 2.3936878278018616
883 2.3936878278018616
884 2.3936878278018616
885 2.3936878278018616
886 2.1376183237488666
887 2.1376183237488666
888 2.1376183237488666
889 2.1376183237488666
890 2.1376183237488666
891 2.4646272165673095
892 2.4646272165673095
893 2.4646272165673095
894 2.4646272165673095
895 2.4646272165673095
896 3.284275508523022
897 3.284275508523022
898 3.284275508523022
899 3.284275508523022
900 3.284275508523022
901 1.910019472858299
902 1.910019472858299
903 1.910019472858299
904 1.910019472858299
905 1.910019472858299
906 1.1344565502572839
907 1.1344565502572839
908 1.1344565502572839
909 1.1344565502572839
910 1.1344565502572839
911 1.8311189271298094
912 1.8311189271298094
913 1.8311189271298094
914 1.8311189271298094
915 1.8311189271298094
916 3.1463176773287933
917 3.1463176773287933
918 3.1463176773287933
919 3.1463176773287933
920 3.1463176773287933
921 0.9193837770306588
922 0.9193837770306588
923 0.9193837770306588
924 0.9193837770306588
925 0.9193837770306588
926 1.7455836234063795
927 1.7455836234063795
928 1.7455836234063795
929 1.7455836234063795
930 1.7455836234063795
931 1.908062161430284
932 1.908062161430284
933 1.908062161430284
934 1.510453321855509
935 1.510453321855509
936 2.2421379319027794
937 2.2421379319027794
938 2.2421379319027794
939 2.2421379319027794
940 2.2421379319027794
941 2.7337289793074357
942 2.7337289793074357
943 2.7337289793074357
944 2.7337289793074357
945 2.7337289793074357
946 3.900204280827988
947 3.900204280827988
948 3.900204280827988
949 3.900204280827988
950 3.900204280827988
951 3.056015661772028
952 3.056015661772028
953 3.056015661772028
954 3.056015661772028
955 3.056015661772028
956 4.306845631801282
957 4.306845631801282
958 4.306845631801282
959 4.306845631801282
960 4.306845631801282
961 2.2804268286061653
962 2.2804268286061653
963 2.2804268286061653
964 2.2804268286061653
965 2.2804268286061653
966 1.3819528930558926
967 1.3819528930558926
968 1.3819528930558926
969 1.3819528930558926
970 1.3819528930558926
971 1.581757755640914
972 1.581757755640914
973 1.581757755640914
974 1.581757755640914
975 1.581757755640914
976 3.789825084888644
977 3.789825084888644
978 3.789825084888644
979 3.789825084888644
980 3.9225476371574763
981 3.9225476371574763
982 3.9225476371574763
983 3.9225476371574763
984 3.9225476371574763
985 0.1
986 0.1
987 0.1
988 0.1
989 0.1
990 4.73336193700943
991 4.73336193700943
992 4.73336193700943
993 4.73336193700943
994 4.73336193700943
995 4.509128053092827
996 4.509128053092827
997 4.509128053092827
998 4.509128053092827
999 4.509128053092827
1000 3.9978133498561412
1001 3.9978133498561412
1002 3.9978133498561412
1003 3.9978133498561412
1004 3.9978133498561412
1005 5.1114595752764025
1006 5.1114595752764025
1007 5.1114595752764025
1008 5.1114595752764025
1009 5.1114595752764025
1010 0.4152063961424526
1011 0.4152063961424526
1012 0.4152063961424526
1013 0.4152063961424526
1014 0.4152063961424526
1015 3.8888353958007325
1016 3.8888353958007325
1017 3.8888353958007325
1018 3.8888353958007325
1019 3.8888353958007325
1020 4.057603033986158
1021 4.057603033986158
1022 4.057603033986158
1023 4.057603033986158
1024 4.057603033986158
1025 3.6987776684324536
1026 3.6987776684324536
1027 3.6987776684324536
1028 3.6987776684324536
1029 3.6987776684324536
1030 6.029660883530674
1031 6.029660883530674
1032 6.029660883530674
1033 6.029660883530674
1034 6.029660883530674
1035 2.0453282254892002
1036 2.0453282254892002
1037 2.0453282254892002
1038 2.0453282254892002
1039 2.0453282254892002
1040 2.3280989392770595
1041 2.3280989392770595
1042 2.3280989392770595
1043 2.3280989392770595
1044 2.3280989392770595
1045 0.8059606530896535
1046 0.8059606530896535
1047 0.8059606530896535
1048 0.8059606530896535
1049 0.8059606530896535
1050 0.7951612947420506
1051 0.7951612947420506
1052 0.7951612947420506
1053 0.7951612947420506
1054 0.7951612947420506
1055 2.0479818142724415
1056 2.0479818142724415
1057 2.0479818142724415
1058 2.0479818142724415
1059 2.0479818142724415
1060 1.5911846330897992
1061 1.5911846330897992
1062 1.5911846330897992
1063 1.5911846330897992
1064 1.5911846330897992
1065 1.9131982691377398
1066 1.9131982691377398
1067 1.9131982691377398
1068 1.9131982691377398
1069 1.9131982691377398
1070 0.2302463665541069
1071 0.2302463665541069
1072 0.2302463665541069
1073 0.2302463665541069
1074 0.2302463665541069
1075 0.9987451972812559
1076 0.9987451972812559
1077 0.9987451972812559
1078 0.9987451972812559
1079 0.9987451972812559
1080 0.6364459124759754
1081 0.6364459124759754
1082 0.6364459124759754
1083 0.6364459124759754
1084 0.6364459124759754
1085 1.0251364217665007
1086 1.0251364217665007
1087 1.0251364217665007
1088 1.0251364217665007
1089 1.0251364217665007
1090 1.3168252666089857
1091 1.3168252666089857
1092 1.3168252666089857
1093 1.3168252666089857
1094 1.3168252666089857
1095 1.296298924963712
1096 1.296298924963712
1097 1.296298924963712
1098 1.296298924963712
1099 1.296298924963712
1100 0.4901307207498855
1101 0.4901307207498855
1102 0.4901307207498855
1103 0.4901307207498855
1104 0.4901307207498855
1105 0.1
1106 0.1
1107 0.1
1108 0.1
1109 0.1
1110 1.4347513929506464
1111 1.4347513929506464
1112 1.4347513929506464
1113 1.4347513929506464
1114 1.8035969588451684
1115 1.8035969588451684
1116 1.8035969588451684
1117 1.8035969588451684
1118 0.1
1119 0.1
1120 0.1
1121 0.1
1122 0.1
1123 0.1
1124 0.1
1125 0.1
1126 2.1986987946539456
1127 2.1986987946539456
1128 2.1986987946539456
1129 2.1986987946539456
1130 2.1986987946539456
1131 2.11744542052794
1132 2.11744542052794
1133 2.11744542052794
1134 2.11744542052794
1135 2.11744542052794
1136 2.4214040768896132
1137 2.4214040768896132
1138 2.4214040768896132
1139 2.4214040768896132
1140 2.4214040768896132
1141 5.0217370592662895
1142 5.0217370592662895
1143 5.0217370592662895
1144 5.0217370592662895
1145 5.0217370592662895
1146 1.8875323572046931
1147 1.8875323572046931
1148 1.8875323572046931
1149 1.8875323572046931
1150 1.8875323572046931
1151 3.9587753327787887
1152 3.9587753327787887
1153 3.9587753327787887
1154 3.9587753327787887
1155 3.9587753327787887
1156 5.228819814071985
1157 5.228819814071985
1158 5.228819814071985
1159 5.228819814071985
1160 5.228819814071985
1161 4.777487748158827
1162 4.777487748158827
1163 0.9288289061411956
1164 0.9288289061411956
1165 0.9288289061411956
1166 0.9288289061411956
1167 0.9288289061411956
1168 2.124513060948802
1169 2.124513060948802
1170 2.124513060948802
1171 2.124513060948802
1172 2.124513060948802
1173 2.734927726657299
1174 2.734927726657299
1175 2.734927726657299
1176 2.734927726657299
1177 2.734927726657299
1178 1.2324341761728452
1179 1.2324341761728452
1180 1.5613536686913683
1181 1.5613536686913683
1182 1.5613536686913683
1183 1.5613536686913683
1184 3.763968882140352
1185 3.763968882140352
1186 3.763968882140352
1187 3.763968882140352
1188 3.763968882140352
1189 5.122691222518461
1190 5.122691222518461
1191 5.122691222518461
1192 5.122691222518461
1193 5.122691222518461
1194 3.022894431008364
1195 3.022894431008364
1196 3.022894431008364
1197 3.022894431008364
1198 3.022894431008364
1199 3.68815192319816
1200 3.68815192319816
1201 3.68815192319816
1202 4.850780630602998
1203 4.850780630602998
1204 0.8009717698442733
1205 0.8009717698442733
1206 0.8009717698442733
1207 0.8009717698442733
1208 0.8009717698442733
1209 0.4662078133382458
1210 0.4662078133382458
1211 2.9312371850580967
1212 2.9312371850580967
1213 2.9312371850580967
1214 2.9312371850580967
1215 2.9312371850580967
1216 2.682311099403867
1217 2.682311099403867
1218 2.682311099403867
1219 2.682311099403867
1220 2.682311099403867
1221 1.1521699900340057
1222 1.1521699900340057
1223 1.1521699900340057
1224 1.1521699900340057
1225 1.1521699900340057
1226 2.9088430967107453
1227 2.9088430967107453
1228 2.9088430967107453
1229 2.9088430967107453
1230 2.9088430967107453
1231 1.6903540267422097
1232 1.6903540267422097
1233 1.6903540267422097
1234 1.6903540267422097
1235 1.6903540267422097
1236 3.760700452596449
1237 3.760700452596449
1238 3.760700452596449
1239 0.7919279660701021
1240 0.7919279660701021
1241 0.7919279660701021
1242 0.7919279660701021
1243 0.7919279660701021
1244 0.6335711011105152
1245 0.6335711011105152
1246 0.6335711011105152
1247 0.6335711011105152
1248 0.6335711011105152
1249 0.8377200533686259
1250 0.8377200533686259
1251 0.8377200533686259
1252 0.8377200533686259
1253 0.8377200533686259
1254 0.8901604161846153
1255 0.8901604161846153
1256 0.8901604161846153
1257 0.8901604161846153
1258 0.8901604161846153
1259 0.4463641198623691
1260 0.4463641198623691
1261 0.4463641198623691
1262 0.4463641198623691
1263 0.4463641198623691
1264 0.8548351649732265
1265 0.8548351649732265
1266 0.8548351649732265
1267 0.8548351649732265
1268 0.8548351649732265
1269 0.19545310091874174
1270 0.19545310091874174
1271 0.19545310091874174
1272 0.19545310091874174
1273 0.19545310091874174
1274 0.5517709886213212
1275 0.5517709886213212
1276 0.5517709886213212
1277 0.5517709886213212
1278 0.5517709886213212
1279 0.5188340656013247
1280 0.5188340656013247
1281 0.5188340656013247
1282 0.5188340656013247
1283 0.5188340656013247
1284 0.1
1285 0.1
1286 0.1
1287 0.1
1288 0.1
1289 0.3975244449815419
1290 0.3975244449815419
1291 0.3975244449815419
1292 0.3975244449815419
1293 0.3975244449815419
1294 0.42617187252218813
1295 6.984783889929178
1296 6.984783889929178
1297 6.984783889929178
1298 6.984783889929178
1299 6.984783889929178
1300 2.4356999842479485
1301 2.4356999842479485
1302 2.4356999842479485
1303 2.4356999842479485
1304 2.4356999842479485
1305 4.453375695254623
1306 4.453375695254623
1307 4.453375695254623
1308 4.453375695254623
1309 4.453375695254623
1310 5.956020761067126
1311 5.956020761067126
1312 5.956020761067126
1313 5.956020761067126
1314 5.956020761067126
1315 0.6253721944202706
1316 0.6253721944202706
1317 0.6253721944202706
1318 0.6253721944202706
1319 0.6253721944202706
1320 0.5634547392195906
1321 0.5634547392195906
1322 0.5634547392195906
1323 0.5634547392195906
1324 0.5634547392195906
1325 6.117468049956303
1326 6.117468049956303
1327 6.117468049956303
1328 6.117468049956303
1329 6.117468049956303
1330 3.141303141228713
1331 3.141303141228713
1332 3.141303141228713
1333 3.141303141228713
1334 3.141303141228713
1335 3.2174658072135136
1336 3.2174658072135136
1337 0.6459320053277287
1338 0.6459320053277287
1339 0.6459320053277287
1340 0.6459320053277287
1341 0.6459320053277287
1342 0.28281478793263215
1343 0.28281478793263215
1344 0.28281478793263215
1345 0.28281478793263215
1346 0.28281478793263215
1347 0.5557191921086524
1348 0.5557191921086524
1349 0.5557191921086524
1350 0.5557191921086524
1351 0.5557191921086524
1352 5.167720781027038
1353 5.167720781027038
1354 5.167720781027038
1355 5.167720781027038
1356 5.167720781027038
1357 2.460006168370997
1358 2.460006168370997
1359 2.460006168370997
1360 2.460006168370997
1361 2.460006168370997
1362 0.1
1363 0.1
1364 0.1
1365 0.1
1366 0.1
1367 2.9172063170608222
1368 2.9172063170608222
1369 2.9172063170608222
1370 2.9172063170608222
1371 2.9172063170608222
1372 2.425305689013763
1373 2.425305689013763
1374 2.425305689013763
1375 2.425305689013763
1376 2.425305689013763
1377 2.345208173176332
1378 2.345208173176332
1379 2.345208173176332
1380 2.345208173176332
1381 2.345208173176332
1382 4.542821243947293
1383 4.542821243947293
1384 4.542821243947293
1385 4.542821243947293
1386 4.542821243947293
1387 1.5238789292483235
1388 1.5238789292483235
1389 1.5238789292483235
1390 1.5238789292483235
1391 1.5238789292483235
1392 0.1
1393 0.1
1394 0.1
1395 0.1
1396 0.1
1397 2.019348085283553
1398 2.019348085283553
1399 2.019348085283553
1400 2.019348085283553
1401 2.019348085283553
1402 3.3584365518208457
1403 3.3584365518208457
1404 3.0978887581754244
1405 3.0978887581754244
1406 3.0978887581754244
1407 3.0978887581754244
1408 3.0978887581754244
1409 3.4123493578356694
1410 3.4123493578356694
1411 3.4123493578356694
1412 3.4123493578356694
1413 3.4123493578356694
1414 2.3632056070599896
1415 2.3632056070599896
1416 2.3632056070599896
1417 2.3632056070599896
1418 2.3632056070599896
1419 8.270977435408046
1420 8.270977435408046
1421 8.270977435408046
1422 8.270977435408046
1423 8.270977435408046
1424 7.151667357911199
1425 7.151667357911199
1426 7.151667357911199
1427 7.151667357911199
1428 7.151667357911199
1429 5.577727020919143
1430 5.577727020919143
1431 5.577727020919143
1432 5.577727020919143
1433 5.577727020919143
1434 8.163873981040133
1435 8.163873981040133
1436 8.163873981040133
1437 8.163873981040133
1438 8.163873981040133
1439 1.0797847885830065
1440 1.0797847885830065
1441 1.0797847885830065
1442 1.06849629829166
1443 1.06849629829166
1444 1.06849629829166
1445 1.06849629829166
1446 1.06849629829166
1447 0.1
1448 0.1
1449 0.1
1450 0.1
1451 0.1
1452 1.0044586406410096
1453 1.0044586406410096
1454 1.0044586406410096
1455 1.0044586406410096
1456 1.0044586406410096
1457 0.8390752962745005
1458 0.8390752962745005
1459 0.8390752962745005
1460 0.8390752962745005
1461 0.8390752962745005
1462 0.5963713425480376
1463 0.5963713425480376
1464 0.5963713425480376
1465 0.5963713425480376
1466 0.5963713425480376
1467 0.499359655142092
1468 0.499359655142092
1469 0.499359655142092
1470 0.499359655142092
1471 0.499359655142092
1472 0.27469548296177276
1473 0.27469548296177276
1474 0.27469548296177276
1475 0.27469548296177276
1476 0.27469548296177276
1477 0.6219019296415698
1478 0.6219019296415698
1479 0.6219019296415698
1480 5.485156307471503
1481 5.485156307471503
1482 5.485156307471503
1483 5.485156307471503
1484 5.485156307471503
1485 3.630950798232019
1486 3.630950798232019
1487 3.630950798232019
1488 3.630950798232019
1489 3.630950798232019
1490 4.061286627451223
1491 4.061286627451223
1492 4.061286627451223
1493 4.061286627451223
1494 4.061286627451223
1495 2.4708076256110694
1496 2.4708076256110694
1497 2.4708076256110694
1498 2.4708076256110694
1499 2.4708076256110694
1500 2.1765732736166803
1501 2.1765732736166803
1502 2.1765732736166803
1503 2.1765732736166803
1504 2.1765732736166803
1505 1.6865920217631856
1506 1.6865920217631856
1507 1.6865920217631856
1508 1.6865920217631856
1509 1.6865920217631856
1510 0.8650835595183006
1511 0.8650835595183006
1512 4.615732249577697
1513 4.615732249577697
1514 4.615732249577697
1515 4.615732249577697
1516 4.615732249577697
1517 3.2304475073140155
1518 3.2304475073140155
1519 3.2304475073140155
1520 3.2304475073140155
1521 3.2304475073140155
1522 2.9173072288921253
1523 2.9173072288921253
1524 2.9173072288921253
1525 2.9173072288921253
1526 2.9173072288921253
1527 4.628081153300823
1528 4.628081153300823
1529 4.628081153300823
1530 1.8519065073203167
1531 1.8519065073203167
1532 1.8519065073203167
1533 1.8519065073203167
1534 1.8519065073203167
1535 3.1424326323288394
1536 3.1424326323288394
1537 3.1424326323288394
1538 3.1424326323288394
1539 3.1424326323288394
1540 1.1870516476605395
1541 1.1870516476605395
1542 1.1870516476605395
1543 1.1870516476605395
1544 1.1870516476605395
1545 1.9228519218721671
1546 1.9228519218721671
1547 1.9228519218721671
1548 1.9228519218721671
1549 1.9228519218721671
1550 3.227620542449078
1551 3.227620542449078
1552 3.227620542449078
1553 3.227620542449078
1554 3.227620542449078
1555 2.866323197033726
1556 2.866323197033726
1557 2.866323197033726
1558 2.866323197033726
1559 2.866323197033726
1560 1.6821442188714046
1561 1.6821442188714046
1562 1.6821442188714046
1563 1.6821442188714046
1564 1.6821442188714046
1565 2.5215550408260903
1566 2.5215550408260903
1567 2.5215550408260903
1568 2.5215550408260903
1569 2.5215550408260903
1570 3.5202899367237324
1571 3.5202899367237324
1572 3.5202899367237324
1573 3.5202899367237324
1574 3.5202899367237324
1575 2.6159542566806513
1576 2.6159542566806513
1577 2.6159542566806513
1578 2.6159542566806513
1579 2.6159542566806513
1580 3.407017398801322
1581 3.407017398801322
1582 3.407017398801322
1583 3.407017398801322
1584 3.407017398801322
1585 3.5037273622197596
1586 3.5037273622197596
1587 3.5037273622197596
1588 3.5037273622197596
1589 3.5037273622197596
1590 1.4761976981562026
1591 1.4761976981562026
1592 1.4761976981562026
1593 1.4761976981562026
1594 1.4761976981562026
1595 1.7952593265569086
1596 1.7952593265569086
1597 1.7952593265569086
1598 1.7952593265569086
1599 1.7952593265569086
1600 3.4722874458327793
1601 3.4722874458327793
1602 3.4722874458327793
1603 3.4722874458327793
1604 3.4722874458327793
1605 2.0350988007574076
1606 2.0350988007574076
1607 2.0350988007574076
1608 2.0350988007574076
1609 2.0350988007574076
1610 4.571496724283036
1611 4.571496724283036
1612 4.571496724283036
1613 4.571496724283036
1614 4.571496724283036
1615 1.7236241064656492
1616 1.7236241064656492
1617 1.7236241064656492
1618 1.7236241064656492
1619 1.7236241064656492
1620 3.2639036941650823
1621 6.679981251647513
1622 6.679981251647513
1623 6.679981251647513
1624 6.679981251647513
1625 6.679981251647513
1626 3.4712107409637643
1627 3.4712107409637643
1628 3.4712107409637643
1629 3.4712107409637643
1630 3.4712107409637643
1631 0.9027229241606229
1632 0.2886535845837421
1633 0.2886535845837421
1634 0.2886535845837421
1635 0.2886535845837421
1636 0.2886535845837421
1637 0.712131053216359
1638 0.712131053216359
1639 0.712131053216359
1640 0.712131053216359
1641 0.712131053216359
1642 0.9182524963040991
1643 0.9182524963040991
1644 0.9182524963040991
1645 0.9182524963040991
1646 0.9182524963040991
1647 0.6197362724551128
1648 0.6197362724551128
1649 0.6197362724551128
1650 0.6197362724551128
1651 3.449011342805205
1652 3.449011342805205
1653 3.449011342805205
1654 3.449011342805205
1655 3.449011342805205
1656 7.101208909415241
1657 7.101208909415241
1658 7.101208909415241
1659 7.101208909415241
1660 7.101208909415241
1661 5.853741764988812
1662 5.853741764988812
1663 5.853741764988812
1664 5.853741764988812
1665 5.853741764988812
1666 0.3137860450698984
1667 0.3137860450698984
1668 0.3137860450698984
1669 0.3137860450698984
1670 0.3137860450698984
1671 4.279078110956379
1672 4.279078110956379
1673 4.279078110956379
1674 4.279078110956379
1675 4.279078110956379
1676 0.3005784438188358
1677 0.3005784438188358
1678 0.3005784438188358
1679 0.3005784438188358
1680 0.3005784438188358
1681 0.8607509117497658
1682 0.8607509117497658
1683 0.8607509117497658
1684 0.8607509117497658
1685 0.8607509117497658
1686 0.2912303429480818
1687 0.2912303429480818
1688 0.2912303429480818
1689 0.2912303429480818
1690 0.2912303429480818
1691 0.6362738110047702
1692 0.6362738110047702
1693 0.6362738110047702
1694 0.6362738110047702
1695 0.6362738110047702
1696 0.1
1697 0.1
1698 0.1
1699 0.1
1700 0.1
1701 0.12998961032916917
1702 0.12998961032916917
1703 1.4751129826897609
1704 1.4751129826897609
1705 1.4751129826897609
1706 1.4751129826897609
1707 1.4751129826897609
1708 1.8048120102676717
1709 1.8048120102676717
1710 1.8048120102676717
1711 1.8048120102676717
1712 1.8048120102676717
1713 0.7133823309788916
1714 0.7133823309788916
1715 0.7133823309788916
1716 0.8781946874182848
1717 0.8781946874182848
1718 0.8781946874182848
1719 0.8781946874182848
1720 0.8781946874182848
1721 1.1439231340276934
1722 1.1439231340276934
1723 1.1439231340276934
1724 1.1439231340276934
1725 1.1439231340276934
1726 0.7871730185022096
1727 0.7871730185022096
1728 2.1123685186285477
1729 2.1123685186285477
1730 2.1123685186285477
1731 2.1123685186285477
1732 2.1123685186285477
1733 3.064158571039699
1734 3.064158571039699
1735 1.119978361034092
1736 1.119978361034092
1737 1.119978361034092
1738 1.119978361034092
1739 1.119978361034092
1740 0.8622770295419233
1741 0.8622770295419233
1742 0.8622770295419233
1743 0.8622770295419233
1744 0.8622770295419233
1745 0.7166816184222313
1746 0.7166816184222313
1747 0.7166816184222313
1748 0.7166816184222313
1749 0.7166816184222313
1750 0.798471800268272
1751 0.798471800268272
1752 0.798471800268272
1753 0.798471800268272
1754 0.798471800268272
1755 0.6079598431978022
1756 0.6079598431978022
1757 0.6079598431978022
1758 0.6079598431978022
1759 0.6079598431978022
1760 0.33437888295774015
1761 0.33437888295774015
1762 0.33437888295774015
1763 0.33437888295774015
1764 0.33437888295774015
1765 0.5940806183666912
1766 0.5940806183666912
1767 0.5940806183666912
1768 0.5940806183666912
1769 0.5940806183666912
1770 5.207838421815454
1771 5.207838421815454
1772 5.207838421815454
1773 5.207838421815454
1774 5.207838421815454
1775 3.3626600854827897
1776 3.3626600854827897
1777 3.3626600854827897
1778 3.3626600854827897
1779 3.3626600854827897
1780 3.398561779898399
1781 3.398561779898399
1782 3.398561779898399
1783 3.398561779898399
1784 3.398561779898399
1785 1.552369851038331
1786 1.552369851038331
1787 1.552369851038331
1788 1.552369851038331
1789 1.552369851038331
1790 2.7061375126634433
1791 2.7061375126634433
1792 2.7061375126634433
1793 0.1
1794 0.1
1795 0.1
1796 0.1
1797 0.1
1798 2.173773497540527
1799 2.173773497540527
1800 2.173773497540527
1801 2.173773497540527
1802 2.173773497540527
1803 1.5059667161002337
1804 1.5059667161002337
1805 1.5059667161002337
1806 1.5059667161002337
1807 1.5059667161002337
1808 3.4296134469055453
1809 3.4296134469055453
1810 3.4296134469055453
1811 3.4296134469055453
1812 3.4296134469055453
1813 1.3415427846984025
1814 8.158405428695247
1815 8.158405428695247
1816 8.158405428695247
1817 8.158405428695247
1818 8.158405428695247
1819 0.15120743799462177
1820 2.1175562696489294
1821 2.1175562696489294
1822 2.1175562696489294
1823 2.1175562696489294
1824 2.1175562696489294
1825 4.721719781234581
1826 4.721719781234581
1827 1.013475280608179
1828 1.013475280608179
1829 1.013475280608179
1830 1.013475280608179
1831 1.013475280608179
1832 1.7348986031731661
1833 1.7348986031731661
1834 1.7348986031731661
1835 1.7348986031731661
1836 1.7348986031731661
1837 1.8991216343798336
1838 1.8991216343798336
1839 1.8991216343798336
1840 1.8991216343798336
1841 1.8991216343798336
1842 2.4656847860541893
1843 2.4656847860541893
1844 2.4656847860541893
1845 2.4656847860541893
1846 2.4656847860541893
1847 2.39465584813168
1848 2.39465584813168
1849 2.39465584813168
1850 2.39465584813168
1851 2.39465584813168
1852 1.43937796509803
1853 1.43937796509803
1854 1.43937796509803
1855 1.43937796509803
1856 1.43937796509803
1857 1.520332384448375
1858 1.520332384448375
1859 5.773332537203621
1860 5.773332537203621
1861 5.773332537203621
1862 5.773332537203621
1863 5.773332537203621
1864 3.578043408064438
1865 3.578043408064438
1866 3.578043408064438
1867 0.8851918188035489
1868 0.8851918188035489
1869 0.8851918188035489
1870 0.8851918188035489
1871 0.8851918188035489
1872 0.5555139696909462
1873 0.5555139696909462
1874 0.5555139696909462
1875 0.5555139696909462
1876 0.5555139696909462
1877 1.447314756360476
1878 1.447314756360476
1879 1.447314756360476
1880 1.447314756360476
1881 1.447314756360476
1882 0.5479091070799296
1883 0.5479091070799296
1884 0.5479091070799296
1885 0.5479091070799296
1886 0.1
1887 0.1
1888 0.1
1889 0.1
1890 0.1
1891 5.4154908691818235
1892 5.4154908691818235
1893 5.4154908691818235
1894 5.4154908691818235
1895 5.4154908691818235
1896 2.7589411534035935
1897 2.7589411534035935
1898 2.7589411534035935
1899 2.7589411534035935
1900 2.7589411534035935
1901 5.861313578340788
1902 5.861313578340788
1903 5.861313578340788
1904 5.861313578340788
1905 5.861313578340788
1906 1.1514784092848527
1907 1.1514784092848527
1908 1.1514784092848527
1909 1.1514784092848527
1910 1.1514784092848527
1911 0.1
1912 0.1
1913 0.1
1914 0.1
1915 0.1
1916 0.7831172721772912
1917 0.7831172721772912
1918 0.7831172721772912
1919 0.7831172721772912
1920 0.7831172721772912
1921 0.7149418780966325
1922 0.7149418780966325
1923 0.7149418780966325
1924 0.7149418780966325
1925 0.7149418780966325
1926 0.904552585284973
1927 0.904552585284973
1928 0.904552585284973
1929 0.904552585284973
1930 0.904552585284973
1931 0.47712635173297924
1932 0.47712635173297924
1933 0.47712635173297924
1934 0.47712635173297924
1935 0.47712635173297924
1936 1.189409822223594
1937 1.189409822223594
1938 1.189409822223594
1939 1.189409822223594
1940 5.476873445402081
1941 5.476873445402081
1942 5.476873445402081
1943 5.476873445402081
1944 5.476873445402081
1945 5.761307705299648
1946 5.761307705299648
1947 5.761307705299648
1948 5.761307705299648
1949 5.761307705299648
1950 3.9241751662892046
1951 3.9241751662892046
1952 3.9241751662892046
1953 3.9241751662892046
1954 3.9241751662892046
1955 6.628119931009753
1956 6.628119931009753
1957 4.221842719135382
1958 4.221842719135382
1959 4.221842719135382
1960 4.221842719135382
1961 4.221842719135382
1962 4.121929094301156
1963 3.611371860228055
1964 3.611371860228055
1965 3.611371860228055
1966 3.611371860228055
1967 3.611371860228055
1968 3.0416306524720884
1969 3.0416306524720884
1970 3.0416306524720884
1971 3.0416306524720884
1972 3.0416306524720884
1973 2.2071957270172673
1974 2.2071957270172673
1975 2.2071957270172673
1976 2.2071957270172673
1977 2.2071957270172673
1978 5.484413500794668
1979 5.484413500794668
1980 5.484413500794668
1981 5.484413500794668
1982 5.484413500794668
1983 3.6759784842774748
1984 3.6759784842774748
1985 3.6759784842774748
1986 3.6759784842774748
1987 3.6759784842774748
1988 4.118704646608418
1989 4.118704646608418
1990 4.118704646608418
1991 4.118704646608418
1992 0.9551467075049462
1993 0.9551467075049462
1994 0.9551467075049462
1995 0.9551467075049462
1996 0.9551467075049462
1997 0.8781751224589871
1998 0.8781751224589871
1999 0.8781751224589871
