0 3.682042378021208
1 3.682042378021208
2 3.682042378021208
3 3.682042378021208
4 5.958705048410732
5 5.958705048410732
6 5.958705048410732
7 5.958705048410732
8 2.043261119673248
9 2.043261119673248
10 2.043261119673248
11 2.043261119673248
12 4.031522338907495
13 4.031522338907495
14 4.031522338907495
15 4.031522338907495
16 4.764985626469786
17 4.764985626469786
18 4.764985626469786
19 4.764985626469786
20 5.06641665965371
21 5.06641665965371
22 5.06641665965371
23 5.06641665965371
24 5.584317896711895
25 5.584317896711895
26 5.584317896711895
27 5.584317896711895
28 3.709255585261271
29 3.709255585261271
30 3.709255585261271
31 3.709255585261271
32 5.939988314351381
33 5.939988314351381
34 5.939988314351381
35 5.939988314351381
36 3.3566534670054917
37 3.3566534670054917
38 3.3566534670054917
39 3.3566534670054917
40 4.087651042677472
41 4.087651042677472
42 4.087651042677472
43 4.087651042677472
44 3.803491945582819
45 3.803491945582819
46 3.803491945582819
47 3.803491945582819
48 3.2799181670228967
49 3.2799181670228967
50 3.2799181670228967
51 3.2799181670228967
52 3.0402753910967215
53 3.0402753910967215
54 3.0402753910967215
55 3.0402753910967215
56 6.61745872628882
57 6.61745872628882
58 4.647043409863731
59 4.647043409863731
60 4.647043409863731
61 4.647043409863731
62 2.0403819900000384
63 2.0403819900000384
64 2.0403819900000384
65 2.0403819900000384
66 4.564612754212822
67 4.564612754212822
68 4.564612754212822
69 4.564612754212822
70 4.15098360089848
71 4.15098360089848
72 4.15098360089848
73 4.15098360089848
74 1.9655271782842965
75 1.9655271782842965
76 1.9655271782842965
77 1.9655271782842965
78 3.7306546560944804
79 3.7306546560944804
80 3.7306546560944804
81 3.7306546560944804
82 4.06092781690425
83 4.06092781690425
84 4.06092781690425
85 4.06092781690425
86 2.6203571687180562
87 2.6203571687180562
88 2.6203571687180562
89 2.6203571687180562
90 2.6743055649493517
91 2.6743055649493517
92 2.6743055649493517
93 2.6743055649493517
94 4.634093390727828
95 4.634093390727828
96 4.634093390727828
97 4.634093390727828
98 3.9533545535804286
99 3.9533545535804286
100 3.9533545535804286
101 3.9533545535804286
102 4.130264237758141
103 4.130264237758141
104 4.130264237758141
105 0.9432547645741686
106 0.9432547645741686
107 0.9432547645741686
108 0.9432547645741686
109 1.2665745504231039
110 1.2665745504231039
111 1.2665745504231039
112 1.2665745504231039
113 0.746345451425847
114 0.746345451425847
115 0.746345451425847
116 0.746345451425847
117 1.023533925508664
118 1.023533925508664
119 1.023533925508664
120 1.023533925508664
121 1.0398223222687268
122 1.0398223222687268
123 1.0398223222687268
124 1.0398223222687268
125 1.1883343074010186
126 1.1883343074010186
127 1.1883343074010186
128 1.1883343074010186
129 0.857026669685186
130 0.857026669685186
131 0.857026669685186
132 0.857026669685186
133 1.3384724925227176
134 1.3384724925227176
135 1.3384724925227176
136 1.3384724925227176
137 0.979259153611911
138 0.979259153611911
139 0.979259153611911
140 0.979259153611911
141 1.2932254408545383
142 1.2932254408545383
143 1.2932254408545383
144 1.2932254408545383
145 0.7298345540967478
146 0.7298345540967478
147 0.7298345540967478
148 0.7298345540967478
149 0.8318885010828594
150 0.8318885010828594
151 0.8318885010828594
152 0.8318885010828594
153 1.1671742046670248
154 1.1671742046670248
155 1.1671742046670248
156 1.1671742046670248
157 0.7200338392594869
158 0.7200338392594869
159 0.7200338392594869
160 0.7200338392594869
161 0.5009775058240616
162 0.5009775058240616
163 0.5009775058240616
164 0.5009775058240616
165 1.1697899994836958
166 1.1697899994836958
167 1.1697899994836958
168 1.1697899994836958
169 0.9881714894018039
170 0.9881714894018039
171 0.9881714894018039
172 0.9881714894018039
173 1.6852173698470372
174 1.6852173698470372
175 1.6852173698470372
176 1.6852173698470372
177 0.8850473240713052
178 0.8850473240713052
179 0.8850473240713052
180 0.8850473240713052
181 0.8887590546162543
182 0.8887590546162543
183 0.8887590546162543
184 0.8887590546162543
185 1.3493091607931662
186 1.3493091607931662
187 1.3493091607931662
188 1.3493091607931662
189 1.113293283869196
190 1.113293283869196
191 1.113293283869196
192 1.113293283869196
193 0.899527408709679
194 0.899527408709679
195 0.899527408709679
196 0.899527408709679
197 1.319169543076842
198 1.319169543076842
199 1.319169543076842
200 1.319169543076842
201 0.5545170733677324
202 0.5545170733677324
203 0.5545170733677324
204 0.5545170733677324
205 1.2622517847973576
206 1.2622517847973576
207 1.2622517847973576
208 1.2622517847973576
209 1.0674326024869598
210 1.0674326024869598
211 1.0674326024869598
212 1.0674326024869598
213 1.0167370807118634
214 1.0167370807118634
215 1.0167370807118634
216 1.0167370807118634
217 1.2427321695438178
218 1.2427321695438178
219 1.2427321695438178
220 1.2427321695438178
221 0.8497457450345289
222 0.8497457450345289
223 0.8497457450345289
224 0.8497457450345289
225 0.8778928581602501
226 0.8778928581602501
227 0.8778928581602501
228 0.8778928581602501
229 1.2998050567006567
230 1.2998050567006567
231 1.2998050567006567
232 1.2998050567006567
233 1.2113386134907054
234 1.2113386134907054
235 1.2113386134907054
236 1.2113386134907054
237 0.8701642160789863
238 0.8701642160789863
239 0.8701642160789863
240 0.8701642160789863
241 0.6506459941505854
242 0.6506459941505854
243 0.6506459941505854
244 0.6506459941505854
245 1.0911817797564782
246 1.0911817797564782
247 1.0911817797564782
248 1.0911817797564782
249 1.336299051324089
250 1.336299051324089
251 1.336299051324089
252 1.336299051324089
253 0.8247198041172807
254 0.8247198041172807
255 0.8247198041172807
256 0.8247198041172807
257 0.8201652887170742
258 0.8201652887170742
259 1.4309568251401033
260 1.4309568251401033
261 1.4309568251401033
262 1.4309568251401033
263 1.8222384019213023
264 1.8222384019213023
265 1.8222384019213023
266 1.8222384019213023
267 1.6181210085032014
268 1.6181210085032014
269 1.6181210085032014
270 1.6181210085032014
271 3.620200040042106
272 3.620200040042106
273 3.620200040042106
274 3.620200040042106
275 2.789218738503563
276 2.789218738503563
277 2.789218738503563
278 2.789218738503563
279 3.4507013887033584
280 3.4507013887033584
281 3.4507013887033584
282 3.4507013887033584
283 3.1317748491879813
284 3.1317748491879813
285 3.1317748491879813
286 3.1317748491879813
287 2.3008528809269584
288 2.3008528809269584
289 2.3008528809269584
290 2.3008528809269584
291 2.822343947745869
292 2.822343947745869
293 2.822343947745869
294 2.822343947745869
295 4.1329363746197005
296 4.1329363746197005
297 4.1329363746197005
298 4.1329363746197005
299 4.092564170512972
300 4.092564170512972
301 4.092564170512972
302 4.092564170512972
303 2.521273525342507
304 2.521273525342507
305 2.521273525342507
306 2.521273525342507
307 4.043186089226581
308 4.043186089226581
309 4.043186089226581
310 4.043186089226581
311 2.940852780331649
312 2.940852780331649
313 2.940852780331649
314 2.940852780331649
315 4.787692415285083
316 4.787692415285083
317 4.787692415285083
318 4.787692415285083
319 4.861576086071306
320 4.861576086071306
321 4.861576086071306
322 4.861576086071306
323 3.61619604255509
324 3.61619604255509
325 3.61619604255509
326 3.61619604255509
327 3.0659769394604677
328 3.0659769394604677
329 3.0659769394604677
330 3.0659769394604677
331 5.619826781398472
332 5.619826781398472
333 5.619826781398472
334 5.619826781398472
335 3.8951924173050845
336 3.8951924173050845
337 3.8951924173050845
338 3.8951924173050845
339 4.2381178187201645
340 4.2381178187201645
341 4.2381178187201645
342 4.2381178187201645
343 6.066003376284225
344 6.066003376284225
345 6.066003376284225
346 6.066003376284225
347 2.7641225611343505
348 0.6665414906424367
349 0.6665414906424367
350 0.6665414906424367
351 0.6665414906424367
352 0.7102621974682297
353 0.7102621974682297
354 0.7102621974682297
355 0.7102621974682297
356 0.40308287433462286
357 0.40308287433462286
358 0.40308287433462286
359 0.40308287433462286
360 0.4106321844544547
361 0.4106321844544547
362 0.4106321844544547
363 0.4106321844544547
364 0.6637548736229697
365 0.6637548736229697
366 0.6637548736229697
367 0.6637548736229697
368 0.34752524816732455
369 0.34752524816732455
370 0.34752524816732455
371 0.34752524816732455
372 0.1935948528937096
373 0.1935948528937096
374 0.1935948528937096
375 0.1935948528937096
376 0.6171938374241066
377 0.6171938374241066
378 0.6171938374241066
379 0.6171938374241066
380 0.728131954718546
381 0.728131954718546
382 0.728131954718546
383 0.728131954718546
384 0.7421619143319933
385 0.7421619143319933
386 0.7421619143319933
387 0.7421619143319933
388 0.7332438786542171
389 0.7332438786542171
390 0.7332438786542171
391 0.7332438786542171
392 0.4786289747806908
393 0.4786289747806908
394 0.4786289747806908
395 0.4786289747806908
396 0.8659612085499835
397 0.8659612085499835
398 0.8659612085499835
399 0.8659612085499835
400 0.9245390505914022
401 0.9245390505914022
402 0.9245390505914022
403 0.9245390505914022
404 1.0233406878340132
405 1.0233406878340132
406 1.0233406878340132
407 1.0233406878340132
408 0.3604513153539295
409 0.3604513153539295
410 0.3604513153539295
411 0.3604513153539295
412 0.7016172609848822
413 0.7016172609848822
414 0.7016172609848822
415 0.7016172609848822
416 0.5426975169732737
417 0.5426975169732737
418 0.5426975169732737
419 0.5426975169732737
420 0.6844471485278785
421 0.6844471485278785
422 0.6844471485278785
423 0.6844471485278785
424 0.374083259031919
425 0.374083259031919
426 0.374083259031919
427 0.374083259031919
428 0.6383859676183826
429 0.6383859676183826
430 0.6383859676183826
431 0.6383859676183826
432 0.8812041973106891
433 0.8812041973106891
434 0.8812041973106891
435 0.8812041973106891
436 0.6260967314459331
437 5.133597371602592
438 5.133597371602592
439 5.133597371602592
440 5.133597371602592
441 1.74456755889204
442 1.74456755889204
443 1.74456755889204
444 1.74456755889204
445 2.926355746753766
446 2.926355746753766
447 2.926355746753766
448 2.926355746753766
449 3.699281778642298
450 3.699281778642298
451 3.699281778642298
452 3.699281778642298
453 2.3392919358380673
454 2.3392919358380673
455 2.3392919358380673
456 2.3392919358380673
457 2.2814326271375913
458 2.2814326271375913
459 2.2814326271375913
460 2.2814326271375913
461 3.1014629149100954
462 3.1014629149100954
463 3.1014629149100954
464 3.1014629149100954
465 2.5842848529518903
466 2.5842848529518903
467 2.5842848529518903
468 2.5842848529518903
469 2.0923500499388563
470 2.0923500499388563
471 2.0923500499388563
472 2.0923500499388563
473 4.384413367771865
474 4.384413367771865
475 4.384413367771865
476 1.2256815888156325
477 3.224995537370867
478 3.224995537370867
479 3.224995537370867
480 3.224995537370867
481 4.8480396853881205
482 4.8480396853881205
483 4.8480396853881205
484 4.8480396853881205
485 3.4879337172025795
486 3.4879337172025795
487 3.4879337172025795
488 3.4879337172025795
489 2.5843557590426496
490 2.5843557590426496
491 2.5843557590426496
492 2.5843557590426496
493 3.57841973299409
494 3.57841973299409
495 3.57841973299409
496 3.57841973299409
497 4.399564434511998
498 4.399564434511998
499 4.399564434511998
500 4.399564434511998
501 3.7142344119173325
502 3.7142344119173325
503 3.7142344119173325
504 3.7142344119173325
505 2.92124660108352
506 1.4933726168768948
507 1.4933726168768948
508 1.4933726168768948
509 1.4933726168768948
510 1.4849102323632761
511 1.4849102323632761
512 1.4849102323632761
513 1.4849102323632761
514 0.803797568388399
515 0.803797568388399
516 0.803797568388399
517 0.803797568388399
518 1.804088921262847
519 1.804088921262847
520 1.804088921262847
521 1.804088921262847
522 1.089332585121015
523 1.089332585121015
524 1.089332585121015
525 1.089332585121015
526 1.1013436470344278
527 1.1013436470344278
528 1.1013436470344278
529 1.1013436470344278
530 0.9405081326468627
531 0.9405081326468627
532 0.9405081326468627
533 0.9405081326468627
534 1.1993462879232946
535 1.1993462879232946
536 1.1993462879232946
537 1.1993462879232946
538 0.9576334979366752
539 0.9576334979366752
540 0.9576334979366752
541 0.9576334979366752
542 1.2605727817735433
543 1.2605727817735433
544 1.2605727817735433
545 1.2605727817735433
546 1.420957012908636
547 1.420957012908636
548 1.420957012908636
549 1.420957012908636
550 0.9850183276279763
551 0.9850183276279763
552 1.8056573728362577
553 1.8056573728362577
554 1.8056573728362577
555 6.1705690493175265
556 6.1705690493175265
557 6.1705690493175265
558 6.1705690493175265
559 5.077591254518055
560 5.077591254518055
561 5.077591254518055
562 5.077591254518055
563 3.799411712450657
564 3.799411712450657
565 3.799411712450657
566 3.799411712450657
567 2.028449419259705
568 2.028449419259705
569 2.028449419259705
570 2.028449419259705
571 4.404919350869805
572 4.404919350869805
573 4.404919350869805
574 4.404919350869805
575 3.7445798397494783
576 3.7445798397494783
577 3.7445798397494783
578 3.7445798397494783
579 4.9457608237182304
580 4.9457608237182304
581 4.9457608237182304
582 4.9457608237182304
583 4.1122008114880435
584 4.1122008114880435
585 4.1122008114880435
586 4.1122008114880435
587 4.580053951064376
588 4.580053951064376
589 4.580053951064376
590 4.580053951064376
591 3.587515622682047
592 3.587515622682047
593 3.587515622682047
594 3.587515622682047
595 4.972351351309966
596 1.4916181813738247
597 1.4916181813738247
598 1.4916181813738247
599 1.4916181813738247
600 1.1857911574696176
601 1.1857911574696176
602 1.1857911574696176
603 1.1857911574696176
604 1.4378138928619346
605 1.4378138928619346
606 1.4378138928619346
607 1.4378138928619346
608 1.9195250335339042
609 1.9195250335339042
610 1.9195250335339042
611 1.9195250335339042
612 2.005688265006796
613 2.005688265006796
614 2.005688265006796
615 2.005688265006796
616 1.3556819485850355
617 1.3556819485850355
618 1.3556819485850355
619 1.3556819485850355
620 2.108924972304041
621 2.108924972304041
622 2.108924972304041
623 2.108924972304041
624 1.4395143550764606
625 1.4395143550764606
626 1.4395143550764606
627 1.4395143550764606
628 1.1779133800909793
629 1.1779133800909793
630 1.1779133800909793
631 1.1779133800909793
632 2.0265204316210035
633 2.0265204316210035
634 2.0265204316210035
635 2.0265204316210035
636 1.5566350110279141
637 1.5566350110279141
638 1.5566350110279141
639 1.5566350110279141
640 1.000173023228313
641 1.000173023228313
642 1.000173023228313
643 1.000173023228313
644 1.4924584274717263
645 1.4924584274717263
646 1.4924584274717263
647 1.4924584274717263
648 0.9509466592854432
649 0.9509466592854432
650 0.9509466592854432
651 0.9509466592854432
652 1.809267556790844
653 1.809267556790844
654 1.809267556790844
655 1.809267556790844
656 2.4418849913794776
657 2.4418849913794776
658 2.4418849913794776
659 2.4418849913794776
660 1.7774265289119926
661 1.7774265289119926
662 1.7774265289119926
663 1.7774265289119926
664 1.5484800525368667
665 1.5484800525368667
666 1.5484800525368667
667 1.5484800525368667
668 1.7870759279530017
669 1.7870759279530017
670 1.7870759279530017
671 1.7870759279530017
672 1.6117065917646112
673 1.6117065917646112
674 1.6117065917646112
675 1.6117065917646112
676 1.142021162555246
677 1.142021162555246
678 1.142021162555246
679 1.142021162555246
680 0.5536572531808313
681 0.5536572531808313
682 0.5536572531808313
683 0.5536572531808313
684 1.5445932062690404
685 1.5445932062690404
686 1.5445932062690404
687 1.5445932062690404
688 2.7783097088628987
689 2.7783097088628987
690 2.7783097088628987
691 2.7783097088628987
692 1.697342352608844
693 1.697342352608844
694 1.697342352608844
695 1.697342352608844
696 1.2889681221232672
697 1.2889681221232672
698 1.2889681221232672
699 1.2889681221232672
700 1.1876691784156892
701 1.1876691784156892
702 1.1876691784156892
703 1.1876691784156892
704 1.625432461495859
705 1.625432461495859
706 1.625432461495859
707 1.625432461495859
708 1.7776089640476542
709 1.7776089640476542
710 1.7776089640476542
711 1.7776089640476542
712 2.1350103379677816
713 2.1350103379677816
714 2.1350103379677816
715 2.1350103379677816
716 2.192368468760361
717 2.192368468760361
718 2.192368468760361
719 2.192368468760361
720 1.7115874530665682
721 1.7115874530665682
722 1.7115874530665682
723 1.7115874530665682
724 1.240314633863345
725 1.240314633863345
726 1.240314633863345
727 2.4506706133541947
728 2.4506706133541947
729 2.4506706133541947
730 0.38943103147607216
731 0.38943103147607216
732 0.38943103147607216
733 0.38943103147607216
734 0.899057397682159
735 0.899057397682159
736 0.899057397682159
737 0.899057397682159
738 0.6444146858261358
739 0.6444146858261358
740 0.6444146858261358
741 0.6444146858261358
742 0.7696401490737941
743 0.7696401490737941
744 2.138573655950909
745 2.138573655950909
746 2.138573655950909
747 2.138573655950909
748 2.3112616140375013
749 2.3112616140375013
750 2.3112616140375013
751 2.3112616140375013
752 2.397143560226741
753 2.397143560226741
754 2.397143560226741
755 2.397143560226741
756 3.544897209868238
757 3.544897209868238
758 3.544897209868238
759 3.544897209868238
760 2.0031563281564053
761 2.0031563281564053
762 2.0031563281564053
763 2.0031563281564053
764 2.2820287660473215
765 2.2820287660473215
766 2.2820287660473215
767 2.2820287660473215
768 3.6605379800797317
769 3.6605379800797317
770 3.6605379800797317
771 3.6605379800797317
772 2.793397311051341
773 2.793397311051341
774 2.793397311051341
775 2.793397311051341
776 1.9564588065529707
777 1.9564588065529707
778 1.9564588065529707
779 1.9564588065529707
780 2.55907417530683
781 2.55907417530683
782 2.55907417530683
783 2.55907417530683
784 2.405973971118642
785 3.2125498427463612
786 3.2125498427463612
787 3.2125498427463612
788 3.2125498427463612
789 3.1424171125917915
790 3.1424171125917915
791 3.1424171125917915
792 3.1424171125917915
793 2.782186486626782
794 2.782186486626782
795 2.782186486626782
796 2.782186486626782
797 3.003050058174932
798 3.003050058174932
799 3.003050058174932
800 3.003050058174932
801 2.880816735072831
802 2.880816735072831
803 2.880816735072831
804 2.880816735072831
805 3.728542452457804
806 3.728542452457804
807 3.728542452457804
808 3.728542452457804
809 3.905670563539325
810 3.905670563539325
811 3.905670563539325
812 3.905670563539325
813 3.3306583143151163
814 3.3306583143151163
815 3.3306583143151163
816 3.3306583143151163
817 2.083185415121531
818 2.083185415121531
819 2.083185415121531
820 2.083185415121531
821 2.7658037446239714
822 2.7658037446239714
823 2.7658037446239714
824 2.7658037446239714
825 1.933557940946262
826 1.933557940946262
827 1.933557940946262
828 1.933557940946262
829 2.613615704880918
830 2.613615704880918
831 2.613615704880918
832 2.613615704880918
833 4.049017511655708
834 4.049017511655708
835 4.049017511655708
836 4.049017511655708
837 2.3645134320286094
838 2.3645134320286094
839 2.3645134320286094
840 2.3645134320286094
841 3.2041162496572078
842 3.2041162496572078
843 3.2041162496572078
844 3.2041162496572078
845 3.3254590602609677
846 3.3254590602609677
847 3.3254590602609677
848 3.3254590602609677
849 3.2948910077502607
850 3.2948910077502607
851 3.2948910077502607
852 3.2948910077502607
853 4.600915592932107
854 4.600915592932107
855 4.600915592932107
856 4.600915592932107
857 2.144396032692432
858 2.144396032692432
859 2.144396032692432
860 2.144396032692432
861 2.7339053923635483
862 2.7339053923635483
863 2.7339053923635483
864 2.7339053923635483
865 1.275638783102061
866 1.275638783102061
867 1.275638783102061
868 1.275638783102061
869 2.4804497156723513
870 2.4804497156723513
871 2.4804497156723513
872 2.4804497156723513
873 1.802210715165272
874 1.802210715165272
875 1.802210715165272
876 1.802210715165272
877 3.2327937559223567
878 3.2327937559223567
879 3.2327937559223567
880 3.2327937559223567
881 3.411877836354498
882 3.411877836354498
883 3.411877836354498
884 3.411877836354498
885 3.5083548878819775
886 3.5083548878819775
887 3.5083548878819775
888 3.5083548878819775
889 2.6168015865933145
890 2.6168015865933145
891 2.6168015865933145
892 2.6168015865933145
893 3.1919711776454207
894 3.1919711776454207
895 3.1919711776454207
896 3.1919711776454207
897 3.149668250649541
898 3.149668250649541
899 3.149668250649541
900 3.149668250649541
901 1.7421924812475245
902 1.7421924812475245
903 1.7421924812475245
904 1.7421924812475245
905 3.1094013682938773
906 3.1094013682938773
907 3.1094013682938773
908 3.1094013682938773
909 1.6552518578312474
910 1.6552518578312474
911 1.6552518578312474
912 1.6552518578312474
913 2.9103955727812014
914 2.9103955727812014
915 2.9103955727812014
916 2.9103955727812014
917 1.876023627177697
918 7.373353812874759
919 7.373353812874759
920 7.373353812874759
921 7.373353812874759
922 5.335776914946038
923 5.335776914946038
924 5.335776914946038
925 5.335776914946038
926 4.563256605785497
927 4.563256605785497
928 4.563256605785497
929 4.563256605785497
930 4.652081083666029
931 4.652081083666029
932 4.652081083666029
933 4.652081083666029
934 4.382740242418514
935 4.382740242418514
936 4.382740242418514
937 4.382740242418514
938 5.155679342820681
939 5.155679342820681
940 2.6108561576794376
941 2.6108561576794376
942 2.6108561576794376
943 2.6108561576794376
944 1.9467603557975162
945 1.9467603557975162
946 1.9467603557975162
947 1.9467603557975162
948 1.8448978914099092
949 1.8448978914099092
950 1.8448978914099092
951 1.8448978914099092
952 2.0249335165785
953 2.0249335165785
954 2.0249335165785
955 2.0249335165785
956 1.9111733885845377
957 1.9111733885845377
958 1.9111733885845377
959 1.9111733885845377
960 2.9725330592033967
961 2.9725330592033967
962 2.9725330592033967
963 2.9725330592033967
964 1.2812474945374388
965 1.2812474945374388
966 1.2812474945374388
967 1.2812474945374388
968 2.279776380952649
969 2.279776380952649
970 2.279776380952649
971 2.279776380952649
972 3.113920461277499
973 3.113920461277499
974 3.113920461277499
975 3.113920461277499
976 2.547418928887659
977 2.547418928887659
978 2.547418928887659
979 2.547418928887659
980 2.403793549161337
981 2.403793549161337
982 2.403793549161337
983 2.403793549161337
984 1.5198070770296024
985 1.5198070770296024
986 1.5198070770296024
987 1.5198070770296024
988 0.9121679810234952
989 0.9121679810234952
990 0.9121679810234952
991 0.9121679810234952
992 0.5717668446288289
993 0.5717668446288289
994 0.5717668446288289
995 0.5717668446288289
996 0.6415136004983866
997 0.6415136004983866
998 0.6415136004983866
999 0.6415136004983866
1000 0.6296967973991786
1001 0.6296967973991786
1002 0.6296967973991786
1003 0.6296967973991786
1004 0.42958092270706405
1005 0.42958092270706405
1006 0.42958092270706405
1007 0.42958092270706405
1008 0.8215758900651172
1009 0.8215758900651172
1010 0.8215758900651172
1011 0.8215758900651172
1012 0.8647113763433585
1013 0.8647113763433585
1014 0.8647113763433585
1015 0.8647113763433585
1016 0.5121425239143469
1017 0.5121425239143469
1018 0.5121425239143469
1019 0.5121425239143469
1020 0.9876230490192799
1021 0.9876230490192799
1022 0.9876230490192799
1023 0.9876230490192799
1024 0.765535669401419
1025 0.765535669401419
1026 0.765535669401419
1027 0.765535669401419
1028 0.5161649179704819
1029 0.5161649179704819
1030 0.5161649179704819
1031 0.5161649179704819
1032 0.7240658894734513
1033 0.7240658894734513
1034 0.7240658894734513
1035 0.7240658894734513
1036 0.5756826111436684
1037 0.5756826111436684
1038 0.5756826111436684
1039 0.5756826111436684
1040 0.6199411542979592
1041 0.6199411542979592
1042 0.6199411542979592
1043 0.6199411542979592
1044 0.5062446951752455
1045 0.5062446951752455
1046 0.5062446951752455
1047 0.5062446951752455
1048 0.6522783682275214
1049 0.6522783682275214
1050 0.6522783682275214
1051 0.6522783682275214
1052 0.7420451601798731
1053 0.7420451601798731
1054 0.7420451601798731
1055 0.7420451601798731
1056 0.8409466539667252
1057 0.8409466539667252
1058 0.8409466539667252
1059 0.8409466539667252
1060 0.6160209862248286
1061 0.6160209862248286
1062 0.6160209862248286
1063 0.6160209862248286
1064 0.4984252633860876
1065 0.4984252633860876
1066 0.4984252633860876
1067 0.4984252633860876
1068 0.5291845174642188
1069 0.5291845174642188
1070 0.5291845174642188
1071 0.5291845174642188
1072 0.7334669932767256
1073 0.7334669932767256
1074 0.7334669932767256
1075 0.7334669932767256
1076 0.6027232056042432
1077 0.6027232056042432
1078 0.6027232056042432
1079 0.6027232056042432
1080 0.691459889404917
1081 0.691459889404917
1082 0.691459889404917
1083 0.691459889404917
1084 0.5122852835402821
1085 0.5122852835402821
1086 0.5122852835402821
1087 0.5122852835402821
1088 0.3290780359574009
1089 0.3290780359574009
1090 0.3290780359574009
1091 3.566209550517609
1092 3.566209550517609
1093 3.566209550517609
1094 3.566209550517609
1095 3.0868758946753796
1096 3.0868758946753796
1097 3.0868758946753796
1098 3.0868758946753796
1099 3.112365809334052
1100 3.112365809334052
1101 3.112365809334052
1102 3.112365809334052
1103 4.102874742438585
1104 4.102874742438585
1105 4.102874742438585
1106 4.102874742438585
1107 1.8639088763474063
1108 1.8639088763474063
1109 1.8639088763474063
1110 1.8639088763474063
1111 2.541025325619161
1112 2.541025325619161
1113 2.541025325619161
1114 2.541025325619161
1115 4.16566287900068
1116 4.16566287900068
1117 4.16566287900068
1118 4.16566287900068
1119 2.7789934982493567
1120 2.7789934982493567
1121 2.7789934982493567
1122 2.7789934982493567
1123 2.7385845194762135
1124 2.7385845194762135
1125 2.7385845194762135
1126 2.7385845194762135
1127 3.87938217767179
1128 3.87938217767179
1129 3.87938217767179
1130 3.87938217767179
1131 2.8940359367811768
1132 2.8940359367811768
1133 2.8940359367811768
1134 2.8940359367811768
1135 4.213323444803605
1136 4.213323444803605
1137 4.213323444803605
1138 4.213323444803605
1139 2.1109949648360464
1140 2.1109949648360464
1141 2.1109949648360464
1142 2.1109949648360464
1143 2.37716196499629
1144 2.37716196499629
1145 2.37716196499629
1146 2.37716196499629
1147 4.449092671317507
1148 4.449092671317507
1149 4.449092671317507
1150 4.449092671317507
1151 3.3968270461889376
1152 3.3968270461889376
1153 3.3968270461889376
1154 3.3968270461889376
1155 4.06364634088665
1156 4.06364634088665
1157 4.06364634088665
1158 4.06364634088665
1159 3.1954503426255414
1160 3.1954503426255414
1161 3.1954503426255414
1162 3.1954503426255414
1163 3.327427290935051
1164 3.327427290935051
1165 3.327427290935051
1166 3.327427290935051
1167 3.5797852928330083
1168 3.5797852928330083
1169 3.5797852928330083
1170 3.5797852928330083
1171 3.4609607099005917
1172 3.4609607099005917
1173 3.4609607099005917
1174 3.4609607099005917
1175 3.526069657976127
1176 3.526069657976127
1177 3.526069657976127
1178 3.526069657976127
1179 2.972738965310384
1180 2.972738965310384
1181 2.972738965310384
1182 2.972738965310384
1183 2.766844157843503
1184 2.766844157843503
1185 2.766844157843503
1186 2.766844157843503
1187 3.3639479080264847
1188 3.3639479080264847
1189 3.3639479080264847
1190 3.3639479080264847
1191 2.5424667715562
1192 2.5424667715562
1193 2.5424667715562
1194 2.5424667715562
1195 2.8415272726445897
1196 2.8415272726445897
1197 2.8415272726445897
1198 2.8415272726445897
1199 3.5896687753548333
1200 3.5896687753548333
1201 3.5896687753548333
1202 3.5896687753548333
1203 3.9071036031874096
1204 3.9071036031874096
1205 3.9071036031874096
1206 3.9071036031874096
1207 4.13957620184973
1208 4.13957620184973
1209 4.13957620184973
1210 4.13957620184973
1211 2.535173273849613
1212 2.535173273849613
1213 2.535173273849613
1214 2.535173273849613
1215 2.732778740125
1216 2.732778740125
1217 2.732778740125
1218 2.732778740125
1219 2.154296773432929
1220 2.154296773432929
1221 2.154296773432929
1222 2.154296773432929
1223 2.8422629387556544
1224 1.6289379423422488
1225 1.6289379423422488
1226 1.6289379423422488
1227 1.6289379423422488
1228 1.3882185789087047
1229 1.3882185789087047
1230 1.3882185789087047
1231 1.3882185789087047
1232 0.7015477367913566
1233 0.7015477367913566
1234 0.7015477367913566
1235 0.7015477367913566
1236 1.5127485487830163
1237 1.5127485487830163
1238 1.5127485487830163
1239 1.5127485487830163
1240 0.9021036194271921
1241 0.9021036194271921
1242 0.9021036194271921
1243 0.9021036194271921
1244 1.1218036863165513
1245 1.1218036863165513
1246 1.1218036863165513
1247 1.1218036863165513
1248 1.1755984205828498
1249 1.1755984205828498
1250 1.1755984205828498
1251 1.1755984205828498
1252 1.2217322672152362
1253 1.2217322672152362
1254 1.2217322672152362
1255 1.2217322672152362
1256 1.0532149388889351
1257 1.0532149388889351
1258 1.0532149388889351
1259 1.0532149388889351
1260 0.46068354075289397
1261 0.46068354075289397
1262 0.46068354075289397
1263 0.46068354075289397
1264 1.4398524897570062
1265 1.4398524897570062
1266 1.4398524897570062
1267 1.4398524897570062
1268 1.4418282984150845
1269 1.4418282984150845
1270 1.4418282984150845
1271 1.4418282984150845
1272 0.9533111553258875
1273 0.9533111553258875
1274 0.9533111553258875
1275 0.9533111553258875
1276 2.692654697542484
1277 2.692654697542484
1278 2.692654697542484
1279 2.692654697542484
1280 2.477299056346584
1281 2.477299056346584
1282 2.477299056346584
1283 2.477299056346584
1284 2.979692364651761
1285 2.979692364651761
1286 2.979692364651761
1287 2.979692364651761
1288 3.9598845318165115
1289 3.9598845318165115
1290 3.9598845318165115
1291 3.9598845318165115
1292 3.167631688795098
1293 3.167631688795098
1294 3.167631688795098
1295 3.167631688795098
1296 4.4824233864014325
1297 4.4824233864014325
1298 4.4824233864014325
1299 4.4824233864014325
1300 3.8400981707468764
1301 3.8400981707468764
1302 3.8400981707468764
1303 3.8400981707468764
1304 2.452495287724176
1305 2.452495287724176
1306 2.452495287724176
1307 2.452495287724176
1308 1.3270337507887122
1309 1.3270337507887122
1310 1.3270337507887122
1311 1.3270337507887122
1312 3.6126747183286017
1313 3.6126747183286017
1314 3.6126747183286017
1315 3.6126747183286017
1316 3.7465827222587578
1317 3.7465827222587578
1318 3.7465827222587578
1319 3.7465827222587578
1320 4.752076423762045
1321 4.752076423762045
1322 4.752076423762045
1323 4.752076423762045
1324 1.951306595807682
1325 1.951306595807682
1326 1.951306595807682
1327 1.951306595807682
1328 3.420946527436729
1329 3.420946527436729
1330 3.420946527436729
1331 3.420946527436729
1332 3.692571510368963
1333 3.692571510368963
1334 3.692571510368963
1335 3.692571510368963
1336 2.808288256544987
1337 2.808288256544987
1338 2.808288256544987
1339 2.808288256544987
1340 3.90272901463687
1341 3.90272901463687
1342 0.9131039759202446
1343 0.9131039759202446
1344 0.9131039759202446
1345 0.9131039759202446
1346 1.2617994324003212
1347 1.2617994324003212
1348 1.2617994324003212
1349 1.2617994324003212
1350 1.1799316097368606
1351 1.1799316097368606
1352 2.5542405610986685
1353 2.5542405610986685
1354 2.5542405610986685
1355 2.5542405610986685
1356 2.331003288725462
1357 2.331003288725462
1358 2.331003288725462
1359 2.331003288725462
1360 2.7472659512790356
1361 2.7472659512790356
1362 2.7472659512790356
1363 2.7472659512790356
1364 2.3901778883755016
1365 2.3901778883755016
1366 2.3901778883755016
1367 2.3901778883755016
1368 1.4644160543379594
1369 1.4644160543379594
1370 1.4644160543379594
1371 1.4644160543379594
1372 2.094677911730128
1373 2.094677911730128
1374 2.094677911730128
1375 2.094677911730128
1376 1.5729689971982026
1377 1.5729689971982026
1378 1.5729689971982026
1379 1.5729689971982026
1380 2.05998769320842
1381 2.05998769320842
1382 2.05998769320842
1383 2.05998769320842
1384 2.3486279151144274
1385 2.3486279151144274
1386 2.3486279151144274
1387 2.3486279151144274
1388 2.7063434720780144
1389 2.7063434720780144
1390 2.7063434720780144
1391 2.7063434720780144
1392 2.756589353703535
1393 2.756589353703535
1394 2.756589353703535
1395 2.756589353703535
1396 2.503999272854892
1397 2.503999272854892
1398 2.503999272854892
1399 2.503999272854892
1400 3.1457087082401065
1401 3.1457087082401065
1402 3.1457087082401065
1403 3.1457087082401065
1404 1.5373464110085149
1405 1.5373464110085149
1406 1.5373464110085149
1407 0.9583766816457487
1408 0.9583766816457487
1409 0.9583766816457487
1410 0.9583766816457487
1411 2.335037113603477
1412 2.335037113603477
1413 2.335037113603477
1414 2.335037113603477
1415 1.8370739921031747
1416 1.8370739921031747
1417 1.8370739921031747
1418 1.8370739921031747
1419 2.0824218744832845
1420 2.0824218744832845
1421 2.0824218744832845
1422 2.0824218744832845
1423 1.566603553105627
1424 1.566603553105627
1425 1.566603553105627
1426 1.566603553105627
1427 1.322579053706399
1428 1.322579053706399
1429 1.322579053706399
1430 1.322579053706399
1431 1.96565103945026
1432 1.96565103945026
1433 1.96565103945026
1434 1.96565103945026
1435 2.132561068520512
1436 2.132561068520512
1437 2.132561068520512
1438 2.132561068520512
1439 1.8570667096964595
1440 1.8570667096964595
1441 1.8570667096964595
1442 1.8570667096964595
1443 1.763671439741124
1444 1.763671439741124
1445 1.763671439741124
1446 1.763671439741124
1447 1.809321870871214
1448 1.809321870871214
1449 1.809321870871214
1450 1.809321870871214
1451 2.085890611662641
1452 2.085890611662641
1453 2.085890611662641
1454 2.085890611662641
1455 1.3440023493997533
1456 1.3440023493997533
1457 1.3440023493997533
1458 1.3440023493997533
1459 2.533320733907699
1460 2.533320733907699
1461 2.533320733907699
1462 2.533320733907699
1463 2.1860233997485206
1464 2.1860233997485206
1465 2.1860233997485206
1466 2.1860233997485206
1467 1.246056100604299
1468 1.246056100604299
1469 1.246056100604299
1470 1.246056100604299
1471 1.3155793221679513
1472 1.3155793221679513
1473 1.3155793221679513
1474 1.3155793221679513
1475 2.3601718262288056
1476 2.3601718262288056
1477 2.3601718262288056
1478 2.3601718262288056
1479 0.9034348319169451
1480 0.9034348319169451
1481 0.9034348319169451
1482 0.9034348319169451
1483 1.3172074082979814
1484 1.3172074082979814
1485 1.3172074082979814
1486 1.3172074082979814
1487 1.5672220777791033
1488 1.5672220777791033
1489 1.5672220777791033
1490 1.5672220777791033
1491 1.9662296180448253
1492 1.9662296180448253
1493 1.9662296180448253
1494 1.9662296180448253
1495 1.0572134524796457
1496 1.0572134524796457
1497 1.0572134524796457
1498 1.0572134524796457
1499 1.4814744582898627
1500 1.4814744582898627
1501 1.4814744582898627
1502 1.4814744582898627
1503 1.7268949205163784
1504 1.7268949205163784
1505 1.7268949205163784
1506 1.7268949205163784
1507 2.172280744137521
1508 2.172280744137521
1509 2.172280744137521
1510 2.172280744137521
1511 1.1403896891868672
1512 1.1403896891868672
1513 1.1403896891868672
1514 1.1403896891868672
1515 1.2414254244195853
1516 1.2414254244195853
1517 1.2414254244195853
1518 1.2414254244195853
1519 1.2848292723074197
1520 1.2848292723074197
1521 1.2848292723074197
1522 1.2848292723074197
1523 1.01312397133163
1524 1.01312397133163
1525 1.01312397133163
1526 1.01312397133163
1527 1.6978592175976146
1528 1.6978592175976146
1529 1.6978592175976146
1530 1.6978592175976146
1531 1.2579971518116226
1532 1.2579971518116226
1533 1.2579971518116226
1534 1.2579971518116226
1535 1.1553332121196813
1536 1.1553332121196813
1537 1.1553332121196813
1538 1.1553332121196813
1539 1.2466717546316415
1540 1.2466717546316415
1541 1.2466717546316415
1542 1.2466717546316415
1543 1.7054293009600554
1544 1.7054293009600554
1545 1.7054293009600554
1546 1.7054293009600554
1547 1.5713641554920206
1548 1.5713641554920206
1549 1.5713641554920206
1550 1.5713641554920206
1551 1.6732918564782122
1552 1.6732918564782122
1553 1.6732918564782122
1554 1.6732918564782122
1555 1.493106402230829
1556 1.493106402230829
1557 1.493106402230829
1558 1.493106402230829
1559 1.4248013166881786
1560 1.4248013166881786
1561 1.4248013166881786
1562 1.4248013166881786
1563 1.588331893346169
1564 1.588331893346169
1565 1.588331893346169
1566 1.588331893346169
1567 2.2607283436849883
1568 2.2607283436849883
1569 2.2607283436849883
1570 2.2607283436849883
1571 1.4435292129229744
1572 1.4435292129229744
1573 1.4435292129229744
1574 1.4435292129229744
1575 0.9312011548376945
1576 0.9312011548376945
1577 0.9312011548376945
1578 0.9312011548376945
1579 2.3564574833769476
1580 2.3564574833769476
1581 2.3564574833769476
1582 2.3564574833769476
1583 1.4104834519025309
1584 1.4104834519025309
1585 1.4104834519025309
1586 1.4104834519025309
1587 0.4519157122143267
1588 0.4519157122143267
1589 0.4519157122143267
1590 0.4519157122143267
1591 1.5347607203844778
1592 1.5347607203844778
1593 1.5347607203844778
1594 1.5347607203844778
1595 1.3139980904004145
1596 1.3139980904004145
1597 1.3139980904004145
1598 1.3139980904004145
1599 2.4039855276332025
1600 2.4039855276332025
1601 2.4039855276332025
1602 2.4039855276332025
1603 0.8327410638630928
1604 0.8327410638630928
1605 0.8327410638630928
1606 0.8327410638630928
1607 0.7832848095304753
1608 0.7832848095304753
1609 0.7832848095304753
1610 0.7832848095304753
1611 0.8930840491670736
1612 0.8930840491670736
1613 0.8930840491670736
1614 0.8930840491670736
1615 2.0667894736208052
1616 2.0667894736208052
1617 2.0667894736208052
1618 2.0667894736208052
1619 2.0237158518572205
1620 2.0237158518572205
1621 2.0237158518572205
1622 2.0237158518572205
1623 1.1310857837287078
1624 1.1310857837287078
1625 1.1310857837287078
1626 1.1310857837287078
1627 2.3336615997384618
1628 2.3336615997384618
1629 2.3336615997384618
1630 2.3336615997384618
1631 1.926341487609842
1632 1.926341487609842
1633 1.926341487609842
1634 1.926341487609842
1635 1.3271539838154183
1636 1.3271539838154183
1637 1.3271539838154183
1638 1.3271539838154183
1639 1.6324901903920135
1640 1.6324901903920135
1641 1.6324901903920135
1642 1.6324901903920135
1643 1.4950944371543107
1644 1.4950944371543107
1645 1.4950944371543107
1646 1.4950944371543107
1647 1.7190940085339492
1648 1.7190940085339492
1649 1.7190940085339492
1650 1.7190940085339492
1651 2.3822079596413386
1652 2.3822079596413386
1653 2.3822079596413386
1654 2.3822079596413386
1655 1.4515138108201795
1656 1.4515138108201795
1657 1.4515138108201795
1658 1.4515138108201795
1659 1.4935020892376405
1660 1.4935020892376405
1661 1.4935020892376405
1662 1.4935020892376405
1663 1.015066784983663
1664 1.015066784983663
1665 1.015066784983663
1666 1.015066784983663
1667 1.9958224341521638
1668 2.4797016601255315
1669 4.735325529846563
1670 4.735325529846563
1671 4.735325529846563
1672 4.735325529846563
1673 5.146228608580234
1674 5.146228608580234
1675 5.146228608580234
1676 5.146228608580234
1677 3.790639384326335
1678 3.790639384326335
1679 3.790639384326335
1680 3.790639384326335
1681 3.9041606885346085
1682 3.9041606885346085
1683 3.9041606885346085
1684 3.9041606885346085
1685 3.865616435890513
1686 3.865616435890513
1687 3.865616435890513
1688 3.865616435890513
1689 2.415071745513189
1690 2.415071745513189
1691 2.415071745513189
1692 2.415071745513189
1693 3.9785940938278554
1694 3.9785940938278554
1695 3.9785940938278554
1696 3.9785940938278554
1697 2.671510374361482
1698 2.671510374361482
1699 2.671510374361482
1700 2.671510374361482
1701 2.5575092694068413
1702 2.5575092694068413
1703 2.5575092694068413
1704 2.5575092694068413
1705 2.0869574696335267
1706 2.0869574696335267
1707 2.0869574696335267
1708 2.0869574696335267
1709 4.044675967542334
1710 4.044675967542334
1711 4.044675967542334
1712 4.044675967542334
1713 4.703544329072025
1714 4.703544329072025
1715 4.703544329072025
1716 4.703544329072025
1717 1.327621313463892
1718 1.327621313463892
1719 1.327621313463892
1720 1.327621313463892
1721 5.923413161878929
1722 5.923413161878929
1723 2.838897421783288
1724 2.838897421783288
1725 2.838897421783288
1726 2.838897421783288
1727 2.923105349168688
1728 2.923105349168688
1729 2.923105349168688
1730 2.923105349168688
1731 2.656866474322736
1732 2.656866474322736
1733 2.656866474322736
1734 2.656866474322736
1735 3.103325408783847
1736 3.103325408783847
1737 3.103325408783847
1738 3.103325408783847
1739 2.5000672806708555
1740 2.5000672806708555
1741 2.5000672806708555
1742 2.5000672806708555
1743 3.1564479327800483
1744 3.1564479327800483
1745 3.1564479327800483
1746 3.1564479327800483
1747 3.8342733367437862
1748 3.8342733367437862
1749 3.8342733367437862
1750 3.8342733367437862
1751 2.1437495283264414
1752 2.1437495283264414
1753 2.1437495283264414
1754 2.1437495283264414
1755 3.6089409441031544
1756 3.6089409441031544
1757 3.6089409441031544
1758 3.6089409441031544
1759 2.7873249863971776
1760 2.7873249863971776
1761 2.7873249863971776
1762 2.7873249863971776
1763 4.146274565477284
1764 4.146274565477284
1765 4.146274565477284
1766 4.146274565477284
1767 3.4144979208349606
1768 3.4144979208349606
1769 3.4144979208349606
1770 0.5520339309450124
1771 0.5520339309450124
1772 0.5520339309450124
1773 0.5520339309450124
1774 2.8688976289194157
1775 2.8688976289194157
1776 2.8688976289194157
1777 2.8688976289194157
1778 2.670442086231174
1779 2.670442086231174
1780 2.670442086231174
1781 2.670442086231174
1782 2.924899433065011
1783 2.924899433065011
1784 2.924899433065011
1785 2.924899433065011
1786 2.8628060636973123
1787 2.8628060636973123
1788 2.8628060636973123
1789 2.8628060636973123
1790 2.3497432930499254
1791 2.3497432930499254
1792 2.3497432930499254
1793 2.3497432930499254
1794 2.300469555081271
1795 2.300469555081271
1796 2.300469555081271
1797 2.300469555081271
1798 3.7550535750338967
1799 3.7550535750338967
1800 3.7550535750338967
1801 3.7550535750338967
1802 3.616500559736539
1803 3.616500559736539
1804 3.616500559736539
1805 3.616500559736539
1806 3.666020032409252
1807 3.666020032409252
1808 3.666020032409252
1809 3.666020032409252
1810 3.255708722893916
1811 3.255708722893916
1812 3.255708722893916
1813 3.255708722893916
1814 6.041861735919877
1815 6.041861735919877
1816 6.041861735919877
1817 6.041861735919877
1818 5.828000288137619
1819 5.828000288137619
1820 5.828000288137619
1821 5.828000288137619
1822 2.7557397271144
1823 2.7557397271144
1824 2.7557397271144
1825 2.7557397271144
1826 4.9304241320207005
1827 4.9304241320207005
1828 4.9304241320207005
1829 4.9304241320207005
1830 3.8070553720398252
1831 3.8070553720398252
1832 3.8070553720398252
1833 3.8070553720398252
1834 2.8650047488648402
1835 2.8650047488648402
1836 2.8650047488648402
1837 2.8650047488648402
1838 4.519863191408441
1839 4.519863191408441
1840 4.519863191408441
1841 4.519863191408441
1842 5.377703376909318
1843 5.377703376909318
1844 5.377703376909318
1845 5.377703376909318
1846 5.410565141584236
1847 5.410565141584236
1848 5.410565141584236
1849 5.410565141584236
1850 5.629640585486063
1851 5.629640585486063
1852 5.629640585486063
1853 5.629640585486063
1854 3.628032324356916
1855 3.628032324356916
1856 3.628032324356916
1857 3.628032324356916
1858 4.744726171899151
1859 4.744726171899151
1860 4.744726171899151
1861 4.744726171899151
1862 2.881922506112547
1863 2.881922506112547
1864 2.881922506112547
1865 2.881922506112547
1866 5.099794822092863
1867 5.099794822092863
1868 5.099794822092863
1869 5.099794822092863
1870 4.411416575224453
1871 4.411416575224453
1872 4.411416575224453
1873 4.411416575224453
1874 4.560357175514288
1875 4.560357175514288
1876 4.560357175514288
1877 4.560357175514288
1878 4.459139323735465
1879 4.459139323735465
1880 4.459139323735465
1881 4.459139323735465
1882 5.018074931269693
1883 5.018074931269693
1884 1.400864517536183
1885 1.400864517536183
1886 1.400864517536183
1887 1.400864517536183
1888 1.0195975478970418
1889 1.0195975478970418
1890 1.0195975478970418
1891 1.0195975478970418
1892 1.498557431475883
1893 1.498557431475883
1894 1.498557431475883
1895 1.498557431475883
1896 1.0405158540695818
1897 1.0405158540695818
1898 1.0405158540695818
1899 1.0405158540695818
1900 1.1093123162499348
1901 1.1093123162499348
1902 1.1093123162499348
1903 1.1093123162499348
1904 1.002463491760346
1905 1.002463491760346
1906 1.002463491760346
1907 1.002463491760346
1908 0.9692428345137439
1909 0.9692428345137439
1910 0.9692428345137439
1911 0.9692428345137439
1912 2.9579630719105046
1913 2.9579630719105046
1914 2.9579630719105046
1915 2.9579630719105046
1916 2.871574585536741
1917 0.9536245370449872
1918 1.9462753066259102
1919 1.9462753066259102
1920 1.9462753066259102
1921 1.9462753066259102
1922 1.6057102300567099
1923 1.6057102300567099
1924 1.6057102300567099
1925 1.6057102300567099
1926 2.015920441795365
1927 2.015920441795365
1928 2.015920441795365
1929 2.015920441795365
1930 1.61579857187117
1931 1.61579857187117
1932 1.61579857187117
1933 1.61579857187117
1934 1.9391960460417688
1935 1.9391960460417688
1936 1.9391960460417688
1937 1.9391960460417688
1938 1.9650290085431088
1939 1.9650290085431088
1940 1.9650290085431088
1941 1.9650290085431088
1942 1.3512345249922197
1943 1.3512345249922197
1944 1.3512345249922197
1945 1.3512345249922197
1946 1.6473215664487937
1947 1.6473215664487937
1948 1.6473215664487937
1949 1.6473215664487937
1950 2.4417253778913364
1951 2.4417253778913364
1952 2.4417253778913364
1953 2.4417253778913364
1954 2.0078299600795986
1955 2.0078299600795986
1956 2.0078299600795986
1957 2.0078299600795986
1958 2.665369490680309
1959 2.665369490680309
1960 2.665369490680309
1961 2.665369490680309
1962 2.264575192064637
1963 2.264575192064637
1964 2.264575192064637
1965 2.264575192064637
1966 1.797230956084624
1967 1.797230956084624
1968 1.797230956084624
1969 1.797230956084624
1970 0.8469831455776824
1971 0.8469831455776824
1972 0.8469831455776824
1973 0.8469831455776824
1974 2.7273661159013454
1975 2.045512615110499
1976 2.045512615110499
1977 2.045512615110499
1978 2.045512615110499
1979 3.445409836141082
1980 3.445409836141082
1981 3.445409836141082
1982 3.445409836141082
1983 3.053836817047736
1984 3.053836817047736
1985 3.053836817047736
1986 3.053836817047736
1987 2.9001202101310435
1988 0.845661840183513
1989 0.845661840183513
1990 0.845661840183513
1991 0.845661840183513
1992 0.8260941932538082
1993 0.8260941932538082
1994 0.8260941932538082
1995 0.8260941932538082
1996 0.5526116087012469
1997 0.5526116087012469
1998 1.7268251020680623
1999 1.7268251020680623
