0 3.856543556401343
1 3.856543556401343
2 4.020235210809682
3 4.020235210809682
4 4.365847113134773
5 4.365847113134773
6 2.827427788418811
7 2.827427788418811
8 2.204584826459527
9 2.204584826459527
10 3.5407442763448493
11 3.5407442763448493
12 3.587361575411765
13 3.587361575411765
14 2.7603899951086204
15 2.7603899951086204
16 2.8639567444379925
17 2.8639567444379925
18 3.766584731454752
19 3.766584731454752
20 3.4293715385795025
21 3.4293715385795025
22 3.8242298967500252
23 3.8242298967500252
24 3.6917100234487275
25 3.6917100234487275
26 3.5018711644499
27 3.5018711644499
28 2.4857214266754113
29 2.4857214266754113
30 3.350954332676504
31 3.350954332676504
32 2.8894912066599328
33 2.8894912066599328
34 3.6174957023670644
35 3.6174957023670644
36 4.339253900955373
37 4.339253900955373
38 3.606021736905475
39 3.606021736905475
40 4.289112266925505
41 4.289112266925505
42 3.4237634995083615
43 3.4237634995083615
44 4.014516935984734
45 4.014516935984734
46 3.017324215597864
47 3.017324215597864
48 3.2220255937253173
49 3.2220255937253173
50 3.4416495703377596
51 3.4416495703377596
52 3.083061374720545
53 3.083061374720545
54 3.124269794314023
55 3.124269794314023
56 2.414066564682029
57 2.414066564682029
58 3.6365828436750602
59 3.6365828436750602
60 3.233760746159029
61 3.233760746159029
62 3.669646911334593
63 3.669646911334593
64 2.9603238461126087
65 2.9603238461126087
66 2.650978898953534
67 2.650978898953534
68 3.647319133058358
69 3.647319133058358
70 3.4510710212380475
71 3.4510710212380475
72 2.988815323587308
73 2.988815323587308
74 3.3072381781606444
75 3.3072381781606444
76 4.458816550610818
77 4.458816550610818
78 3.648549596624001
79 3.648549596624001
80 3.8148180723721543
81 3.8148180723721543
82 3.386469076074275
83 3.386469076074275
84 4.098764540407667
85 4.098764540407667
86 3.0053925698649846
87 3.0053925698649846
88 3.480182765177919
89 3.480182765177919
90 3.0230834762067453
91 3.0230834762067453
92 3.452154259712883
93 3.452154259712883
94 3.8677132752331858
95 3.8677132752331858
96 3.697904088424332
97 3.697904088424332
98 2.95256215792271
99 2.95256215792271
100 3.3988483379731536
101 3.3988483379731536
102 3.7418659097810325
103 3.7418659097810325
104 3.6186770763508056
105 3.6186770763508056
106 1.9923917572985153
107 1.9923917572985153
108 3.9446425928237874
109 3.9446425928237874
110 3.3566922646070694
111 3.3566922646070694
112 3.2945625478257416
113 3.2945625478257416
114 3.695793725790335
115 3.695793725790335
116 4.3808061779809995
117 4.3808061779809995
118 2.8218397321784208
119 2.8218397321784208
120 3.594949437443225
121 3.594949437443225
122 4.039585571428476
123 4.039585571428476
124 3.861264893716188
125 3.861264893716188
126 4.376023373760937
127 4.376023373760937
128 3.004682367501423
129 3.004682367501423
130 2.9736508818810248
131 2.9736508818810248
132 4.069482733161104
133 4.069482733161104
134 2.9550399148344813
135 2.9550399148344813
136 4.519856431572104
137 4.519856431572104
138 3.7587238736983717
139 3.7587238736983717
140 3.3304752547232597
141 3.3304752547232597
142 3.5095427443998166
143 3.5095427443998166
144 2.604330602235134
145 2.604330602235134
146 3.120223330353911
147 3.120223330353911
148 2.3240721358185943
149 2.3240721358185943
150 3.6195416892153798
151 3.6195416892153798
152 3.5105243781872906
153 3.5105243781872906
154 3.9870615758338577
155 3.9870615758338577
156 3.0900098089427166
157 3.0900098089427166
158 4.371763646022559
159 4.371763646022559
160 4.199393712492423
161 4.199393712492423
162 4.332053354968478
163 4.332053354968478
164 3.0516346799215506
165 3.0516346799215506
166 4.6919870225795215
167 4.6919870225795215
168 3.406527589079225
169 3.406527589079225
170 2.8558020123728936
171 2.8558020123728936
172 3.122776519106494
173 3.122776519106494
174 4.282712780272389
175 4.282712780272389
176 3.6647464381499932
177 3.6647464381499932
178 2.304243697876095
179 2.304243697876095
180 3.4723102259076626
181 3.4723102259076626
182 3.990604341301623
183 3.990604341301623
184 3.010216040143872
185 3.010216040143872
186 3.8343426696565626
187 3.8343426696565626
188 3.766166441137717
189 1.7087846192484015
190 3.8959807077403465
191 3.8959807077403465
192 3.694282501400324
193 3.694282501400324
194 3.394274999060427
195 3.394274999060427
196 3.5746497671237205
197 3.5746497671237205
198 3.692411204656426
199 3.692411204656426
200 3.280326626759506
201 3.280326626759506
202 3.456390119101026
203 3.456390119101026
204 3.9258054789298726
205 3.9258054789298726
206 2.3909492165831754
207 2.3909492165831754
208 0.7148186228017909
209 0.7148186228017909
210 0.7578106674450171
211 0.7578106674450171
212 0.6193611850325386
213 0.6193611850325386
214 0.6208590864440654
215 0.6208590864440654
216 0.47889070654574684
217 0.47889070654574684
218 0.6335951737445249
219 0.6335951737445249
220 0.5615653393339817
221 0.5615653393339817
222 0.4082289695443413
223 0.4082289695443413
224 0.5571142457601118
225 0.5571142457601118
226 0.7591932300221952
227 0.7591932300221952
228 0.46100562328106076
229 0.46100562328106076
230 0.6700976435211641
231 0.6700976435211641
232 3.9796769845041986
233 3.9796769845041986
234 3.0336756667950375
235 3.0336756667950375
236 2.8694443044766524
237 2.8694443044766524
238 3.5437907919430955
239 3.5437907919430955
240 4.425421489840883
241 4.425421489840883
242 3.3089082605819966
243 3.3089082605819966
244 2.7901859158917848
245 2.7901859158917848
246 4.309308109189958
247 4.309308109189958
248 2.8370469667905365
249 2.8370469667905365
250 3.6643314032624947
251 3.6643314032624947
252 4.428495284830722
253 4.428495284830722
254 4.1506236494429105
255 4.1506236494429105
256 2.358154900142412
257 2.358154900142412
258 3.017884341532077
259 3.017884341532077
260 3.0703032460985877
261 3.0703032460985877
262 3.184413279469048
263 3.184413279469048
264 4.423394761642085
265 4.423394761642085
266 4.128040716423174
267 4.128040716423174
268 3.6166966792718447
269 3.6166966792718447
270 3.124482771813481
271 3.124482771813481
272 2.8490141728875873
273 2.8490141728875873
274 3.473973183442477
275 3.473973183442477
276 3.1336835222531043
277 3.1336835222531043
278 3.638499247660301
279 3.638499247660301
280 2.3526537393288782
281 2.3526537393288782
282 2.61996839518544
283 2.61996839518544
284 3.508710062766829
285 3.508710062766829
286 3.4170184470315594
287 3.4170184470315594
288 3.3212049143315947
289 3.3212049143315947
290 3.9034706859603885
291 3.9034706859603885
292 3.205152838821215
293 3.205152838821215
294 2.7425179446021577
295 2.7425179446021577
296 3.61464927964596
297 3.61464927964596
298 2.370542926713929
299 2.370542926713929
300 3.1837283999759167
301 3.1837283999759167
302 2.844493433614142
303 2.844493433614142
304 2.5721106227528874
305 0.816786472083937
306 0.816786472083937
307 0.7813827966484613
308 0.7813827966484613
309 0.6740846016238834
310 0.6740846016238834
311 0.7375169017315797
312 0.7375169017315797
313 0.5756450150667896
314 0.5756450150667896
315 0.8059167224016768
316 0.8059167224016768
317 0.6133660507728227
318 0.6133660507728227
319 0.7619261689934473
320 0.7619261689934473
321 0.7663179372872384
322 0.7663179372872384
323 0.6893864401103668
324 0.6893864401103668
325 0.6409054331949646
326 0.6409054331949646
327 0.8378433074150773
328 0.8378433074150773
329 0.6880953545323596
330 0.6880953545323596
331 0.6885976547755491
332 0.6885976547755491
333 0.7024572360553517
334 0.7024572360553517
335 0.6346613724468559
336 0.6346613724468559
337 0.6275256921267767
338 0.6275256921267767
339 0.6221866535943686
340 0.6221866535943686
341 0.7774214905269351
342 0.7774214905269351
343 0.7612941423449737
344 0.7612941423449737
345 0.4011526605592334
346 0.4011526605592334
347 0.7846093402238745
348 0.7846093402238745
349 0.6643134801016699
350 0.6643134801016699
351 0.5962153182364269
352 0.5962153182364269
353 0.7386133991454206
354 0.7386133991454206
355 0.48835429138860276
356 0.48835429138860276
357 1.8504967414163045
358 1.8504967414163045
359 2.121701141365577
360 2.121701141365577
361 2.0813331178333363
362 2.0813331178333363
363 2.1279302151854242
364 2.1279302151854242
365 2.265549873008999
366 2.265549873008999
367 2.0373514644844937
368 2.0373514644844937
369 2.1869933918410838
370 2.1869933918410838
371 2.009235860275256
372 2.009235860275256
373 2.2042976849813596
374 2.2042976849813596
375 1.8984567669298782
376 1.8984567669298782
377 2.110485955989683
378 2.110485955989683
379 2.023167944705579
380 2.023167944705579
381 2.5266387951859697
382 2.5266387951859697
383 1.5677613908890935
384 1.5677613908890935
385 2.1879777710208663
386 2.1879777710208663
387 2.1553260883090046
388 2.1553260883090046
389 2.529711103032219
390 2.529711103032219
391 2.3504763892664866
392 2.3504763892664866
393 1.9609903314220907
394 1.9609903314220907
395 2.2235950029690135
396 2.2235950029690135
397 2.2546528389862406
398 2.2546528389862406
399 1.566431513306181
400 1.566431513306181
401 2.3150145643882123
402 2.3150145643882123
403 1.9458637467803017
404 1.9458637467803017
405 1.7249514234352987
406 1.7249514234352987
407 2.0800735909391044
408 2.0800735909391044
409 1.8499631787326773
410 1.8499631787326773
411 2.137977078980059
412 2.137977078980059
413 2.306293170288899
414 2.306293170288899
415 2.312472096091189
416 2.312472096091189
417 1.9860409701715187
418 1.9860409701715187
419 1.9640737785590492
420 1.9640737785590492
421 1.6121549584014498
422 1.6121549584014498
423 2.0783434057807173
424 2.0783434057807173
425 2.065686654935577
426 2.065686654935577
427 2.280677999764522
428 2.280677999764522
429 1.388379189076833
430 1.388379189076833
431 1.9320388584524493
432 1.9320388584524493
433 1.7859691044672152
434 1.7859691044672152
435 2.1477301570506
436 2.1477301570506
437 2.1673894722497336
438 2.1673894722497336
439 1.701202560058328
440 1.701202560058328
441 1.6491502013984354
442 1.6491502013984354
443 1.3263057188812732
444 1.3263057188812732
445 1.6186906433226569
446 1.6186906433226569
447 1.8443829353911252
448 1.8443829353911252
449 1.9700778355758568
450 1.9700778355758568
451 1.8070865062694064
452 1.8070865062694064
453 2.1525910092213567
454 2.1525910092213567
455 2.4603637150668627
456 2.4603637150668627
457 2.0171293042645932
458 2.0171293042645932
459 2.2195842563728707
460 2.2195842563728707
461 2.2116667942725323
462 2.2116667942725323
463 1.7638559955430557
464 1.7638559955430557
465 2.2835156266556873
466 2.2835156266556873
467 1.683062957978827
468 1.683062957978827
469 2.5661379294947126
470 2.5661379294947126
471 1.180985318602481
472 1.180985318602481
473 2.2045586115033142
474 2.2045586115033142
475 1.7809470851104932
476 1.7809470851104932
477 2.209238039559595
478 2.209238039559595
479 1.4472133417114619
480 1.4472133417114619
481 2.018184220104303
482 2.018184220104303
483 2.1668281475648548
484 2.1668281475648548
485 2.781439722068798
486 2.781439722068798
487 2.4904862682576727
488 2.4904862682576727
489 2.8934676545426368
490 2.8934676545426368
491 3.245839340712233
492 3.245839340712233
493 3.4879704064016694
494 3.4879704064016694
495 3.3006670095716313
496 3.3006670095716313
497 2.819898426407753
498 2.819898426407753
499 3.125407142332952
500 3.125407142332952
501 3.3954126974730006
502 3.3954126974730006
503 2.923241355394857
504 2.923241355394857
505 2.4627891194003566
506 2.4627891194003566
507 3.6610888086966455
508 3.6610888086966455
509 2.9768357809460126
510 2.9768357809460126
511 3.453665461887553
512 3.453665461887553
513 3.303082010648942
514 3.303082010648942
515 2.9808855237025895
516 2.9808855237025895
517 3.4941819024119676
518 3.4941819024119676
519 2.757570805671078
520 2.757570805671078
521 3.5024389292619174
522 3.5024389292619174
523 3.277605663219006
524 3.277605663219006
525 1.9754908022001012
526 1.9754908022001012
527 2.4261141494952447
528 2.4261141494952447
529 3.02732125450936
530 3.02732125450936
531 3.9203195808813565
532 3.9203195808813565
533 2.5583428141023887
534 2.5583428141023887
535 2.536704402161138
536 2.536704402161138
537 3.4490662164984944
538 3.4490662164984944
539 3.21068450866124
540 3.21068450866124
541 2.41581377838273
542 2.143908822696665
543 2.143908822696665
544 1.8862243427134875
545 1.8862243427134875
546 2.2886391346260067
547 2.2886391346260067
548 1.7620056036024208
549 1.7620056036024208
550 2.1138456068753224
551 2.1138456068753224
552 1.8825113400401612
553 1.8825113400401612
554 1.7521639989570266
555 1.7521639989570266
556 2.5736598584340076
557 2.5736598584340076
558 2.748609523825318
559 2.748609523825318
560 2.7953042000059947
561 2.7953042000059947
562 1.9922740877412664
563 1.9922740877412664
564 2.5797997032237108
565 2.5797997032237108
566 1.7363986680444228
567 1.7363986680444228
568 3.268793819825405
569 3.268793819825405
570 2.5874238021916884
571 2.5874238021916884
572 2.2405006267427505
573 2.2405006267427505
574 2.531843046979129
575 2.531843046979129
576 2.8757011025926884
577 2.8757011025926884
578 2.7564831164359385
579 2.7564831164359385
580 1.703442208036595
581 1.703442208036595
582 2.7387110222563984
583 2.7387110222563984
584 2.3049853629177686
585 2.3049853629177686
586 2.885219480634233
587 2.885219480634233
588 2.472204296859703
589 2.472204296859703
590 2.8836259552256225
591 2.8836259552256225
592 2.1553289752437914
593 2.1553289752437914
594 2.4916984587285937
595 2.4916984587285937
596 3.2430288374896925
597 3.2430288374896925
598 2.571515767980263
599 2.571515767980263
600 2.363973879031045
601 2.363973879031045
602 3.278887828511126
603 3.278887828511126
604 1.496053973929886
605 1.496053973929886
606 2.54961051068897
607 2.54961051068897
608 2.3409288183176717
609 2.3409288183176717
610 2.053537044569488
611 2.053537044569488
612 3.0908760565070215
613 3.0908760565070215
614 2.401911981325073
615 2.401911981325073
616 2.7592583802891464
617 2.7592583802891464
618 2.4097810200869376
619 2.4097810200869376
620 2.0107755717121725
621 2.0107755717121725
622 2.7322410190351363
623 2.7322410190351363
624 2.7256935373965177
625 2.7256935373965177
626 2.5213026718639333
627 2.5213026718639333
628 2.23659550872364
629 2.23659550872364
630 2.429225220144703
631 2.429225220144703
632 2.965558475079692
633 2.965558475079692
634 2.739890298143202
635 2.739890298143202
636 2.5310707170242197
637 2.5310707170242197
638 2.501642264101079
639 2.501642264101079
640 2.5366638379952
641 2.5366638379952
642 2.973648408410167
643 2.973648408410167
644 2.869100968126537
645 2.869100968126537
646 2.664661152848551
647 2.664661152848551
648 3.0297052400437923
649 3.0297052400437923
650 4.626832508982017
651 4.626832508982017
652 3.1255561736638713
653 3.1255561736638713
654 3.1066561368502357
655 3.1066561368502357
656 3.3585967031162625
657 3.3585967031162625
658 3.605143824965143
659 3.605143824965143
660 4.0950614672943715
661 4.0950614672943715
662 2.976699734351327
663 2.976699734351327
664 3.2892055043586557
665 3.2892055043586557
666 3.033148743991657
667 3.033148743991657
668 3.2268606421063466
669 3.2268606421063466
670 4.208026625999172
671 4.208026625999172
672 0.5442464215215735
673 0.5442464215215735
674 0.4060907408389607
675 0.4060907408389607
676 0.5609282618951836
677 0.5609282618951836
678 0.4927157949388823
679 0.4927157949388823
680 0.6345703926484287
681 0.6345703926484287
682 0.7734836059470679
683 0.7734836059470679
684 0.935762648473364
685 0.935762648473364
686 0.7054572046042593
687 0.7054572046042593
688 0.7293900761865011
689 0.7293900761865011
690 0.6443077142226286
691 0.6443077142226286
692 0.6379776341479014
693 0.6379776341479014
694 0.5209510524667231
695 0.5209510524667231
696 0.6885336068356805
697 0.6885336068356805
698 0.6247563163850277
699 0.6247563163850277
700 0.6506959662575681
701 0.6506959662575681
702 0.7237606791952503
703 0.7237606791952503
704 0.6754381242669876
705 0.6754381242669876
706 0.5524425105200497
707 0.5524425105200497
708 0.7245159040155331
709 0.7245159040155331
710 0.644876607413772
711 0.644876607413772
712 0.6619031535375394
713 0.6619031535375394
714 1.8756152307356775
715 1.8756152307356775
716 3.0181434987150206
717 3.0181434987150206
718 3.1031708691772923
719 3.1031708691772923
720 2.37496075575221
721 2.37496075575221
722 3.193748825724961
723 3.193748825724961
724 2.8127910487672474
725 2.8127910487672474
726 2.8951112604392106
727 2.8951112604392106
728 2.9239329554119227
729 2.9239329554119227
730 3.662009725922222
731 3.662009725922222
732 3.0552299094140936
733 3.0552299094140936
734 2.936873558991344
735 2.936873558991344
736 2.806050420331175
737 2.806050420331175
738 2.6517029214408416
739 2.6517029214408416
740 2.8736549195612833
741 2.8736549195612833
742 3.142019411184417
743 3.142019411184417
744 2.1911698104188297
745 2.1911698104188297
746 2.9471342113331738
747 2.9471342113331738
748 2.7183757505603094
749 2.7183757505603094
750 3.2134607867450122
751 3.2134607867450122
752 2.7481516938233126
753 2.7481516938233126
754 3.6955728435762425
755 3.6955728435762425
756 3.3831393247678863
757 3.3831393247678863
758 2.6577198757390827
759 2.6577198757390827
760 2.7495763580999752
761 2.7495763580999752
762 3.3544669720287152
763 3.3544669720287152
764 2.863784008889825
765 2.863784008889825
766 2.4766447425341758
767 2.4766447425341758
768 2.2187855932766363
769 2.2187855932766363
770 3.398563661358203
771 3.398563661358203
772 2.878048004643752
773 2.878048004643752
774 3.369475495488114
775 3.369475495488114
776 3.3090468219186473
777 3.3090468219186473
778 2.8091132869254345
779 2.8091132869254345
780 2.9636376370882287
781 2.9636376370882287
782 2.325286637215866
783 2.325286637215866
784 3.428901248360626
785 3.428901248360626
786 2.9458562270976443
787 2.9458562270976443
788 3.544180277233451
789 3.544180277233451
790 2.746709182795551
791 2.746709182795551
792 3.5163954818046577
793 3.5163954818046577
794 3.198689117516088
795 3.198689117516088
796 3.465528641072547
797 3.465528641072547
798 3.1549204008106786
799 3.1549204008106786
800 3.770829128564701
801 3.770829128564701
802 2.805448437557993
803 2.805448437557993
804 3.1692415417371946
805 3.1692415417371946
806 2.737466473908725
807 2.737466473908725
808 3.0242230440299678
809 3.0242230440299678
810 2.150878244101563
811 2.150878244101563
812 3.339693856618415
813 3.339693856618415
814 4.082747872894983
815 4.082747872894983
816 3.6530754829991867
817 3.6530754829991867
818 2.4456732490711133
819 2.4456732490711133
820 2.5880990578794174
821 2.5880990578794174
822 3.1657641655355837
823 3.1657641655355837
824 1.8237117573885766
825 1.8237117573885766
826 3.2732773276967597
827 3.2732773276967597
828 2.836504100105089
829 2.836504100105089
830 3.6228477710884204
831 3.6228477710884204
832 2.4276973906544694
833 2.4276973906544694
834 2.5571024696751805
835 2.5571024696751805
836 2.9115285660576555
837 2.9115285660576555
838 4.094424705475181
839 4.094424705475181
840 3.3640661915947017
841 3.3640661915947017
842 3.4293841720775156
843 3.4293841720775156
844 1.9249295766236614
845 1.9249295766236614
846 2.7537371925633813
847 2.7537371925633813
848 3.4007943542932297
849 3.4007943542932297
850 2.4921019231333505
851 2.4921019231333505
852 2.8917093299593946
853 2.8917093299593946
854 3.428153180920142
855 3.428153180920142
856 2.7665353784279545
857 2.7665353784279545
858 2.993898248357782
859 2.993898248357782
860 2.319419841402633
861 2.319419841402633
862 3.0161981529525335
863 3.0161981529525335
864 1.8640049695326366
865 1.8640049695326366
866 2.5191979026529405
867 2.5191979026529405
868 2.4283668501237523
869 2.4283668501237523
870 3.236130389390849
871 3.236130389390849
872 3.628835200887559
873 3.628835200887559
874 3.6730092952176325
875 3.6730092952176325
876 2.316786747217877
877 2.316786747217877
878 2.368407762576217
879 2.368407762576217
880 3.5171690248230054
881 3.5171690248230054
882 2.819278847532032
883 2.819278847532032
884 3.0218736844933085
885 3.0218736844933085
886 3.031143741434149
887 3.031143741434149
888 2.233634284610412
889 2.233634284610412
890 2.6755562899742746
891 2.6755562899742746
892 2.7430057479293577
893 2.7430057479293577
894 2.6187627489873098
895 2.6187627489873098
896 2.955814670235166
897 2.955814670235166
898 4.2380899833262475
899 4.2380899833262475
900 2.561330884591854
901 2.561330884591854
902 3.1117419939055937
903 3.1117419939055937
904 3.719601747498714
905 3.719601747498714
906 2.868565245871716
907 2.868565245871716
908 2.095421747377927
909 2.095421747377927
910 1.9964061091449035
911 1.9964061091449035
912 2.569769448583699
913 2.569769448583699
914 1.8254526524689914
915 1.8254526524689914
916 2.2630257247883607
917 2.2630257247883607
918 2.555120892863447
919 2.555120892863447
920 3.923234027008579
921 3.923234027008579
922 2.9208822529779646
923 2.9208822529779646
924 3.3326809122907513
925 3.3326809122907513
926 2.6848739623994624
927 2.6848739623994624
928 3.3330881397317533
929 3.3330881397317533
930 3.924359779211496
931 3.924359779211496
932 2.8491665005005022
933 3.6600317091767325
934 3.6600317091767325
935 3.3495188303699965
936 3.3495188303699965
937 4.450599101002513
938 4.450599101002513
939 3.824305852263795
940 3.824305852263795
941 3.4699599925743487
942 3.4699599925743487
943 3.229696333399866
944 3.229696333399866
945 4.006961438753323
946 4.006961438753323
947 3.10094218556289
948 3.10094218556289
949 2.823709093410244
950 2.823709093410244
951 3.2247772024100434
952 3.2247772024100434
953 2.2356781794782337
954 2.2356781794782337
955 2.4469224894663966
956 2.4469224894663966
957 2.6716392993947085
958 2.6716392993947085
959 4.07651259120295
960 4.07651259120295
961 2.642449154971749
962 2.642449154971749
963 2.3583820209093167
964 2.3583820209093167
965 3.3664305904641134
966 3.3664305904641134
967 2.930548560247465
968 2.930548560247465
969 4.151868596662224
970 4.151868596662224
971 3.069416535102359
972 3.069416535102359
973 2.931255747858207
974 2.931255747858207
975 2.835863516860681
976 2.835863516860681
977 3.3562284969472866
978 3.3562284969472866
979 3.4440219620584345
980 3.4440219620584345
981 3.33294656366809
982 3.33294656366809
983 2.759541750325662
984 2.759541750325662
985 3.092285041746125
986 3.092285041746125
987 3.441765348926956
988 3.441765348926956
989 2.8594902012431715
990 2.8594902012431715
991 3.0606159398499213
992 3.0606159398499213
993 2.6387978314848803
994 2.6387978314848803
995 2.489017973215788
996 2.489017973215788
997 3.0088621348624947
998 3.0088621348624947
999 3.203182871379837
1000 3.203182871379837
1001 2.8728246424465538
1002 2.8728246424465538
1003 2.856255453923576
1004 2.856255453923576
1005 2.8302602765829183
1006 2.8302602765829183
1007 3.2165593586453944
1008 3.2165593586453944
1009 2.7473769008626414
1010 2.7473769008626414
1011 3.910360252090995
1012 3.910360252090995
1013 3.460855087053605
1014 3.460855087053605
1015 2.955661576812875
1016 2.955661576812875
1017 2.935924809969917
1018 2.935924809969917
1019 2.4183943092983213
1020 2.4183943092983213
1021 2.9292617243005243
1022 2.9292617243005243
1023 2.885264753051094
1024 2.885264753051094
1025 3.430807588620272
1026 3.430807588620272
1027 2.6413314583784486
1028 2.6413314583784486
1029 2.566258986814446
1030 2.566258986814446
1031 2.4561872923988184
1032 2.4561872923988184
1033 2.9588722050143743
1034 2.9588722050143743
1035 4.010532960547375
1036 4.010532960547375
1037 2.9642038523355976
1038 2.9642038523355976
1039 3.291733882001239
1040 3.291733882001239
1041 2.765838802887035
1042 2.765838802887035
1043 2.8218101585049875
1044 2.8218101585049875
1045 2.5295407254591327
1046 2.5295407254591327
1047 2.9582490340203136
1048 2.9582490340203136
1049 2.6575889606663896
1050 2.6575889606663896
1051 2.4301396196397542
1052 2.4301396196397542
1053 2.6329593726336578
1054 2.6329593726336578
1055 2.8609998786672493
1056 2.8609998786672493
1057 3.3499786343488926
1058 3.3499786343488926
1059 3.4188743965559536
1060 3.4188743965559536
1061 2.480667880622892
1062 2.480667880622892
1063 3.4176629884780385
1064 3.4176629884780385
1065 3.257516222639147
1066 3.257516222639147
1067 3.11832314199592
1068 3.11832314199592
1069 3.0047586938347512
1070 3.0047586938347512
1071 3.362372956153783
1072 3.362372956153783
1073 2.264522171983333
1074 2.264522171983333
1075 3.2342740356132147
1076 3.2342740356132147
1077 2.395985588508676
1078 2.395985588508676
1079 2.8761144650135653
1080 2.8761144650135653
1081 2.1165346553924635
1082 2.1165346553924635
1083 3.3284922453974057
1084 3.3284922453974057
1085 3.7161503205736013
1086 3.7161503205736013
1087 3.075724879072753
1088 3.075724879072753
1089 3.4495933487124355
1090 3.4495933487124355
1091 3.0817322153598674
1092 3.0817322153598674
1093 2.8184804533674788
1094 2.8184804533674788
1095 3.7880334212320794
1096 3.7880334212320794
1097 2.4986367316467617
1098 2.4986367316467617
1099 2.6033362210503594
1100 2.6033362210503594
1101 2.375862804881276
1102 2.375862804881276
1103 2.8820711467822653
1104 2.8820711467822653
1105 3.158151193750035
1106 3.158151193750035
1107 2.9667395823063445
1108 2.9667395823063445
1109 2.869193440383237
1110 2.869193440383237
1111 2.271136272129937
1112 2.271136272129937
1113 2.5497099307585613
1114 2.5497099307585613
1115 2.9219973908713643
1116 2.9219973908713643
1117 3.0886602776020986
1118 3.0886602776020986
1119 2.6011833820402748
1120 2.6011833820402748
1121 2.5378653908323456
1122 2.5378653908323456
1123 3.400031210628972
1124 3.400031210628972
1125 3.2857729298773184
1126 3.2857729298773184
1127 2.845906445481089
1128 2.845906445481089
1129 1.8173769544651188
1130 1.8173769544651188
1131 3.2994050270446023
1132 3.2994050270446023
1133 2.865301437961377
1134 2.865301437961377
1135 3.439089614636807
1136 3.439089614636807
1137 3.8717617911252153
1138 3.8717617911252153
1139 3.4485256255046974
1140 3.4485256255046974
1141 2.599797556126458
1142 2.599797556126458
1143 2.319689152532793
1144 2.319689152532793
1145 3.9064867067244307
1146 3.9064867067244307
1147 3.7805618280649993
1148 3.7805618280649993
1149 2.835749837156915
1150 2.835749837156915
1151 4.241102375259757
1152 4.241102375259757
1153 2.6882736008004904
1154 2.6882736008004904
1155 4.046564728565723
1156 4.046564728565723
1157 2.901269434616429
1158 2.901269434616429
1159 4.39332787898051
1160 4.39332787898051
1161 3.71047359286559
1162 3.71047359286559
1163 4.596355892523816
1164 4.596355892523816
1165 3.2222831766423714
1166 3.2222831766423714
1167 2.814859794818414
1168 2.814859794818414
1169 2.925569696562305
1170 2.925569696562305
1171 3.07210679178155
1172 3.07210679178155
1173 3.01405669522778
1174 3.01405669522778
1175 3.7339545268366012
1176 3.7339545268366012
1177 4.020919179161964
1178 4.020919179161964
1179 3.959306707099925
1180 3.959306707099925
1181 2.4327505332802075
1182 2.4327505332802075
1183 3.880223699299685
1184 3.880223699299685
1185 3.4586210174686536
1186 3.4586210174686536
1187 3.2825336798798106
1188 3.2825336798798106
1189 3.4782782284015306
1190 3.4782782284015306
1191 3.1327280401261035
1192 3.1327280401261035
1193 2.8880881767045317
1194 2.8880881767045317
1195 3.2776243163821657
1196 3.2776243163821657
1197 3.5627425279876266
1198 3.5627425279876266
1199 3.178469359009558
1200 3.178469359009558
1201 3.794754712453086
1202 3.794754712453086
1203 3.5786767697866053
1204 3.5786767697866053
1205 3.6220131138528733
1206 3.6220131138528733
1207 2.662244235909151
1208 2.662244235909151
1209 4.230246443643912
1210 4.230246443643912
1211 3.8816901566509188
1212 3.8816901566509188
1213 3.3178107053933497
1214 3.3178107053933497
1215 3.171036642002177
1216 3.171036642002177
1217 3.1226968755559446
1218 3.1226968755559446
1219 2.024283338670573
1220 2.024283338670573
1221 1.4136401689830107
1222 1.4136401689830107
1223 1.7506320079363102
1224 1.7506320079363102
1225 2.1250718912213693
1226 2.1250718912213693
1227 2.7157676612097745
1228 2.7157676612097745
1229 2.1653580356938
1230 2.1653580356938
1231 2.0528117133350525
1232 2.0528117133350525
1233 1.9269720091143783
1234 1.9269720091143783
1235 2.0746478101289125
1236 2.0746478101289125
1237 1.8834287352261405
1238 1.8834287352261405
1239 2.216727586860798
1240 2.216727586860798
1241 1.336011090778731
1242 1.336011090778731
1243 1.8873314897208908
1244 1.8873314897208908
1245 2.1785555326220347
1246 2.1785555326220347
1247 1.9057400545079548
1248 1.9057400545079548
1249 1.3913892657469225
1250 1.3913892657469225
1251 2.146188544425373
1252 2.146188544425373
1253 2.3473362112247997
1254 2.3473362112247997
1255 2.3508685865407277
1256 2.3508685865407277
1257 2.1277969998713067
1258 2.1277969998713067
1259 2.079767390406995
1260 2.079767390406995
1261 4.048315970551627
1262 4.048315970551627
1263 3.1400884579539747
1264 3.1400884579539747
1265 2.8241023977911794
1266 2.8241023977911794
1267 3.1306976108016453
1268 3.1306976108016453
1269 3.2277481995655837
1270 3.2277481995655837
1271 4.190710643423795
1272 4.190710643423795
1273 4.334643075467556
1274 4.334643075467556
1275 4.364112357066157
1276 4.364112357066157
1277 0.6906415030283517
1278 0.6906415030283517
1279 0.6893209449922865
1280 0.6893209449922865
1281 0.693752807304167
1282 0.693752807304167
1283 0.7495545497032541
1284 0.7495545497032541
1285 0.6923501262998746
1286 0.6923501262998746
1287 0.6772679142327278
1288 0.6772679142327278
1289 0.7339962989472698
1290 0.7339962989472698
1291 0.4987540165093983
1292 0.4987540165093983
1293 0.6341039295048205
1294 0.6341039295048205
1295 0.8067190506772721
1296 0.8067190506772721
1297 0.6338215530843326
1298 0.6338215530843326
1299 0.5042294203662677
1300 0.5042294203662677
1301 0.42447770032523846
1302 0.42447770032523846
1303 0.5383114577761006
1304 0.5383114577761006
1305 0.7556531496913403
1306 1.9558106447702883
1307 1.9558106447702883
1308 3.5009475400913943
1309 3.5009475400913943
1310 3.303122512429352
1311 3.303122512429352
1312 2.5740308502065026
1313 2.5740308502065026
1314 3.14423624373464
1315 3.14423624373464
1316 2.6314156943038123
1317 2.6314156943038123
1318 3.554701639245287
1319 3.554701639245287
1320 3.3100747299876097
1321 3.3100747299876097
1322 3.5936704225677416
1323 1.7520584550988247
1324 1.7520584550988247
1325 3.023460150327464
1326 3.023460150327464
1327 1.9965244991745568
1328 1.9965244991745568
1329 2.6521240999257634
1330 2.6521240999257634
1331 2.9193000613971707
1332 2.9193000613971707
1333 2.7312032389803376
1334 2.7312032389803376
1335 2.3049069471549517
1336 2.3049069471549517
1337 1.4985603458329724
1338 2.2496020025023182
1339 2.2496020025023182
1340 3.5333708406933537
1341 3.5333708406933537
1342 2.791351219046408
1343 2.791351219046408
1344 2.6758025137268
1345 2.6758025137268
1346 2.6070236976131747
1347 2.6070236976131747
1348 2.6362292870802455
1349 2.6362292870802455
1350 2.698706251873188
1351 2.698706251873188
1352 2.7814471461656547
1353 2.7814471461656547
1354 2.877613699996556
1355 2.877613699996556
1356 1.7769333109562853
1357 1.7769333109562853
1358 2.646414169136081
1359 2.646414169136081
1360 2.9555035345339356
1361 2.9555035345339356
1362 2.5430066685261763
1363 2.5430066685261763
1364 2.4691458824046593
1365 2.4691458824046593
1366 2.7112942746447253
1367 2.7112942746447253
1368 3.4380075218494612
1369 3.4380075218494612
1370 3.511716959064185
1371 3.511716959064185
1372 2.6942318403505716
1373 2.6942318403505716
1374 2.5914659592677594
1375 2.5914659592677594
1376 2.8681581819097337
1377 2.8681581819097337
1378 1.8972538239231844
1379 1.8972538239231844
1380 2.5742323090269683
1381 2.5742323090269683
1382 3.8695131301958643
1383 3.8695131301958643
1384 3.4234963311372266
1385 3.4234963311372266
1386 3.1164704011008997
1387 3.1164704011008997
1388 2.904460091751538
1389 2.904460091751538
1390 2.9619968554671487
1391 2.9619968554671487
1392 2.8206004318825406
1393 2.8206004318825406
1394 3.431053961478434
1395 3.431053961478434
1396 2.9213447827726413
1397 2.9213447827726413
1398 3.2740171971753025
1399 3.2740171971753025
1400 2.7499024747441907
1401 2.7499024747441907
1402 3.113656996848237
1403 3.113656996848237
1404 2.774799700369518
1405 2.774799700369518
1406 2.25611396580107
1407 2.25611396580107
1408 2.3869445300379146
1409 2.3869445300379146
1410 2.8424930513491438
1411 2.8424930513491438
1412 2.960975651620262
1413 2.960975651620262
1414 2.4693193622761735
1415 2.4693193622761735
1416 2.7695736523127614
1417 2.7695736523127614
1418 3.1947144408045647
1419 3.1947144408045647
1420 1.8069687879576641
1421 1.8069687879576641
1422 2.433786833647626
1423 2.433786833647626
1424 3.2975286851494814
1425 3.2975286851494814
1426 2.9811099961157423
1427 2.9811099961157423
1428 2.9800179375341496
1429 2.9800179375341496
1430 2.672115981828669
1431 2.672115981828669
1432 2.3217913685087845
1433 2.3217913685087845
1434 1.8036670768887897
1435 1.8036670768887897
1436 1.6490620020226068
1437 1.6490620020226068
1438 1.9011255715600182
1439 1.9011255715600182
1440 2.6877481753227803
1441 2.6877481753227803
1442 2.658608699072309
1443 2.658608699072309
1444 2.932352956661761
1445 2.932352956661761
1446 2.2230355320598107
1447 2.2230355320598107
1448 2.2669808971826
1449 2.2669808971826
1450 2.4977507803618706
1451 2.4977507803618706
1452 3.2865308984354575
1453 3.2865308984354575
1454 2.650053203498481
1455 2.650053203498481
1456 2.594499970306034
1457 2.594499970306034
1458 2.8685984455916387
1459 2.8685984455916387
1460 2.4752059682086043
1461 2.4752059682086043
1462 2.6167768399350124
1463 2.6167768399350124
1464 2.894142986519959
1465 2.894142986519959
1466 0.5816023457170996
1467 0.5816023457170996
1468 0.3540681496440326
1469 0.3540681496440326
1470 0.655743442222829
1471 0.655743442222829
1472 0.7435181670792654
1473 0.7435181670792654
1474 0.4683231241913783
1475 0.4683231241913783
1476 0.6282474569963075
1477 0.6282474569963075
1478 0.7334468164656144
1479 0.7334468164656144
1480 0.7017795423685295
1481 0.7017795423685295
1482 1.1590320782618926
1483 1.1590320782618926
1484 1.0436440138108936
1485 1.0436440138108936
1486 1.105481402024436
1487 1.105481402024436
1488 1.145978626804673
1489 1.145978626804673
1490 1.0918026482154444
1491 1.0918026482154444
1492 1.307976826715122
1493 1.307976826715122
1494 1.300614619372693
1495 1.300614619372693
1496 1.2516637587295287
1497 1.2516637587295287
1498 1.6417858579407514
1499 1.6417858579407514
1500 1.2355336340438756
1501 1.2355336340438756
1502 1.063578361695325
1503 1.063578361695325
1504 0.8695340073615041
1505 0.8695340073615041
1506 1.0312098436415778
1507 1.0312098436415778
1508 0.9728400174506631
1509 0.9728400174506631
1510 1.1069595127237084
1511 1.1069595127237084
1512 1.223140606578919
1513 1.223140606578919
1514 1.0453023639645105
1515 1.0453023639645105
1516 1.2557649301974243
1517 1.2557649301974243
1518 1.099132616386848
1519 1.099132616386848
1520 1.1378305309632075
1521 1.1378305309632075
1522 1.2266552604344565
1523 1.2266552604344565
1524 1.2523923544099085
1525 1.2523923544099085
1526 0.9553174264890707
1527 0.9553174264890707
1528 1.5809501872467555
1529 1.5809501872467555
1530 1.181078193575474
1531 1.181078193575474
1532 1.0818237029559208
1533 1.0818237029559208
1534 1.06155130478032
1535 1.06155130478032
1536 1.1116847312010478
1537 1.1116847312010478
1538 1.1421551992140992
1539 1.1421551992140992
1540 1.38752171238843
1541 1.38752171238843
1542 1.0827948783680519
1543 1.0827948783680519
1544 0.9220378416153072
1545 0.9220378416153072
1546 1.220008615198749
1547 1.220008615198749
1548 0.995815470517107
1549 0.995815470517107
1550 1.3423536051797376
1551 1.3423536051797376
1552 1.074242607306242
1553 1.074242607306242
1554 0.94989440394184
1555 0.94989440394184
1556 1.2395061022621918
1557 1.2395061022621918
1558 0.905643226139938
1559 0.905643226139938
1560 1.0420299336070225
1561 1.0420299336070225
1562 1.0694121653510844
1563 1.0694121653510844
1564 1.2870310220790693
1565 1.2870310220790693
1566 1.1391368099867614
1567 1.1391368099867614
1568 1.0587581731762643
1569 1.0587581731762643
1570 1.1801162864534582
1571 1.1801162864534582
1572 1.1947397438830751
1573 1.1947397438830751
1574 0.8608320093950574
1575 0.8608320093950574
1576 2.46078607903063
1577 2.46078607903063
1578 2.5914969585209437
1579 2.5914969585209437
1580 2.4932906373311647
1581 2.4932906373311647
1582 3.0920370524533336
1583 3.0920370524533336
1584 2.4974755939481392
1585 2.4974755939481392
1586 3.402299836142924
1587 3.402299836142924
1588 3.114476725823018
1589 3.114476725823018
1590 2.93969284425907
1591 2.93969284425907
1592 2.6766687084740677
1593 2.6766687084740677
1594 2.425449974451734
1595 2.425449974451734
1596 2.906132984303549
1597 2.906132984303549
1598 3.321510904432596
1599 3.321510904432596
1600 3.0190278585831423
1601 3.0190278585831423
1602 3.640103261902275
1603 3.640103261902275
1604 2.5056139773971426
1605 2.5056139773971426
1606 3.42186909010382
1607 3.42186909010382
1608 2.796195439648621
1609 2.796195439648621
1610 2.847955497826526
1611 2.847955497826526
1612 3.0486710985122016
1613 3.0486710985122016
1614 2.291472315569591
1615 2.291472315569591
1616 3.6293218535312635
1617 3.6293218535312635
1618 2.8179991155682895
1619 2.8179991155682895
1620 2.7291887023120043
1621 2.7291887023120043
1622 3.413500466486833
1623 3.413500466486833
1624 3.0895574640464054
1625 3.0895574640464054
1626 3.6583715800100953
1627 3.6583715800100953
1628 2.9666977090488245
1629 2.9666977090488245
1630 2.716502788779137
1631 2.716502788779137
1632 2.776695789762777
1633 2.776695789762777
1634 3.06971959676817
1635 3.06971959676817
1636 2.4687050574640645
1637 2.4687050574640645
1638 2.5013266868814377
1639 2.5013266868814377
1640 1.8040244483252155
1641 1.8040244483252155
1642 3.4997795315477727
1643 3.4997795315477727
1644 3.0910070755445376
1645 3.0910070755445376
1646 2.5943633450929124
1647 1.1990426148920783
1648 1.1990426148920783
1649 1.2504233824164825
1650 1.2504233824164825
1651 1.1925776955325933
1652 1.1925776955325933
1653 1.132272130285236
1654 1.132272130285236
1655 1.1271361387529075
1656 1.1271361387529075
1657 0.8483452324474461
1658 0.8483452324474461
1659 1.188520158115057
1660 1.188520158115057
1661 0.8921043289681736
1662 0.8921043289681736
1663 1.0810216283786223
1664 1.0810216283786223
1665 1.0713886711878857
1666 1.0713886711878857
1667 1.253426510033045
1668 1.253426510033045
1669 1.3430843540029476
1670 1.3430843540029476
1671 0.9085096237758971
1672 0.9085096237758971
1673 0.9031146698232293
1674 0.9031146698232293
1675 1.263979951431316
1676 1.263979951431316
1677 1.3524061130084162
1678 1.3524061130084162
1679 1.1121100682986835
1680 1.1121100682986835
1681 0.9424169449626941
1682 0.9424169449626941
1683 0.9909786881972384
1684 0.9909786881972384
1685 1.1651092288839269
1686 1.1651092288839269
1687 1.1912013491239573
1688 1.1912013491239573
1689 0.890137043420178
1690 0.890137043420178
1691 1.098239503103687
1692 1.098239503103687
1693 1.234546002337453
1694 1.234546002337453
1695 1.0320027534440668
1696 1.0320027534440668
1697 0.9147468968119238
1698 0.9147468968119238
1699 1.321016496013407
1700 1.321016496013407
1701 1.2195353888316534
1702 1.2195353888316534
1703 1.4426073278697316
1704 1.4426073278697316
1705 1.572045026010432
1706 1.572045026010432
1707 1.250407092976387
1708 1.250407092976387
1709 0.9977300794805994
1710 0.9977300794805994
1711 1.2819735508506196
1712 1.2819735508506196
1713 0.8506302825565972
1714 0.8506302825565972
1715 1.4607874598826829
1716 1.4607874598826829
1717 1.1163062674443736
1718 1.1163062674443736
1719 1.1676847541125406
1720 1.1676847541125406
1721 1.0863326256076242
1722 1.0863326256076242
1723 1.156788071084193
1724 1.156788071084193
1725 1.0136631895243853
1726 1.0136631895243853
1727 1.290422141587153
1728 1.290422141587153
1729 1.4026053158643221
1730 1.4026053158643221
1731 0.9233534396313179
1732 0.9233534396313179
1733 0.8077548378986976
1734 0.8077548378986976
1735 1.246799621560742
1736 1.246799621560742
1737 0.8857502466422391
1738 0.8857502466422391
1739 1.016952017986128
1740 1.016952017986128
1741 1.2733852009557505
1742 1.2733852009557505
1743 1.1220835127033353
1744 1.1220835127033353
1745 1.3701397316776849
1746 1.3701397316776849
1747 1.04778467958484
1748 1.04778467958484
1749 1.405550756494935
1750 1.405550756494935
1751 0.9743493434197562
1752 0.9743493434197562
1753 1.1810546760261666
1754 1.1810546760261666
1755 1.2716802799459124
1756 1.2716802799459124
1757 1.2390257163848768
1758 1.2390257163848768
1759 1.2544439652339046
1760 1.2544439652339046
1761 1.2352340143172758
1762 1.2352340143172758
1763 1.334844966573806
1764 1.334844966573806
1765 1.3595219066601607
1766 1.3595219066601607
1767 1.0903851871021717
1768 1.0903851871021717
1769 1.2422257953401623
1770 1.2422257953401623
1771 1.2574135177826733
1772 1.2574135177826733
1773 1.0617328923962224
1774 1.0617328923962224
1775 1.3478774816868633
1776 1.3478774816868633
1777 0.8700350848097923
1778 0.8700350848097923
1779 1.1550365420416402
1780 1.1550365420416402
1781 0.7477793185124817
1782 0.7477793185124817
1783 1.2728791262475898
1784 1.2728791262475898
1785 1.4094415343309767
1786 1.4094415343309767
1787 0.6846915917827453
1788 0.6846915917827453
1789 1.2447178281086055
1790 1.2447178281086055
1791 0.9463620403108097
1792 0.9463620403108097
1793 1.1937978757559453
1794 1.1937978757559453
1795 1.0122705619494363
1796 1.0122705619494363
1797 1.0468150279187785
1798 1.0468150279187785
1799 1.1947130954775889
1800 1.1947130954775889
1801 1.1591762878660434
1802 1.1591762878660434
1803 0.8936185158459007
1804 0.8936185158459007
1805 0.9756151205697021
1806 0.9756151205697021
1807 1.0919744879690407
1808 1.0919744879690407
1809 1.2422580037618265
1810 1.2422580037618265
1811 0.6403904552445616
1812 0.6403904552445616
1813 0.9988840396969881
1814 0.9988840396969881
1815 0.8488646622070648
1816 0.8488646622070648
1817 1.1901053761734877
1818 1.1901053761734877
1819 0.5944741879944768
1820 0.5944741879944768
1821 1.304621607153089
1822 1.304621607153089
1823 0.8651108499744813
1824 0.8651108499744813
1825 1.1065841084407533
1826 1.1065841084407533
1827 1.108298989170505
1828 1.108298989170505
1829 1.4850503039740146
1830 1.4850503039740146
1831 1.1895377352677285
1832 1.1895377352677285
1833 0.6679217738073264
1834 0.6679217738073264
1835 1.1549680585571973
1836 1.1549680585571973
1837 2.6159142721776774
1838 2.6159142721776774
1839 2.3837516224739694
1840 2.3837516224739694
1841 3.169732994552616
1842 3.169732994552616
1843 2.8885122249556634
1844 2.8885122249556634
1845 2.6600753600977223
1846 2.6600753600977223
1847 3.734381279897115
1848 3.734381279897115
1849 3.7379914109989443
1850 3.7379914109989443
1851 3.6142934320089735
1852 3.6142934320089735
1853 2.68717801684035
1854 2.68717801684035
1855 2.7177679852769616
1856 2.7177679852769616
1857 3.8080792363628793
1858 3.8080792363628793
1859 3.0462378009845152
1860 3.0462378009845152
1861 3.1061464573291597
1862 3.1061464573291597
1863 3.553096809708033
1864 3.553096809708033
1865 2.17457348731601
1866 2.17457348731601
1867 2.530148051728724
1868 2.530148051728724
1869 3.3412574066019864
1870 3.3412574066019864
1871 2.890675927414663
1872 2.890675927414663
1873 2.138366148313695
1874 2.138366148313695
1875 2.7981612997393803
1876 2.7981612997393803
1877 2.365232308005792
1878 2.365232308005792
1879 4.161716099727263
1880 4.161716099727263
1881 3.0429736937007426
1882 3.0429736937007426
1883 3.412135259666116
1884 3.412135259666116
1885 3.5844287347163815
1886 3.5844287347163815
1887 3.1100999434118632
1888 3.1100999434118632
1889 3.404925250561217
1890 3.404925250561217
1891 2.964458973223646
1892 2.964458973223646
1893 3.1913450090886317
1894 3.1913450090886317
1895 2.954095174324872
1896 2.954095174324872
1897 3.5280623915279534
1898 3.5280623915279534
1899 2.4300380431225235
1900 2.4300380431225235
1901 3.130006023390597
1902 3.130006023390597
1903 3.5092987602771197
1904 3.5092987602771197
1905 3.717765751370793
1906 3.717765751370793
1907 2.712575435257036
1908 2.712575435257036
1909 3.8933587710465005
1910 3.8933587710465005
1911 2.4199370197165786
1912 2.4199370197165786
1913 3.862284069444131
1914 3.862284069444131
1915 2.5923230273040487
1916 2.5923230273040487
1917 2.9644177753725005
1918 2.9644177753725005
1919 2.9726816296378527
1920 2.9726816296378527
1921 2.4642918354321783
1922 2.4642918354321783
1923 2.722181151472571
1924 2.722181151472571
1925 2.152034844874214
1926 2.152034844874214
1927 2.824727136176669
1928 2.824727136176669
1929 2.883340519554271
1930 2.883340519554271
1931 3.9948557454248665
1932 3.9948557454248665
1933 2.8539766788900103
1934 2.8539766788900103
1935 1.8885211740221124
1936 1.8885211740221124
1937 3.261714694910285
1938 3.261714694910285
1939 2.635370360888006
1940 2.635370360888006
1941 2.6697868191601977
1942 2.6697868191601977
1943 2.4237125951772893
1944 2.4237125951772893
1945 2.5448712315127655
1946 2.5448712315127655
1947 4.165824651939937
1948 4.165824651939937
1949 3.5892869486404417
1950 3.5892869486404417
1951 3.463846440332097
1952 3.463846440332097
1953 2.931345119675569
1954 2.931345119675569
1955 3.6502100432116658
1956 3.6502100432116658
1957 2.492099317033744
1958 2.492099317033744
1959 2.5851036036131427
1960 2.5851036036131427
1961 3.1459007913583275
1962 3.1459007913583275
1963 2.750864265791327
1964 2.750864265791327
1965 3.1785356620134473
1966 3.1785356620134473
1967 3.8067667414872535
1968 3.8067667414872535
1969 2.485590355244073
1970 2.485590355244073
1971 2.3651127324771792
1972 2.3651127324771792
1973 2.4128914028411854
1974 2.4128914028411854
1975 3.5918820333074657
1976 3.5918820333074657
1977 2.213776004586833
1978 2.213776004586833
1979 1.7642165370185992
1980 1.7642165370185992
1981 3.040371236649988
1982 3.040371236649988
1983 2.9201821176709846
1984 2.9201821176709846
1985 2.998788160365593
1986 2.998788160365593
1987 1.1844003462450932
1988 1.1844003462450932
1989 0.9022857780339232
1990 0.9022857780339232
1991 1.1646430064831472
1992 1.1646430064831472
1993 1.1314641623649937
1994 1.1314641623649937
1995 0.8775131867503966
1996 0.8775131867503966
1997 1.1570785194204978
1998 1.1570785194204978
1999 0.9375045697608271
