0 2.635911661106987
1 2.635911661106987
2 2.635911661106987
3 2.635911661106987
4 2.635911661106987
5 3.106739301878715
6 3.106739301878715
7 3.106739301878715
8 3.106739301878715
9 3.106739301878715
10 3.610321961261174
11 3.610321961261174
12 3.610321961261174
13 3.610321961261174
14 3.610321961261174
15 5.508079499538095
16 5.508079499538095
17 5.508079499538095
18 5.508079499538095
19 5.508079499538095
20 3.4580555343447825
21 3.4580555343447825
22 3.4580555343447825
23 3.4580555343447825
24 3.4580555343447825
25 1.9677859444757628
26 1.9677859444757628
27 1.9677859444757628
28 1.9677859444757628
29 1.9677859444757628
30 2.6044411792792754
31 2.6044411792792754
32 2.6044411792792754
33 2.6044411792792754
34 2.6044411792792754
35 1.8604919909230224
36 1.8604919909230224
37 1.8604919909230224
38 1.8604919909230224
39 1.8604919909230224
40 2.9402259470096745
41 2.9402259470096745
42 2.9402259470096745
43 2.9402259470096745
44 2.9402259470096745
45 6.31382941583292
46 6.31382941583292
47 6.31382941583292
48 6.31382941583292
49 6.31382941583292
50 2.578244226897969
51 2.578244226897969
52 2.578244226897969
53 2.578244226897969
54 2.578244226897969
55 2.7946852095663646
56 2.7946852095663646
57 2.7946852095663646
58 2.7946852095663646
59 2.7946852095663646
60 3.74554179578491
61 3.74554179578491
62 3.74554179578491
63 3.74554179578491
64 3.74554179578491
65 4.16572866032201
66 4.16572866032201
67 4.16572866032201
68 4.16572866032201
69 4.16572866032201
70 2.804566388497766
71 2.804566388497766
72 2.804566388497766
73 2.804566388497766
74 2.804566388497766
75 4.921374606585318
76 4.921374606585318
77 4.921374606585318
78 4.921374606585318
79 4.921374606585318
80 2.7867659601229646
81 2.7867659601229646
82 2.7867659601229646
83 2.7867659601229646
84 2.7867659601229646
85 3.5664315505700364
86 3.5664315505700364
87 3.5664315505700364
88 3.5664315505700364
89 3.5664315505700364
90 4.501655173295588
91 4.501655173295588
92 4.501655173295588
93 4.501655173295588
94 4.501655173295588
95 5.960117712661001
96 5.960117712661001
97 5.960117712661001
98 5.960117712661001
99 5.960117712661001
100 4.199520520800777
101 4.199520520800777
102 4.199520520800777
103 4.199520520800777
104 4.199520520800777
105 3.38864424659142
106 3.38864424659142
107 3.38864424659142
108 3.38864424659142
109 3.38864424659142
110 0.41327589613243276
111 0.41327589613243276
112 0.41327589613243276
113 0.41327589613243276
114 0.41327589613243276
115 3.316317655275414
116 3.316317655275414
117 3.316317655275414
118 3.316317655275414
119 3.316317655275414
120 4.207927878189502
121 4.207927878189502
122 4.207927878189502
123 4.207927878189502
124 4.207927878189502
125 4.759122288595647
126 4.759122288595647
127 4.759122288595647
128 4.759122288595647
129 4.759122288595647
130 1.7963588456071247
131 1.7963588456071247
132 1.7963588456071247
133 1.7963588456071247
134 1.7963588456071247
135 2.8505501000042144
136 2.8505501000042144
137 2.8505501000042144
138 2.8505501000042144
139 2.8505501000042144
140 2.9149065639435427
141 2.9149065639435427
142 2.9149065639435427
143 2.9149065639435427
144 2.9149065639435427
145 3.8630352931539904
146 3.8630352931539904
147 3.8630352931539904
148 3.8630352931539904
149 3.8630352931539904
150 1.2043527371812073
151 1.2043527371812073
152 1.2043527371812073
153 1.2043527371812073
154 1.2043527371812073
155 2.315757223567204
156 2.315757223567204
157 2.315757223567204
158 2.315757223567204
159 2.315757223567204
160 4.308521692990078
161 4.308521692990078
162 4.308521692990078
163 4.308521692990078
164 4.308521692990078
165 4.309897502777481
166 4.309897502777481
167 4.309897502777481
168 4.309897502777481
169 4.309897502777481
170 2.851107695387115
171 2.851107695387115
172 2.851107695387115
173 2.851107695387115
174 2.851107695387115
175 2.5875447526565347
176 2.5875447526565347
177 2.5875447526565347
178 2.5875447526565347
179 1.1582886163143153
180 1.1582886163143153
181 1.1582886163143153
182 1.1582886163143153
183 1.1582886163143153
184 0.8243724382580189
185 0.8243724382580189
186 0.8243724382580189
187 0.8243724382580189
188 0.8243724382580189
189 1.567773351445156
190 1.567773351445156
191 1.567773351445156
192 1.567773351445156
193 1.567773351445156
194 1.024395735028433
195 1.024395735028433
196 1.024395735028433
197 1.024395735028433
198 1.024395735028433
199 0.41828261073711603
200 0.41828261073711603
201 0.41828261073711603
202 0.41828261073711603
203 0.41828261073711603
204 1.351598983221442
205 1.351598983221442
206 1.351598983221442
207 1.351598983221442
208 1.351598983221442
209 1.6151161225332853
210 1.6151161225332853
211 1.6151161225332853
212 1.6151161225332853
213 1.6151161225332853
214 0.5661080327770772
215 0.5661080327770772
216 0.5661080327770772
217 0.5661080327770772
218 0.5661080327770772
219 1.6378010347985306
220 1.6378010347985306
221 1.6378010347985306
222 1.6378010347985306
223 1.6378010347985306
224 0.8587302908729453
225 0.8587302908729453
226 0.8587302908729453
227 0.8587302908729453
228 0.8587302908729453
229 0.8384994160703338
230 0.8384994160703338
231 0.8384994160703338
232 0.8384994160703338
233 0.8384994160703338
234 0.15549144813547836
235 0.15549144813547836
236 0.15549144813547836
237 0.15549144813547836
238 0.15549144813547836
239 0.24486890853104284
240 0.24486890853104284
241 0.24486890853104284
242 0.24486890853104284
243 0.24486890853104284
244 0.2661461881437869
245 0.2661461881437869
246 0.2661461881437869
247 0.2661461881437869
248 0.2661461881437869
249 0.27320785575550915
250 0.27320785575550915
251 0.27320785575550915
252 0.27320785575550915
253 0.27320785575550915
254 0.198491579855935
255 0.198491579855935
256 0.198491579855935
257 0.198491579855935
258 0.198491579855935
259 0.24714902050277193
260 0.24714902050277193
261 0.24714902050277193
262 0.24714902050277193
263 0.24714902050277193
264 0.2359758636469299
265 0.2359758636469299
266 0.2359758636469299
267 0.2359758636469299
268 0.2359758636469299
269 0.2366446077134315
270 0.2366446077134315
271 0.2366446077134315
272 0.2366446077134315
273 0.2366446077134315
274 0.1
275 0.1
276 0.1
277 0.1
278 0.1
279 0.2408438672574737
280 0.2408438672574737
281 0.2408438672574737
282 0.2408438672574737
283 0.2408438672574737
284 0.44598114783004156
285 0.44598114783004156
286 0.44598114783004156
287 0.44598114783004156
288 0.44598114783004156
289 0.33554618092953836
290 0.33554618092953836
291 0.33554618092953836
292 0.33554618092953836
293 0.33554618092953836
294 0.2900600586802414
295 0.2900600586802414
296 0.2900600586802414
297 0.2900600586802414
298 0.2900600586802414
299 0.13440706259666355
300 0.13440706259666355
301 0.13440706259666355
302 0.13440706259666355
303 0.13440706259666355
304 0.31959800401729155
305 0.31959800401729155
306 0.31959800401729155
307 0.31959800401729155
308 0.31959800401729155
309 0.3039353524211479
310 0.3039353524211479
311 0.3039353524211479
312 0.3039353524211479
313 0.3039353524211479
314 0.37833604352683403
315 0.37833604352683403
316 0.37833604352683403
317 0.37833604352683403
318 0.37833604352683403
319 0.20443744592667754
320 0.20443744592667754
321 0.20443744592667754
322 0.20443744592667754
323 0.20443744592667754
324 0.21643859803581894
325 0.21643859803581894
326 0.21643859803581894
327 0.21643859803581894
328 0.21643859803581894
329 0.2494308508038768
330 0.2494308508038768
331 0.2494308508038768
332 0.2494308508038768
333 0.2494308508038768
334 0.1689515502588775
335 0.1689515502588775
336 0.1689515502588775
337 0.1689515502588775
338 0.1689515502588775
339 0.28398754036581797
340 0.28398754036581797
341 0.28398754036581797
342 0.28398754036581797
343 0.28398754036581797
344 0.13184811122484447
345 0.13184811122484447
346 0.13184811122484447
347 0.13184811122484447
348 0.13184811122484447
349 0.1
350 0.1
351 0.1
352 0.1
353 0.1
354 0.1
355 0.1
356 0.1
357 0.1
358 0.1
359 0.12705186584012768
360 0.12705186584012768
361 0.12705186584012768
362 0.12705186584012768
363 0.12705186584012768
364 0.2980207751138903
365 0.2980207751138903
366 0.2980207751138903
367 0.2980207751138903
368 0.2980207751138903
369 0.23461959845149247
370 0.23461959845149247
371 0.23461959845149247
372 0.23461959845149247
373 0.23461959845149247
374 0.23014057608814087
375 0.23014057608814087
376 0.23014057608814087
377 0.23014057608814087
378 0.23014057608814087
379 0.1869670896426438
380 0.1869670896426438
381 0.1869670896426438
382 0.1869670896426438
383 0.1869670896426438
384 0.18900111855922097
385 0.18900111855922097
386 0.18900111855922097
387 0.18900111855922097
388 0.18900111855922097
389 0.2158392673847871
390 0.2158392673847871
391 0.2158392673847871
392 0.2158392673847871
393 0.2158392673847871
394 0.21176557413029762
395 0.21176557413029762
396 0.21176557413029762
397 0.21176557413029762
398 0.21176557413029762
399 0.17313362026033335
400 0.17313362026033335
401 0.17313362026033335
402 0.17313362026033335
403 0.17313362026033335
404 0.25006595891122013
405 0.25006595891122013
406 0.25006595891122013
407 0.25006595891122013
408 0.25006595891122013
409 0.22634707902839413
410 0.22634707902839413
411 0.22634707902839413
412 0.22634707902839413
413 0.22634707902839413
414 0.24446808148239135
415 0.24446808148239135
416 0.24446808148239135
417 0.24446808148239135
418 0.24446808148239135
419 0.24775536804347686
420 0.24775536804347686
421 0.24775536804347686
422 0.24775536804347686
423 0.24775536804347686
424 0.15583881765423316
425 0.15583881765423316
426 0.15583881765423316
427 0.15583881765423316
428 0.15583881765423316
429 0.18148313535103258
430 0.18148313535103258
431 0.18148313535103258
432 0.18148313535103258
433 0.18148313535103258
434 0.23953220457191662
435 0.23953220457191662
436 0.23953220457191662
437 0.23953220457191662
438 0.23953220457191662
439 0.19660055430830878
440 0.19660055430830878
441 0.19660055430830878
442 0.19660055430830878
443 0.19660055430830878
444 0.1893717232529289
445 0.1893717232529289
446 0.1893717232529289
447 0.1893717232529289
448 0.1893717232529289
449 0.11204770659364074
450 0.11204770659364074
451 0.11204770659364074
452 0.11204770659364074
453 0.11204770659364074
454 0.1
455 0.1
456 0.1
457 0.1
458 0.1
459 0.23908321654232023
460 0.23908321654232023
461 0.23908321654232023
462 0.23908321654232023
463 0.23908321654232023
464 0.19728767841358555
465 0.19728767841358555
466 0.19728767841358555
467 0.19728767841358555
468 0.19728767841358555
469 0.23049948104014864
470 0.23049948104014864
471 0.23049948104014864
472 0.23049948104014864
473 0.23049948104014864
474 0.2467567407047594
475 0.2467567407047594
476 0.2467567407047594
477 0.2467567407047594
478 0.2467567407047594
479 0.20988732663551676
480 0.20988732663551676
481 0.20988732663551676
482 0.20988732663551676
483 0.20988732663551676
484 0.13901188888622512
485 0.13901188888622512
486 0.13901188888622512
487 0.13901188888622512
488 0.13901188888622512
489 0.24009651776367444
490 0.24009651776367444
491 0.24009651776367444
492 0.24009651776367444
493 0.24009651776367444
494 0.2637364069156173
495 0.2637364069156173
496 0.2637364069156173
497 0.2637364069156173
498 0.2637364069156173
499 0.27916285594872486
500 0.27916285594872486
501 0.27916285594872486
502 0.27916285594872486
503 0.27916285594872486
504 0.2472242895948064
505 0.2472242895948064
506 0.2472242895948064
507 0.2472242895948064
508 0.2472242895948064
509 0.1
510 0.1
511 0.1
512 0.1
513 0.1
514 0.25198406723684624
515 0.25198406723684624
516 0.25198406723684624
517 0.25198406723684624
518 0.25198406723684624
519 0.27706214564924225
520 0.27706214564924225
521 0.27706214564924225
522 0.27706214564924225
523 0.27706214564924225
524 0.13619787753051216
525 0.13619787753051216
526 0.13619787753051216
527 0.13619787753051216
528 0.13619787753051216
529 0.1
530 0.1
531 0.1
532 1.9313398434404447
533 1.9313398434404447
534 1.9313398434404447
535 1.9313398434404447
536 1.9313398434404447
537 1.755347583128013
538 1.755347583128013
539 1.755347583128013
540 1.755347583128013
541 1.755347583128013
542 1.6318096179829233
543 1.6318096179829233
544 1.6318096179829233
545 1.6318096179829233
546 1.6318096179829233
547 2.838074900429792
548 2.838074900429792
549 2.838074900429792
550 2.838074900429792
551 2.838074900429792
552 2.3362770965793698
553 2.3362770965793698
554 2.3362770965793698
555 2.3362770965793698
556 2.3362770965793698
557 1.658203251126189
558 1.658203251126189
559 0.34382034801244327
560 0.34382034801244327
561 0.34382034801244327
562 0.34382034801244327
563 0.34382034801244327
564 0.5094642047336175
565 0.5094642047336175
566 0.5094642047336175
567 0.5094642047336175
568 0.5094642047336175
569 0.3044400828931825
570 0.3044400828931825
571 0.3044400828931825
572 0.3044400828931825
573 0.3044400828931825
574 0.1
575 0.1
576 0.1
577 0.1
578 0.1
579 0.6181178022393486
580 0.6181178022393486
581 0.6181178022393486
582 0.6181178022393486
583 0.6181178022393486
584 0.5405918740329508
585 0.5405918740329508
586 0.5405918740329508
587 0.5405918740329508
588 0.5405918740329508
589 0.6807190486535227
590 0.6807190486535227
591 0.6807190486535227
592 0.6807190486535227
593 0.6807190486535227
594 0.33115646154292006
595 0.33115646154292006
596 0.33115646154292006
597 0.33115646154292006
598 0.33115646154292006
599 0.9920535294242117
600 0.9920535294242117
601 0.9920535294242117
602 0.9920535294242117
603 0.9920535294242117
604 0.9733425200522723
605 0.9733425200522723
606 0.9733425200522723
607 0.9733425200522723
608 0.9733425200522723
609 0.8706647465019687
610 0.8706647465019687
611 0.8706647465019687
612 0.8706647465019687
613 0.8706647465019687
614 0.6487519773465109
615 0.6487519773465109
616 0.6487519773465109
617 0.6487519773465109
618 0.6487519773465109
619 1.2019632333669596
620 1.2019632333669596
621 1.2019632333669596
622 1.2019632333669596
623 1.2019632333669596
624 0.6883131102387187
625 0.6883131102387187
626 0.6883131102387187
627 0.6883131102387187
628 0.6883131102387187
629 0.8324620065142172
630 0.8324620065142172
631 0.8324620065142172
632 0.8324620065142172
633 0.8324620065142172
634 0.3248480748253323
635 0.3248480748253323
636 0.3248480748253323
637 0.3248480748253323
638 0.3248480748253323
639 1.076805800936496
640 1.076805800936496
641 1.076805800936496
642 1.076805800936496
643 1.076805800936496
644 0.8531999233857513
645 0.8531999233857513
646 0.8531999233857513
647 0.8531999233857513
648 0.8531999233857513
649 0.7649708956428635
650 0.7649708956428635
651 0.7649708956428635
652 0.7649708956428635
653 0.7649708956428635
654 1.0660668359012777
655 1.0660668359012777
656 1.0660668359012777
657 1.0660668359012777
658 1.0660668359012777
659 0.7120899793277768
660 0.7120899793277768
661 0.7120899793277768
662 0.7120899793277768
663 0.7120899793277768
664 0.5961892649848751
665 0.5961892649848751
666 0.5961892649848751
667 0.5961892649848751
668 0.5961892649848751
669 0.5226307728732098
670 0.5226307728732098
671 0.5226307728732098
672 0.5226307728732098
673 0.5226307728732098
674 0.28091819780226485
675 0.28091819780226485
676 0.28091819780226485
677 0.28091819780226485
678 0.28091819780226485
679 0.7090974489238104
680 0.7090974489238104
681 0.7090974489238104
682 0.7090974489238104
683 0.7090974489238104
684 0.9326709730275614
685 0.9326709730275614
686 0.9326709730275614
687 0.9326709730275614
688 0.9326709730275614
689 0.26171734129119745
690 0.26171734129119745
691 0.26171734129119745
692 0.26171734129119745
693 0.26171734129119745
694 0.828300742250436
695 0.828300742250436
696 0.828300742250436
697 0.828300742250436
698 0.828300742250436
699 0.803808044299382
700 0.803808044299382
701 0.803808044299382
702 0.803808044299382
703 0.803808044299382
704 0.857413369721266
705 0.857413369721266
706 0.857413369721266
707 0.857413369721266
708 0.857413369721266
709 0.13016259104671635
710 0.13016259104671635
711 0.13016259104671635
712 0.13016259104671635
713 0.13016259104671635
714 0.7853216899810254
715 0.7853216899810254
716 0.7853216899810254
717 0.7853216899810254
718 0.7853216899810254
719 0.298355566051172
720 0.298355566051172
721 0.298355566051172
722 0.298355566051172
723 0.298355566051172
724 0.6298326359936898
725 2.239627112271781
726 2.239627112271781
727 2.239627112271781
728 2.239627112271781
729 2.239627112271781
730 4.827618187076998
731 4.827618187076998
732 4.827618187076998
733 4.827618187076998
734 4.827618187076998
735 2.089690970966501
736 2.089690970966501
737 2.089690970966501
738 2.089690970966501
739 2.089690970966501
740 4.4496073079222525
741 4.4496073079222525
742 4.4496073079222525
743 4.4496073079222525
744 3.029349356524485
745 3.029349356524485
746 3.029349356524485
747 3.029349356524485
748 3.029349356524485
749 2.5020474644174158
750 2.5020474644174158
751 3.8537982051306274
752 3.8537982051306274
753 3.8537982051306274
754 3.8537982051306274
755 3.8537982051306274
756 2.638775439794246
757 2.638775439794246
758 2.638775439794246
759 2.638775439794246
760 2.638775439794246
761 2.2028935971409895
762 2.2028935971409895
763 2.2028935971409895
764 2.2028935971409895
765 2.2028935971409895
766 3.306921834603096
767 3.306921834603096
768 3.306921834603096
769 3.306921834603096
770 3.306921834603096
771 3.6441111875298287
772 3.6441111875298287
773 3.6441111875298287
774 3.6441111875298287
775 3.6441111875298287
776 2.8543524655389043
777 2.8543524655389043
778 2.8543524655389043
779 2.8543524655389043
780 2.8543524655389043
781 2.1473599286269875
782 2.1473599286269875
783 2.1473599286269875
784 2.1473599286269875
785 2.1473599286269875
786 1.732984117390569
787 1.732984117390569
788 1.732984117390569
789 1.732984117390569
790 1.732984117390569
791 3.612533827850716
792 3.612533827850716
793 3.612533827850716
794 3.612533827850716
795 3.612533827850716
796 1.7604113475550742
797 1.7604113475550742
798 1.7604113475550742
799 1.7604113475550742
800 1.7604113475550742
801 3.1015766204892357
802 3.1015766204892357
803 3.1015766204892357
804 3.1015766204892357
805 3.1015766204892357
806 3.1924335055497
807 3.1924335055497
808 3.1924335055497
809 3.1924335055497
810 3.1924335055497
811 2.2875430736981563
812 2.2875430736981563
813 2.2875430736981563
814 2.2875430736981563
815 2.2875430736981563
816 2.427009880037662
817 2.427009880037662
818 2.427009880037662
819 2.427009880037662
820 2.427009880037662
821 4.621638381165531
822 4.621638381165531
823 4.621638381165531
824 4.621638381165531
825 4.621638381165531
826 0.9007594540204373
827 0.9007594540204373
828 0.9007594540204373
829 0.9007594540204373
830 0.9007594540204373
831 1.6648391506047762
832 1.6648391506047762
833 1.6648391506047762
834 1.6648391506047762
835 1.6648391506047762
836 0.5877377977901301
837 0.5877377977901301
838 0.5877377977901301
839 0.5877377977901301
840 0.5877377977901301
841 4.143722350204077
842 4.143722350204077
843 4.143722350204077
844 4.143722350204077
845 1.1442466221785899
846 1.1442466221785899
847 1.1442466221785899
848 1.1442466221785899
849 1.1442466221785899
850 0.6270134517815193
851 0.6270134517815193
852 0.6270134517815193
853 0.6270134517815193
854 0.6270134517815193
855 1.9900209689277835
856 1.9900209689277835
857 1.9900209689277835
858 1.9900209689277835
859 1.9900209689277835
860 1.4162346602706468
861 1.4162346602706468
862 1.4162346602706468
863 1.4162346602706468
864 1.4162346602706468
865 1.451925309223797
866 1.451925309223797
867 1.451925309223797
868 1.451925309223797
869 1.451925309223797
870 1.6633752384201113
871 1.6633752384201113
872 1.6633752384201113
873 1.6633752384201113
874 1.6633752384201113
875 2.165942533340482
876 2.165942533340482
877 2.165942533340482
878 2.165942533340482
879 0.1553542018954453
880 0.1553542018954453
881 0.1553542018954453
882 0.1553542018954453
883 0.1553542018954453
884 0.2477116905428634
885 0.2477116905428634
886 0.2477116905428634
887 0.2477116905428634
888 0.2477116905428634
889 0.12948765245291194
890 0.12948765245291194
891 0.12948765245291194
892 0.12948765245291194
893 0.12948765245291194
894 0.27665847379830577
895 0.27665847379830577
896 0.27665847379830577
897 0.27665847379830577
898 0.27665847379830577
899 0.18536796865769775
900 0.18536796865769775
901 0.18536796865769775
902 0.18536796865769775
903 0.18536796865769775
904 0.18180438585735192
905 0.18180438585735192
906 0.18180438585735192
907 0.18180438585735192
908 0.18180438585735192
909 0.24978413367919083
910 0.24978413367919083
911 0.24978413367919083
912 0.24978413367919083
913 0.24978413367919083
914 0.1
915 0.1
916 0.1
917 0.1
918 0.1
919 0.1
920 0.1
921 0.1
922 0.1
923 0.1
924 0.21702571311990307
925 0.21702571311990307
926 0.21702571311990307
927 0.21702571311990307
928 0.21702571311990307
929 0.3050464462776432
930 0.3050464462776432
931 0.3050464462776432
932 0.3050464462776432
933 0.3050464462776432
934 0.23289770796926262
935 0.23289770796926262
936 0.23289770796926262
937 0.23289770796926262
938 0.23289770796926262
939 0.2695461851194702
940 0.2695461851194702
941 0.2695461851194702
942 0.2695461851194702
943 0.2695461851194702
944 0.1183506591389332
945 0.1183506591389332
946 0.1183506591389332
947 0.1183506591389332
948 0.1183506591389332
949 0.1344089894609164
950 0.1344089894609164
951 0.1344089894609164
952 0.1344089894609164
953 0.1344089894609164
954 0.36751237767370337
955 3.8884490992166016
956 3.8884490992166016
957 3.8884490992166016
958 3.8884490992166016
959 3.8884490992166016
960 3.9823247266145194
961 3.9823247266145194
962 3.9823247266145194
963 3.9823247266145194
964 3.9823247266145194
965 5.70691017007953
966 5.70691017007953
967 5.70691017007953
968 5.70691017007953
969 5.70691017007953
970 3.08284344984363
971 3.08284344984363
972 3.08284344984363
973 3.08284344984363
974 3.08284344984363
975 4.185504820493672
976 4.185504820493672
977 4.185504820493672
978 4.185504820493672
979 4.185504820493672
980 2.3437699927245355
981 2.3437699927245355
982 2.3437699927245355
983 2.3437699927245355
984 2.3437699927245355
985 1.7185355984275665
986 1.7185355984275665
987 1.7185355984275665
988 1.7185355984275665
989 1.7185355984275665
990 3.8170469926775574
991 3.8170469926775574
992 3.8170469926775574
993 3.8170469926775574
994 3.8170469926775574
995 3.874490120939081
996 3.874490120939081
997 3.874490120939081
998 3.874490120939081
999 3.874490120939081
1000 2.7799335681183317
1001 2.7799335681183317
1002 2.7799335681183317
1003 2.7799335681183317
1004 2.7799335681183317
1005 5.565386254584309
1006 5.565386254584309
1007 5.565386254584309
1008 5.565386254584309
1009 5.565386254584309
1010 2.5518303115014374
1011 2.5518303115014374
1012 2.5518303115014374
1013 2.5518303115014374
1014 2.5518303115014374
1015 1.8619486544562174
1016 1.8619486544562174
1017 1.8619486544562174
1018 1.8619486544562174
1019 1.8619486544562174
1020 1.7137813818213339
1021 1.7137813818213339
1022 1.7137813818213339
1023 1.7137813818213339
1024 1.7137813818213339
1025 2.2236308305623638
1026 2.2236308305623638
1027 2.2236308305623638
1028 2.2236308305623638
1029 2.2236308305623638
1030 5.223595280864254
1031 1.6901282684680137
1032 1.6901282684680137
1033 1.6901282684680137
1034 1.6901282684680137
1035 1.6901282684680137
1036 2.0186531006554023
1037 2.0186531006554023
1038 2.0186531006554023
1039 2.0186531006554023
1040 2.0186531006554023
1041 2.466425398120228
1042 2.466425398120228
1043 2.466425398120228
1044 2.466425398120228
1045 2.466425398120228
1046 1.6895969936928965
1047 1.6895969936928965
1048 1.6895969936928965
1049 1.6895969936928965
1050 1.6895969936928965
1051 2.591620125218001
1052 2.591620125218001
1053 2.591620125218001
1054 2.591620125218001
1055 2.591620125218001
1056 0.41126549903031173
1057 0.41126549903031173
1058 0.41126549903031173
1059 0.41126549903031173
1060 0.41126549903031173
1061 1.649384592541021
1062 1.649384592541021
1063 1.649384592541021
1064 1.649384592541021
1065 1.649384592541021
1066 2.8448721830848083
1067 2.8448721830848083
1068 2.8448721830848083
1069 2.8448721830848083
1070 2.8448721830848083
1071 1.0739536222468693
1072 1.0739536222468693
1073 1.0739536222468693
1074 1.0739536222468693
1075 1.0739536222468693
1076 1.3605047452663492
1077 1.3605047452663492
1078 1.3605047452663492
1079 1.3605047452663492
1080 1.3605047452663492
1081 1.6212823985504887
1082 1.6212823985504887
1083 1.6212823985504887
1084 1.6212823985504887
1085 1.6212823985504887
1086 1.7124563765809107
1087 1.7124563765809107
1088 1.7124563765809107
1089 1.7124563765809107
1090 1.7124563765809107
1091 2.0638222205276233
1092 2.0638222205276233
1093 2.0638222205276233
1094 2.0638222205276233
1095 2.0638222205276233
1096 1.486028698230768
1097 1.486028698230768
1098 1.486028698230768
1099 1.486028698230768
1100 1.486028698230768
1101 1.5417603059226739
1102 1.5417603059226739
1103 1.5417603059226739
1104 1.5417603059226739
1105 1.5417603059226739
1106 2.5381976774789137
1107 2.5381976774789137
1108 2.5381976774789137
1109 2.5381976774789137
1110 2.5381976774789137
1111 1.7938551481095957
1112 1.7938551481095957
1113 1.7938551481095957
1114 1.7938551481095957
1115 1.7938551481095957
1116 2.127949070253982
1117 2.127949070253982
1118 2.127949070253982
1119 2.127949070253982
1120 2.127949070253982
1121 2.0857943509293295
1122 2.0857943509293295
1123 2.0857943509293295
1124 2.0857943509293295
1125 2.0857943509293295
1126 1.2771158001861962
1127 1.2771158001861962
1128 1.2771158001861962
1129 1.2771158001861962
1130 1.2771158001861962
1131 0.8624201327138812
1132 0.8624201327138812
1133 0.8624201327138812
1134 0.8624201327138812
1135 0.8624201327138812
1136 1.3531378670489893
1137 1.3531378670489893
1138 1.3531378670489893
1139 1.3531378670489893
1140 1.3531378670489893
1141 1.1086350602034931
1142 1.1086350602034931
1143 1.1086350602034931
1144 1.1086350602034931
1145 1.1086350602034931
1146 0.663442609711006
1147 0.663442609711006
1148 0.663442609711006
1149 0.663442609711006
1150 0.663442609711006
1151 0.8745739093674691
1152 0.8745739093674691
1153 0.8745739093674691
1154 0.8745739093674691
1155 0.8745739093674691
1156 1.6121045204051603
1157 1.6121045204051603
1158 1.6121045204051603
1159 1.6121045204051603
1160 1.6121045204051603
1161 0.9907857619135145
1162 0.9907857619135145
1163 0.9907857619135145
1164 0.9907857619135145
1165 0.9907857619135145
1166 2.364966445709481
1167 2.364966445709481
1168 2.364966445709481
1169 2.364966445709481
1170 2.364966445709481
1171 1.856800230131138
1172 1.856800230131138
1173 1.856800230131138
1174 1.856800230131138
1175 1.856800230131138
1176 1.6318870710671114
1177 1.6318870710671114
1178 1.6318870710671114
1179 1.6318870710671114
1180 1.6318870710671114
1181 1.670942329063286
1182 1.670942329063286
1183 1.670942329063286
1184 1.670942329063286
1185 1.670942329063286
1186 1.5265635314708876
1187 1.5265635314708876
1188 1.5265635314708876
1189 1.5265635314708876
1190 1.5265635314708876
1191 2.415555176662336
1192 2.415555176662336
1193 2.415555176662336
1194 2.415555176662336
1195 2.415555176662336
1196 2.867009202818409
1197 2.867009202818409
1198 2.867009202818409
1199 2.867009202818409
1200 2.867009202818409
1201 3.3412438112827925
1202 3.3412438112827925
1203 3.3412438112827925
1204 3.3412438112827925
1205 3.3412438112827925
1206 1.7276678915936445
1207 1.7276678915936445
1208 1.7276678915936445
1209 1.7276678915936445
1210 1.7276678915936445
1211 1.7503815494607087
1212 1.7503815494607087
1213 1.7503815494607087
1214 1.7503815494607087
1215 1.7503815494607087
1216 1.9396981957923636
1217 1.9396981957923636
1218 1.9396981957923636
1219 1.9396981957923636
1220 1.9396981957923636
1221 2.062503607759077
1222 2.062503607759077
1223 2.062503607759077
1224 2.062503607759077
1225 2.062503607759077
1226 2.380468403645392
1227 2.380468403645392
1228 2.380468403645392
1229 2.380468403645392
1230 2.380468403645392
1231 1.2274278206796216
1232 1.2274278206796216
1233 1.2274278206796216
1234 1.2274278206796216
1235 1.2274278206796216
1236 1.989516035967257
1237 1.989516035967257
1238 1.989516035967257
1239 1.989516035967257
1240 1.989516035967257
1241 1.835177378582311
1242 1.835177378582311
1243 1.835177378582311
1244 1.835177378582311
1245 1.835177378582311
1246 2.4693817542880936
1247 2.4693817542880936
1248 2.4693817542880936
1249 2.4693817542880936
1250 2.4693817542880936
1251 1.8699034198903106
1252 1.8699034198903106
1253 1.8699034198903106
1254 1.8699034198903106
1255 1.8699034198903106
1256 0.8547292297526126
1257 0.8547292297526126
1258 0.8547292297526126
1259 0.8547292297526126
1260 0.8547292297526126
1261 2.0553958579511833
1262 2.0553958579511833
1263 2.0553958579511833
1264 2.0553958579511833
1265 2.0553958579511833
1266 0.1
1267 0.1
1268 0.1
1269 0.1
1270 0.1
1271 2.0147067533428435
1272 2.0147067533428435
1273 2.0147067533428435
1274 2.0147067533428435
1275 2.0147067533428435
1276 2.4892664714827437
1277 2.4892664714827437
1278 2.4892664714827437
1279 2.4892664714827437
1280 2.4892664714827437
1281 3.382721070752886
1282 3.382721070752886
1283 3.382721070752886
1284 3.382721070752886
1285 3.382721070752886
1286 1.4647323360860511
1287 1.4647323360860511
1288 1.4647323360860511
1289 1.4647323360860511
1290 1.4647323360860511
1291 0.683885790872212
1292 0.683885790872212
1293 0.683885790872212
1294 0.683885790872212
1295 0.683885790872212
1296 3.0751167996701545
1297 3.0751167996701545
1298 3.0751167996701545
1299 3.0751167996701545
1300 3.0751167996701545
1301 2.450800455851813
1302 2.450800455851813
1303 2.450800455851813
1304 2.450800455851813
1305 2.450800455851813
1306 2.652088445873213
1307 2.652088445873213
1308 2.652088445873213
1309 2.652088445873213
1310 2.652088445873213
1311 2.156824661996965
1312 2.156824661996965
1313 2.156824661996965
1314 2.156824661996965
1315 2.156824661996965
1316 1.5573025513380485
1317 1.5573025513380485
1318 1.5573025513380485
1319 1.5573025513380485
1320 1.5573025513380485
1321 2.0785374808237327
1322 2.0785374808237327
1323 2.0785374808237327
1324 2.0785374808237327
1325 2.0785374808237327
1326 0.838610522768898
1327 0.838610522768898
1328 0.838610522768898
1329 0.838610522768898
1330 0.838610522768898
1331 2.4656200460308253
1332 2.4656200460308253
1333 2.4656200460308253
1334 2.4656200460308253
1335 2.4656200460308253
1336 3.7721526834552677
1337 3.7721526834552677
1338 3.7721526834552677
1339 3.7721526834552677
1340 3.7721526834552677
1341 0.5823354168374033
1342 0.5823354168374033
1343 0.5823354168374033
1344 0.5823354168374033
1345 0.5823354168374033
1346 2.5246949678442188
1347 2.5246949678442188
1348 2.5246949678442188
1349 2.5246949678442188
1350 2.5246949678442188
1351 2.539676451679762
1352 2.539676451679762
1353 2.539676451679762
1354 2.539676451679762
1355 2.539676451679762
1356 1.0760943108370182
1357 1.0760943108370182
1358 1.0760943108370182
1359 1.0760943108370182
1360 1.0760943108370182
1361 2.6228459209646977
1362 2.6228459209646977
1363 2.6228459209646977
1364 2.6228459209646977
1365 2.6228459209646977
1366 0.9346029361741273
1367 0.9346029361741273
1368 0.9346029361741273
1369 0.9346029361741273
1370 0.9346029361741273
1371 3.203741239259582
1372 3.203741239259582
1373 3.203741239259582
1374 3.203741239259582
1375 3.203741239259582
1376 1.7163765060856704
1377 1.7163765060856704
1378 1.7163765060856704
1379 1.7163765060856704
1380 1.7163765060856704
1381 2.2582554572444966
1382 2.2582554572444966
1383 2.2582554572444966
1384 2.2582554572444966
1385 2.2582554572444966
1386 1.613959063856909
1387 1.613959063856909
1388 1.613959063856909
1389 1.613959063856909
1390 1.613959063856909
1391 3.30747526824876
1392 3.30747526824876
1393 3.30747526824876
1394 3.30747526824876
1395 3.30747526824876
1396 2.294751855790897
1397 2.294751855790897
1398 2.294751855790897
1399 2.294751855790897
1400 2.294751855790897
1401 0.6084209610651792
1402 0.6084209610651792
1403 0.6084209610651792
1404 0.6084209610651792
1405 0.6084209610651792
1406 1.782074733574088
1407 1.782074733574088
1408 1.782074733574088
1409 1.782074733574088
1410 1.782074733574088
1411 2.2430951096128267
1412 2.2430951096128267
1413 2.2430951096128267
1414 2.2430951096128267
1415 2.2430951096128267
1416 2.401543247760256
1417 2.401543247760256
1418 2.401543247760256
1419 2.401543247760256
1420 2.401543247760256
1421 2.7400814629358075
1422 2.7400814629358075
1423 2.7400814629358075
1424 2.7400814629358075
1425 2.7400814629358075
1426 0.8717246637314817
1427 0.8717246637314817
1428 0.8717246637314817
1429 0.8717246637314817
1430 0.8717246637314817
1431 0.7370587194012272
1432 0.7370587194012272
1433 0.7370587194012272
1434 0.7370587194012272
1435 0.7370587194012272
1436 1.456013128690096
1437 1.456013128690096
1438 1.456013128690096
1439 1.456013128690096
1440 1.456013128690096
1441 1.0161973794838184
1442 1.0161973794838184
1443 1.0161973794838184
1444 1.0161973794838184
1445 1.0161973794838184
1446 2.8602467015266737
1447 2.8602467015266737
1448 1.2258405006422086
1449 1.2258405006422086
1450 1.2258405006422086
1451 1.2258405006422086
1452 1.2258405006422086
1453 3.5064139957633182
1454 3.5064139957633182
1455 3.5064139957633182
1456 3.5064139957633182
1457 3.5064139957633182
1458 1.730922347258839
1459 1.730922347258839
1460 1.730922347258839
1461 1.730922347258839
1462 1.730922347258839
1463 3.3731631710839594
1464 3.3731631710839594
1465 3.3731631710839594
1466 3.3731631710839594
1467 3.3731631710839594
1468 3.0007990569564806
1469 3.0007990569564806
1470 3.0007990569564806
1471 3.0007990569564806
1472 3.0007990569564806
1473 1.5626847766062009
1474 1.5626847766062009
1475 1.5626847766062009
1476 1.5626847766062009
1477 1.5626847766062009
1478 4.768626675846414
1479 4.768626675846414
1480 4.768626675846414
1481 4.768626675846414
1482 4.768626675846414
1483 4.103732656019536
1484 4.103732656019536
1485 4.103732656019536
1486 4.103732656019536
1487 4.103732656019536
1488 2.2567250445604654
1489 2.2567250445604654
1490 2.2567250445604654
1491 2.2567250445604654
1492 2.2567250445604654
1493 3.3231002897341337
1494 3.3231002897341337
1495 3.3231002897341337
1496 3.3231002897341337
1497 3.3231002897341337
1498 2.3446997034768406
1499 2.3446997034768406
1500 2.3446997034768406
1501 2.3446997034768406
1502 2.3446997034768406
1503 3.1557427246408873
1504 3.1557427246408873
1505 3.1557427246408873
1506 3.1557427246408873
1507 3.1557427246408873
1508 2.415331165080858
1509 2.415331165080858
1510 2.415331165080858
1511 2.415331165080858
1512 2.415331165080858
1513 3.4933764472561033
1514 3.4933764472561033
1515 3.4933764472561033
1516 3.4933764472561033
1517 3.4933764472561033
1518 3.0805497245482005
1519 3.0805497245482005
1520 3.0805497245482005
1521 3.0805497245482005
1522 3.0805497245482005
1523 1.8704052612422226
1524 1.8704052612422226
1525 1.8704052612422226
1526 1.8704052612422226
1527 1.8704052612422226
1528 3.920986103550054
1529 3.920986103550054
1530 3.920986103550054
1531 3.920986103550054
1532 3.920986103550054
1533 4.347507902766094
1534 4.347507902766094
1535 4.347507902766094
1536 4.347507902766094
1537 4.347507902766094
1538 2.931874105615891
1539 2.931874105615891
1540 2.931874105615891
1541 2.931874105615891
1542 2.931874105615891
1543 4.048085086143763
1544 4.048085086143763
1545 4.048085086143763
1546 4.048085086143763
1547 4.048085086143763
1548 4.458502241976188
1549 4.458502241976188
1550 4.458502241976188
1551 4.458502241976188
1552 4.458502241976188
1553 3.2873605837184283
1554 3.2873605837184283
1555 3.2873605837184283
1556 3.2873605837184283
1557 3.2873605837184283
1558 2.949063063321732
1559 2.949063063321732
1560 2.949063063321732
1561 2.949063063321732
1562 2.949063063321732
1563 2.5858983461163167
1564 2.5858983461163167
1565 2.5858983461163167
1566 2.5858983461163167
1567 2.5858983461163167
1568 2.8280386070980437
1569 2.8280386070980437
1570 2.8280386070980437
1571 2.8280386070980437
1572 2.8280386070980437
1573 4.240243712220012
1574 4.240243712220012
1575 4.240243712220012
1576 4.240243712220012
1577 4.240243712220012
1578 2.2428723034746736
1579 2.2428723034746736
1580 2.2428723034746736
1581 2.2428723034746736
1582 2.2428723034746736
1583 4.388795972375382
1584 4.388795972375382
1585 4.388795972375382
1586 4.388795972375382
1587 4.388795972375382
1588 2.104494758282585
1589 2.104494758282585
1590 2.104494758282585
1591 2.104494758282585
1592 2.104494758282585
1593 2.113593893552167
1594 2.113593893552167
1595 2.113593893552167
1596 2.113593893552167
1597 2.113593893552167
1598 3.9345127496059895
1599 3.9345127496059895
1600 3.9345127496059895
1601 3.9345127496059895
1602 3.9345127496059895
1603 2.4222873448392903
1604 2.4222873448392903
1605 2.4222873448392903
1606 2.4222873448392903
1607 2.4222873448392903
1608 2.9532547322491136
1609 2.9532547322491136
1610 2.9532547322491136
1611 2.9532547322491136
1612 2.9532547322491136
1613 3.2617475445207704
1614 3.2617475445207704
1615 3.2617475445207704
1616 3.2617475445207704
1617 3.2617475445207704
1618 2.7219002012525126
1619 2.7219002012525126
1620 2.7219002012525126
1621 2.7219002012525126
1622 2.7219002012525126
1623 2.499161889454245
1624 2.499161889454245
1625 2.499161889454245
1626 2.499161889454245
1627 2.499161889454245
1628 3.0531653470080324
1629 3.0531653470080324
1630 3.0531653470080324
1631 3.0531653470080324
1632 3.0531653470080324
1633 2.554570442886305
1634 2.554570442886305
1635 2.554570442886305
1636 2.554570442886305
1637 2.554570442886305
1638 3.3939938641070126
1639 3.3939938641070126
1640 3.3939938641070126
1641 3.3939938641070126
1642 3.3939938641070126
1643 2.3513564856096267
1644 2.3513564856096267
1645 2.3513564856096267
1646 2.3513564856096267
1647 2.3513564856096267
1648 2.3720862611414595
1649 2.3720862611414595
1650 2.3720862611414595
1651 2.3720862611414595
1652 2.3720862611414595
1653 3.5850560543382715
1654 3.5850560543382715
1655 3.5850560543382715
1656 3.5850560543382715
1657 3.5850560543382715
1658 2.61660921240708
1659 2.61660921240708
1660 2.61660921240708
1661 2.61660921240708
1662 2.61660921240708
1663 4.021112559948084
1664 4.021112559948084
1665 4.021112559948084
1666 4.021112559948084
1667 4.021112559948084
1668 2.6849530353763535
1669 0.8459854819848923
1670 0.8459854819848923
1671 0.8459854819848923
1672 0.8459854819848923
1673 0.8459854819848923
1674 2.028127329327767
1675 2.028127329327767
1676 2.028127329327767
1677 2.028127329327767
1678 2.028127329327767
1679 0.7899933077925664
1680 0.7899933077925664
1681 0.7899933077925664
1682 0.7899933077925664
1683 0.7899933077925664
1684 1.5314003195894021
1685 1.5314003195894021
1686 1.5314003195894021
1687 1.5314003195894021
1688 1.5314003195894021
1689 1.2707399031242497
1690 1.2707399031242497
1691 1.2707399031242497
1692 1.2707399031242497
1693 1.2707399031242497
1694 1.4941750929834783
1695 1.4941750929834783
1696 1.4941750929834783
1697 1.4941750929834783
1698 1.4941750929834783
1699 0.1
1700 0.1
1701 0.1
1702 0.1
1703 0.1
1704 1.6362703412322372
1705 1.6362703412322372
1706 1.6362703412322372
1707 1.6362703412322372
1708 1.6362703412322372
1709 0.9940554509510472
1710 0.9940554509510472
1711 0.9940554509510472
1712 0.9940554509510472
1713 0.9940554509510472
1714 1.4586481060064913
1715 1.4586481060064913
1716 1.4586481060064913
1717 1.4586481060064913
1718 1.4586481060064913
1719 2.3895655049937377
1720 2.3895655049937377
1721 2.3895655049937377
1722 2.3895655049937377
1723 2.3895655049937377
1724 3.8108752744013823
1725 3.8108752744013823
1726 3.8108752744013823
1727 3.8108752744013823
1728 3.8108752744013823
1729 4.452581685764471
1730 4.452581685764471
1731 4.452581685764471
1732 4.452581685764471
1733 4.452581685764471
1734 4.366357295852891
1735 4.366357295852891
1736 4.366357295852891
1737 4.366357295852891
1738 4.366357295852891
1739 4.07683741655606
1740 4.07683741655606
1741 4.07683741655606
1742 4.07683741655606
1743 4.07683741655606
1744 2.56697776182678
1745 2.56697776182678
1746 2.56697776182678
1747 2.56697776182678
1748 2.56697776182678
1749 0.9204436055810814
1750 0.9204436055810814
1751 0.9204436055810814
1752 0.9204436055810814
1753 0.9204436055810814
1754 5.4711707432839685
1755 5.4711707432839685
1756 5.4711707432839685
1757 5.4711707432839685
1758 5.4711707432839685
1759 4.848359111320155
1760 4.848359111320155
1761 4.848359111320155
1762 4.848359111320155
1763 4.848359111320155
1764 3.797101609443383
1765 3.797101609443383
1766 3.797101609443383
1767 3.797101609443383
1768 3.797101609443383
1769 2.3227991045488565
1770 2.3227991045488565
1771 2.3227991045488565
1772 2.3227991045488565
1773 2.3227991045488565
1774 4.525069530606942
1775 4.525069530606942
1776 4.525069530606942
1777 4.525069530606942
1778 4.525069530606942
1779 3.5683275765136027
1780 3.5683275765136027
1781 3.5683275765136027
1782 3.5683275765136027
1783 3.5683275765136027
1784 4.984669721826878
1785 4.984669721826878
1786 4.984669721826878
1787 4.984669721826878
1788 4.984669721826878
1789 3.7299234587570953
1790 3.7299234587570953
1791 3.7299234587570953
1792 3.7299234587570953
1793 3.7299234587570953
1794 1.634410602822025
1795 1.634410602822025
1796 1.634410602822025
1797 1.634410602822025
1798 1.634410602822025
1799 2.654678709676306
1800 2.654678709676306
1801 2.654678709676306
1802 2.654678709676306
1803 2.654678709676306
1804 5.983080459594328
1805 5.983080459594328
1806 5.983080459594328
1807 5.983080459594328
1808 5.983080459594328
1809 2.19120580144023
1810 2.19120580144023
1811 2.19120580144023
1812 2.19120580144023
1813 2.19120580144023
1814 1.7816791764665854
1815 1.7816791764665854
1816 1.7816791764665854
1817 1.7816791764665854
1818 1.7816791764665854
1819 1.8911410403173534
1820 1.8911410403173534
1821 1.8911410403173534
1822 1.8911410403173534
1823 1.8911410403173534
1824 2.2487888586871367
1825 2.2487888586871367
1826 2.2487888586871367
1827 2.2487888586871367
1828 2.2487888586871367
1829 1.2597172320521697
1830 1.2597172320521697
1831 1.2597172320521697
1832 1.2597172320521697
1833 1.2597172320521697
1834 3.205029054477328
1835 3.205029054477328
1836 3.205029054477328
1837 3.205029054477328
1838 3.205029054477328
1839 3.7661558770523227
1840 3.7661558770523227
1841 3.7661558770523227
1842 3.7661558770523227
1843 3.7661558770523227
1844 2.504575067931704
1845 2.504575067931704
1846 2.504575067931704
1847 2.504575067931704
1848 2.504575067931704
1849 0.1
1850 0.1
1851 0.1
1852 0.1
1853 0.1
1854 3.7139980914885085
1855 3.7139980914885085
1856 3.7139980914885085
1857 3.7139980914885085
1858 3.7139980914885085
1859 2.2506798953841343
1860 2.2506798953841343
1861 2.2506798953841343
1862 2.2506798953841343
1863 2.2506798953841343
1864 4.566889912697347
1865 4.566889912697347
1866 4.566889912697347
1867 4.566889912697347
1868 4.566889912697347
1869 1.6003766472016707
1870 1.6003766472016707
1871 1.6003766472016707
1872 1.6003766472016707
1873 1.6003766472016707
1874 6.234616601388627
1875 6.234616601388627
1876 6.234616601388627
1877 6.234616601388627
1878 6.234616601388627
1879 4.573401151844668
1880 4.573401151844668
1881 4.573401151844668
1882 4.573401151844668
1883 4.573401151844668
1884 2.2450875335265374
1885 2.2450875335265374
1886 2.2450875335265374
1887 2.2450875335265374
1888 2.2450875335265374
1889 2.8760712106844997
1890 2.8760712106844997
1891 2.8760712106844997
1892 2.8760712106844997
1893 2.8760712106844997
1894 4.061448651867956
1895 4.061448651867956
1896 4.061448651867956
1897 4.061448651867956
1898 4.061448651867956
1899 2.8829428036364684
1900 2.8829428036364684
1901 2.8829428036364684
1902 2.8829428036364684
1903 2.8829428036364684
1904 3.0387363391088518
1905 3.0387363391088518
1906 3.0387363391088518
1907 3.0387363391088518
1908 3.0387363391088518
1909 5.8871143302895845
1910 5.8871143302895845
1911 5.8871143302895845
1912 5.8871143302895845
1913 5.8871143302895845
1914 5.891628260895573
1915 5.891628260895573
1916 5.891628260895573
1917 5.891628260895573
1918 5.891628260895573
1919 4.519574254549777
1920 4.519574254549777
1921 4.519574254549777
1922 4.519574254549777
1923 4.519574254549777
1924 2.8346000288438535
1925 2.8346000288438535
1926 2.8346000288438535
1927 2.8346000288438535
1928 2.8346000288438535
1929 4.544050510611591
1930 4.544050510611591
1931 4.544050510611591
1932 4.544050510611591
1933 4.544050510611591
1934 6.055505429239593
1935 6.055505429239593
1936 6.055505429239593
1937 6.055505429239593
1938 6.055505429239593
1939 5.268874150432325
1940 5.268874150432325
1941 5.268874150432325
1942 5.268874150432325
1943 5.268874150432325
1944 4.642224875515945
1945 4.642224875515945
1946 4.642224875515945
1947 4.642224875515945
1948 4.642224875515945
1949 3.5551687132292566
1950 3.5551687132292566
1951 3.5551687132292566
1952 3.5551687132292566
1953 3.5551687132292566
1954 2.63672340848205
1955 2.63672340848205
1956 2.63672340848205
1957 2.63672340848205
1958 2.63672340848205
1959 3.532394787605057
1960 3.532394787605057
1961 3.532394787605057
1962 3.532394787605057
1963 3.532394787605057
1964 2.01745780127641
1965 2.01745780127641
1966 2.01745780127641
1967 2.01745780127641
1968 2.01745780127641
1969 2.1530253018932672
1970 2.1530253018932672
1971 2.1530253018932672
1972 2.1530253018932672
1973 2.1530253018932672
1974 0.6145101101651447
1975 0.6145101101651447
1976 0.6145101101651447
1977 0.6145101101651447
1978 0.6145101101651447
1979 4.454416995245534
1980 4.454416995245534
1981 4.454416995245534
1982 4.454416995245534
1983 4.454416995245534
1984 1.9288949779664848
1985 1.9288949779664848
1986 1.9288949779664848
1987 1.9288949779664848
1988 1.9288949779664848
1989 0.7674518235271606
1990 0.7674518235271606
1991 0.7674518235271606
1992 0.7674518235271606
1993 0.7674518235271606
1994 1.9466096505500765
1995 1.9466096505500765
1996 1.9466096505500765
1997 1.9466096505500765
1998 1.9466096505500765
1999 5.339635899411181
