0 3.1012068564634925
1 3.1012068564634925
2 3.1012068564634925
3 3.1012068564634925
4 3.1012068564634925
5 3.221073521688336
6 3.221073521688336
7 3.221073521688336
8 3.221073521688336
9 3.221073521688336
10 3.1570186394088213
11 3.1570186394088213
12 3.1570186394088213
13 3.1570186394088213
14 3.1570186394088213
15 3.5271419528903394
16 3.5271419528903394
17 3.5271419528903394
18 3.5271419528903394
19 3.5271419528903394
20 3.2024921707854084
21 3.2024921707854084
22 3.2024921707854084
23 3.2024921707854084
24 3.2024921707854084
25 3.6692599422696475
26 3.6692599422696475
27 3.6692599422696475
28 3.6692599422696475
29 3.6692599422696475
30 3.9567866273859806
31 3.9567866273859806
32 3.9567866273859806
33 3.9567866273859806
34 3.9567866273859806
35 3.149243307902657
36 3.149243307902657
37 3.149243307902657
38 3.149243307902657
39 3.149243307902657
40 3.592650936867963
41 3.592650936867963
42 3.592650936867963
43 0.7345721050852914
44 0.7345721050852914
45 0.7345721050852914
46 0.7345721050852914
47 0.7345721050852914
48 0.6033941766499058
49 0.6033941766499058
50 0.6033941766499058
51 0.6033941766499058
52 0.6033941766499058
53 0.5792297932323714
54 0.5792297932323714
55 0.5792297932323714
56 0.5792297932323714
57 0.5792297932323714
58 0.6316017061949859
59 0.6316017061949859
60 0.6316017061949859
61 0.6316017061949859
62 0.6316017061949859
63 0.6835639446004342
64 0.6835639446004342
65 0.6835639446004342
66 0.6835639446004342
67 0.6835639446004342
68 0.6450752271210567
69 0.6450752271210567
70 0.6450752271210567
71 0.6450752271210567
72 2.09489546302883
73 2.09489546302883
74 2.09489546302883
75 2.09489546302883
76 2.09489546302883
77 1.8609117924767096
78 1.8609117924767096
79 1.8609117924767096
80 1.8609117924767096
81 1.8609117924767096
82 2.226563003723991
83 2.226563003723991
84 2.226563003723991
85 2.226563003723991
86 2.226563003723991
87 2.1189882773221
88 2.1189882773221
89 2.1189882773221
90 2.1189882773221
91 2.1189882773221
92 1.958890702018453
93 1.958890702018453
94 1.958890702018453
95 1.958890702018453
96 1.958890702018453
97 2.0911520173636533
98 2.0911520173636533
99 2.0911520173636533
100 2.0911520173636533
101 2.0911520173636533
102 1.9524426223604467
103 1.9524426223604467
104 1.9524426223604467
105 1.9524426223604467
106 1.9524426223604467
107 1.9000986050917479
108 1.9000986050917479
109 1.9000986050917479
110 1.9000986050917479
111 1.9000986050917479
112 2.0714337752491074
113 2.0714337752491074
114 2.0714337752491074
115 2.0714337752491074
116 2.0714337752491074
117 1.962372951492151
118 1.962372951492151
119 1.962372951492151
120 1.962372951492151
121 1.962372951492151
122 2.2697440903641133
123 2.2697440903641133
124 2.2697440903641133
125 2.2697440903641133
126 2.2697440903641133
127 1.9515286491650634
128 1.9515286491650634
129 1.9515286491650634
130 1.9515286491650634
131 1.9515286491650634
132 0.6986506160486724
133 0.6986506160486724
134 0.6986506160486724
135 0.6986506160486724
136 0.6986506160486724
137 0.6200527556690095
138 0.6200527556690095
139 0.6200527556690095
140 0.6200527556690095
141 0.6200527556690095
142 0.6577687563657948
143 0.6577687563657948
144 0.6577687563657948
145 0.6577687563657948
146 0.6577687563657948
147 0.5833327699622696
148 0.5833327699622696
149 0.5833327699622696
150 0.5833327699622696
151 0.5833327699622696
152 0.6312970989686191
153 0.6312970989686191
154 0.6312970989686191
155 0.6312970989686191
156 0.6312970989686191
157 0.48531315131053826
158 0.48531315131053826
159 0.48531315131053826
160 0.48531315131053826
161 0.48531315131053826
162 0.6227157629747145
163 0.6227157629747145
164 0.6227157629747145
165 0.6227157629747145
166 0.6227157629747145
167 0.683214683999136
168 0.683214683999136
169 0.683214683999136
170 0.683214683999136
171 0.683214683999136
172 0.6798864217543592
173 0.6798864217543592
174 0.6798864217543592
175 0.6798864217543592
176 0.6798864217543592
177 0.5953612081302431
178 0.5953612081302431
179 0.5953612081302431
180 0.5953612081302431
181 0.5953612081302431
182 0.6619546767392496
183 0.6619546767392496
184 0.6619546767392496
185 0.6619546767392496
186 0.6619546767392496
187 0.685194554069299
188 0.685194554069299
189 0.685194554069299
190 0.685194554069299
191 0.685194554069299
192 0.700367262638182
193 0.700367262638182
194 0.700367262638182
195 0.700367262638182
196 0.700367262638182
197 0.6740987237479447
198 0.6740987237479447
199 0.6740987237479447
200 0.6740987237479447
201 0.6740987237479447
202 0.5544536925716177
203 0.5544536925716177
204 0.5544536925716177
205 0.5544536925716177
206 0.5544536925716177
207 0.6435133300706911
208 0.6435133300706911
209 0.6435133300706911
210 0.6435133300706911
211 0.6435133300706911
212 0.6405155888928645
213 0.6405155888928645
214 0.6405155888928645
215 2.9846027671919653
216 2.9846027671919653
217 2.9846027671919653
218 2.9846027671919653
219 2.9846027671919653
220 3.2277350456906637
221 3.2277350456906637
222 3.2277350456906637
223 3.2277350456906637
224 3.2277350456906637
225 2.910279963233008
226 2.910279963233008
227 2.910279963233008
228 2.910279963233008
229 2.910279963233008
230 3.5421817609010624
231 3.5421817609010624
232 3.5421817609010624
233 3.5421817609010624
234 3.5421817609010624
235 3.589830626966008
236 3.589830626966008
237 3.589830626966008
238 3.589830626966008
239 3.589830626966008
240 3.2959709935635857
241 3.2959709935635857
242 3.2959709935635857
243 3.2959709935635857
244 3.2959709935635857
245 3.329854213423158
246 3.329854213423158
247 3.329854213423158
248 3.329854213423158
249 3.329854213423158
250 3.5741664383446556
251 3.5741664383446556
252 3.5741664383446556
253 3.5741664383446556
254 3.5741664383446556
255 3.1203668583492785
256 3.1203668583492785
257 3.1203668583492785
258 3.1203668583492785
259 3.1203668583492785
260 3.524080878102722
261 3.524080878102722
262 3.524080878102722
263 3.524080878102722
264 3.524080878102722
265 3.553502771036658
266 3.553502771036658
267 3.553502771036658
268 3.553502771036658
269 3.553502771036658
270 3.3984770904554353
271 3.3984770904554353
272 3.3984770904554353
273 3.3984770904554353
274 3.3984770904554353
275 3.3739272667978706
276 3.3739272667978706
277 3.3739272667978706
278 3.3739272667978706
279 3.3739272667978706
280 3.1705302087262193
281 3.1705302087262193
282 3.1705302087262193
283 3.1705302087262193
284 3.1705302087262193
285 2.912153159857856
286 2.912153159857856
287 2.912153159857856
288 2.912153159857856
289 2.912153159857856
290 3.4744831339957347
291 3.4744831339957347
292 3.4744831339957347
293 3.4744831339957347
294 3.4744831339957347
295 3.6823770219753262
296 3.6823770219753262
297 3.6823770219753262
298 3.6823770219753262
299 3.6823770219753262
300 3.7885456686285655
301 3.7885456686285655
302 3.7885456686285655
303 3.7885456686285655
304 3.7885456686285655
305 3.193967725011844
306 3.193967725011844
307 3.193967725011844
308 3.193967725011844
309 3.193967725011844
310 3.5513258673820807
311 3.5513258673820807
312 3.5513258673820807
313 3.5513258673820807
314 3.5513258673820807
315 3.5253950388019346
316 3.5253950388019346
317 3.5253950388019346
318 0.579412630878979
319 0.579412630878979
320 0.579412630878979
321 0.579412630878979
322 0.579412630878979
323 0.6742788561862768
324 0.6742788561862768
325 0.6742788561862768
326 0.6742788561862768
327 0.6742788561862768
328 0.6853997580502704
329 0.6853997580502704
330 0.6853997580502704
331 0.6853997580502704
332 0.6853997580502704
333 0.6162183279411727
334 0.6162183279411727
335 0.6162183279411727
336 0.6162183279411727
337 0.6162183279411727
338 0.6538296698287237
339 0.6538296698287237
340 0.6538296698287237
341 0.6538296698287237
342 0.6538296698287237
343 0.6452374198435806
344 0.6452374198435806
345 0.6452374198435806
346 0.6452374198435806
347 0.6452374198435806
348 0.6756738444895878
349 0.6756738444895878
350 0.6756738444895878
351 0.6756738444895878
352 0.6756738444895878
353 0.6928440215273546
354 0.6928440215273546
355 0.6928440215273546
356 0.6928440215273546
357 0.6928440215273546
358 0.6159491206987842
359 0.6159491206987842
360 0.6159491206987842
361 0.6159491206987842
362 0.6159491206987842
363 0.6654795737579932
364 0.6654795737579932
365 0.6654795737579932
366 0.6654795737579932
367 0.6654795737579932
368 0.705295319805606
369 0.705295319805606
370 0.705295319805606
371 0.705295319805606
372 0.705295319805606
373 0.6357750342302226
374 0.6357750342302226
375 0.6357750342302226
376 0.6357750342302226
377 0.6357750342302226
378 0.6616535305749098
379 0.6616535305749098
380 0.6616535305749098
381 0.6616535305749098
382 0.6616535305749098
383 0.6080324251190592
384 0.6080324251190592
385 0.6080324251190592
386 0.6080324251190592
387 0.6080324251190592
388 0.6697886937937713
389 0.6697886937937713
390 0.6697886937937713
391 0.6697886937937713
392 0.6697886937937713
393 0.6663978614194742
394 0.6663978614194742
395 0.6663978614194742
396 0.6663978614194742
397 0.6663978614194742
398 0.5626868839034003
399 0.5626868839034003
400 0.5626868839034003
401 0.5626868839034003
402 0.5626868839034003
403 0.6357104874680597
404 0.6357104874680597
405 0.6357104874680597
406 0.6357104874680597
407 0.6357104874680597
408 0.6301930920263428
409 0.6301930920263428
410 0.6301930920263428
411 0.6301930920263428
412 0.6301930920263428
413 0.7165820534529118
414 0.7165820534529118
415 0.7165820534529118
416 0.7165820534529118
417 0.7165820534529118
418 0.6578370026673789
419 0.6578370026673789
420 0.6578370026673789
421 0.6578370026673789
422 0.6578370026673789
423 0.6207707603374584
424 0.6207707603374584
425 0.6207707603374584
426 0.6207707603374584
427 0.6207707603374584
428 0.6863710235232741
429 0.6863710235232741
430 0.6863710235232741
431 0.6863710235232741
432 0.6863710235232741
433 0.6892265059512602
434 0.6892265059512602
435 0.6892265059512602
436 0.6892265059512602
437 0.6892265059512602
438 0.5357198812658965
439 0.5357198812658965
440 0.5357198812658965
441 0.5357198812658965
442 0.5357198812658965
443 0.6489712938387933
444 0.6489712938387933
445 0.6489712938387933
446 0.6489712938387933
447 0.6489712938387933
448 0.621019885744198
449 0.621019885744198
450 0.621019885744198
451 0.621019885744198
452 0.621019885744198
453 0.6256978523460061
454 0.6256978523460061
455 0.6256978523460061
456 0.6256978523460061
457 0.6256978523460061
458 0.6966997039257007
459 0.6966997039257007
460 0.6966997039257007
461 0.6966997039257007
462 0.6966997039257007
463 0.6067211587850156
464 0.6067211587850156
465 0.6067211587850156
466 0.6067211587850156
467 0.6067211587850156
468 0.6013167903519023
469 0.6013167903519023
470 0.6013167903519023
471 0.6013167903519023
472 0.6013167903519023
473 0.645597202246697
474 0.645597202246697
475 0.645597202246697
476 0.645597202246697
477 0.645597202246697
478 0.6975082301295011
479 0.6975082301295011
480 0.6975082301295011
481 0.6975082301295011
482 0.6975082301295011
483 0.649451518869501
484 0.649451518869501
485 0.649451518869501
486 0.649451518869501
487 0.649451518869501
488 0.6894479707724319
489 0.6894479707724319
490 0.6894479707724319
491 0.6894479707724319
492 0.6894479707724319
493 0.672843924628885
494 0.672843924628885
495 0.672843924628885
496 0.672843924628885
497 0.672843924628885
498 0.6258082645735593
499 0.6258082645735593
500 0.6258082645735593
501 0.6258082645735593
502 0.6258082645735593
503 0.717520713265985
504 0.717520713265985
505 0.717520713265985
506 0.717520713265985
507 0.717520713265985
508 0.6472758132099982
509 0.6472758132099982
510 0.6472758132099982
511 0.6472758132099982
512 0.6472758132099982
513 0.6273021785723828
514 0.6273021785723828
515 0.6273021785723828
516 0.6273021785723828
517 0.6273021785723828
518 0.7109645991130854
519 0.7109645991130854
520 0.7109645991130854
521 0.7109645991130854
522 0.7109645991130854
523 0.6031348461044372
524 0.6031348461044372
525 0.6031348461044372
526 0.6031348461044372
527 0.6031348461044372
528 0.6518544396886939
529 0.6518544396886939
530 0.6518544396886939
531 0.6518544396886939
532 0.6518544396886939
533 0.6847699998882518
534 0.6847699998882518
535 3.9659426169111276
536 2.5451431583769346
537 2.5451431583769346
538 2.5451431583769346
539 2.5451431583769346
540 2.5451431583769346
541 2.63653718549361
542 2.63653718549361
543 2.63653718549361
544 2.63653718549361
545 2.63653718549361
546 2.4126264004342404
547 2.4126264004342404
548 2.4126264004342404
549 2.4126264004342404
550 2.4126264004342404
551 2.2697969892128533
552 2.2697969892128533
553 2.2697969892128533
554 2.2697969892128533
555 2.2697969892128533
556 2.556884328541278
557 2.556884328541278
558 2.556884328541278
559 2.556884328541278
560 2.556884328541278
561 2.377068578035699
562 2.377068578035699
563 2.377068578035699
564 2.377068578035699
565 2.377068578035699
566 2.4996542865386235
567 2.4996542865386235
568 2.4996542865386235
569 2.4996542865386235
570 2.4996542865386235
571 2.263118467089422
572 2.263118467089422
573 2.263118467089422
574 2.263118467089422
575 2.263118467089422
576 2.757574076926981
577 2.757574076926981
578 2.757574076926981
579 2.757574076926981
580 2.757574076926981
581 2.389241732935572
582 2.389241732935572
583 2.389241732935572
584 2.389241732935572
585 2.389241732935572
586 2.636623599244708
587 2.636623599244708
588 2.636623599244708
589 2.636623599244708
590 2.636623599244708
591 2.6613947934552704
592 2.6613947934552704
593 2.6613947934552704
594 2.6613947934552704
595 2.6613947934552704
596 2.507082061795434
597 2.507082061795434
598 2.507082061795434
599 2.507082061795434
600 2.507082061795434
601 2.390256011433473
602 2.390256011433473
603 2.390256011433473
604 2.390256011433473
605 2.390256011433473
606 2.2906286580649726
607 2.2906286580649726
608 2.2906286580649726
609 2.2906286580649726
610 2.2906286580649726
611 2.668259774091565
612 2.668259774091565
613 2.668259774091565
614 2.668259774091565
615 2.668259774091565
616 2.1466150715827172
617 2.1466150715827172
618 2.1466150715827172
619 2.1466150715827172
620 2.1466150715827172
621 2.4421595168409436
622 2.4421595168409436
623 2.4421595168409436
624 2.4421595168409436
625 2.4421595168409436
626 2.310477361381419
627 2.310477361381419
628 2.310477361381419
629 2.310477361381419
630 2.310477361381419
631 2.7218232320945095
632 2.7218232320945095
633 2.7218232320945095
634 2.7218232320945095
635 2.7218232320945095
636 2.0308142575370267
637 2.0308142575370267
638 2.0308142575370267
639 2.0308142575370267
640 2.0308142575370267
641 2.463248698227926
642 2.463248698227926
643 2.463248698227926
644 2.463248698227926
645 2.463248698227926
646 2.5488839914424237
647 2.5488839914424237
648 2.5488839914424237
649 2.5488839914424237
650 2.5488839914424237
651 2.3528243770683375
652 2.3528243770683375
653 2.3528243770683375
654 2.3528243770683375
655 2.3528243770683375
656 2.372656181142676
657 2.372656181142676
658 2.372656181142676
659 2.372656181142676
660 2.372656181142676
661 2.3960550482075225
662 2.3960550482075225
663 2.3960550482075225
664 2.3960550482075225
665 2.3960550482075225
666 2.3902012172012554
667 2.3902012172012554
668 2.3902012172012554
669 2.3902012172012554
670 2.3902012172012554
671 2.233490867242222
672 2.233490867242222
673 2.233490867242222
674 2.233490867242222
675 2.233490867242222
676 2.6361607416160577
677 2.6361607416160577
678 2.6361607416160577
679 2.6361607416160577
680 2.6361607416160577
681 2.6069535833452626
682 2.6069535833452626
683 2.6069535833452626
684 2.6069535833452626
685 2.6069535833452626
686 2.8883212457559226
687 2.8883212457559226
688 2.8883212457559226
689 2.8883212457559226
690 2.8883212457559226
691 2.144512420291011
692 2.144512420291011
693 2.144512420291011
694 2.144512420291011
695 2.144512420291011
696 2.474859542605325
697 2.474859542605325
698 2.474859542605325
699 2.474859542605325
700 2.474859542605325
701 2.4447457775002417
702 2.4447457775002417
703 2.4447457775002417
704 2.4447457775002417
705 2.4447457775002417
706 2.539713936729033
707 2.539713936729033
708 2.539713936729033
709 2.539713936729033
710 2.539713936729033
711 2.514517514100159
712 2.514517514100159
713 2.514517514100159
714 2.514517514100159
715 2.514517514100159
716 2.69478370750593
717 2.69478370750593
718 2.69478370750593
719 2.69478370750593
720 2.69478370750593
721 2.7290465428180144
722 2.7290465428180144
723 2.7290465428180144
724 2.7290465428180144
725 2.7290465428180144
726 2.5975805769119598
727 2.5975805769119598
728 3.544289705664057
729 3.544289705664057
730 3.544289705664057
731 3.544289705664057
732 3.544289705664057
733 3.4143694190670995
734 3.4143694190670995
735 3.4143694190670995
736 3.4143694190670995
737 3.4143694190670995
738 2.785680658668518
739 2.785680658668518
740 2.785680658668518
741 2.785680658668518
742 2.785680658668518
743 3.176225208089997
744 3.176225208089997
745 3.176225208089997
746 3.176225208089997
747 3.176225208089997
748 3.321261551619682
749 3.321261551619682
750 3.321261551619682
751 3.321261551619682
752 3.321261551619682
753 3.858237691405046
754 3.858237691405046
755 3.858237691405046
756 3.858237691405046
757 3.858237691405046
758 3.4136160522479466
759 3.4136160522479466
760 3.4136160522479466
761 3.4136160522479466
762 3.4136160522479466
763 3.5339583906707963
764 3.5339583906707963
765 3.5339583906707963
766 3.5339583906707963
767 3.5339583906707963
768 3.308978009496959
769 3.308978009496959
770 3.308978009496959
771 3.308978009496959
772 3.308978009496959
773 3.667887653833191
774 3.667887653833191
775 3.667887653833191
776 3.667887653833191
777 3.667887653833191
778 3.1257701285965496
779 3.1257701285965496
780 3.1257701285965496
781 3.1257701285965496
782 3.1257701285965496
783 3.536730582343431
784 3.536730582343431
785 3.536730582343431
786 3.536730582343431
787 3.536730582343431
788 3.3572810047136734
789 3.3572810047136734
790 3.3572810047136734
791 3.3572810047136734
792 3.3572810047136734
793 3.61900416264979
794 3.61900416264979
795 3.61900416264979
796 3.61900416264979
797 3.61900416264979
798 3.1249962378442193
799 3.1249962378442193
800 3.1249962378442193
801 3.1249962378442193
802 3.1249962378442193
803 3.421815364049211
804 3.421815364049211
805 3.421815364049211
806 3.421815364049211
807 3.421815364049211
808 3.438989423746266
809 3.438989423746266
810 3.438989423746266
811 3.438989423746266
812 3.438989423746266
813 3.6952842215891213
814 3.6952842215891213
815 3.6952842215891213
816 3.6952842215891213
817 3.6952842215891213
818 3.6460600572779844
819 3.6460600572779844
820 3.6460600572779844
821 3.6460600572779844
822 3.6460600572779844
823 3.4759808644563153
824 3.4759808644563153
825 3.4759808644563153
826 3.4759808644563153
827 3.4759808644563153
828 3.3450005589118432
829 3.3450005589118432
830 3.3450005589118432
831 3.3450005589118432
832 3.3450005589118432
833 2.835830264079921
834 2.835830264079921
835 2.835830264079921
836 2.835830264079921
837 2.835830264079921
838 3.7574219297581823
839 3.7574219297581823
840 3.7574219297581823
841 3.7574219297581823
842 3.7574219297581823
843 3.27350353561171
844 3.27350353561171
845 3.27350353561171
846 3.27350353561171
847 3.27350353561171
848 3.9107329223838647
849 3.9107329223838647
850 3.9107329223838647
851 3.9107329223838647
852 3.9107329223838647
853 3.6445576118161025
854 3.6445576118161025
855 3.6445576118161025
856 3.6445576118161025
857 3.6445576118161025
858 3.7927752057897783
859 3.7927752057897783
860 3.7927752057897783
861 3.7927752057897783
862 3.7927752057897783
863 3.330386071682192
864 3.330386071682192
865 3.330386071682192
866 3.330386071682192
867 3.330386071682192
868 2.587595514357181
869 2.587595514357181
870 2.587595514357181
871 2.587595514357181
872 2.587595514357181
873 3.5699841088263167
874 3.5699841088263167
875 3.5699841088263167
876 3.5699841088263167
877 3.5699841088263167
878 3.395449184239768
879 3.395449184239768
880 3.395449184239768
881 3.395449184239768
882 3.395449184239768
883 3.218039405834698
884 3.218039405834698
885 3.218039405834698
886 3.218039405834698
887 3.218039405834698
888 3.6723817615225895
889 3.6723817615225895
890 3.6723817615225895
891 3.6723817615225895
892 3.6723817615225895
893 3.6178958356231297
894 3.6178958356231297
895 3.6178958356231297
896 3.6178958356231297
897 3.6178958356231297
898 3.4619326749002854
899 3.4619326749002854
900 3.4619326749002854
901 3.4619326749002854
902 3.4619326749002854
903 3.475627940438223
904 3.475627940438223
905 3.475627940438223
906 3.475627940438223
907 3.475627940438223
908 3.277144547082881
909 3.277144547082881
910 3.277144547082881
911 3.277144547082881
912 3.277144547082881
913 3.390349854148235
914 3.390349854148235
915 3.390349854148235
916 3.390349854148235
917 3.390349854148235
918 3.847438492334586
919 3.847438492334586
920 3.847438492334586
921 3.847438492334586
922 3.847438492334586
923 3.089068843376204
924 3.089068843376204
925 3.089068843376204
926 3.089068843376204
927 3.089068843376204
928 3.322238062733388
929 3.322238062733388
930 3.322238062733388
931 3.322238062733388
932 3.322238062733388
933 3.1785421223817534
934 3.1785421223817534
935 3.1785421223817534
936 3.1785421223817534
937 3.1785421223817534
938 3.664962653859171
939 3.664962653859171
940 3.664962653859171
941 3.664962653859171
942 3.664962653859171
943 3.3001237771568417
944 3.3001237771568417
945 3.3001237771568417
946 3.3001237771568417
947 3.3001237771568417
948 3.375060553092282
949 3.375060553092282
950 3.375060553092282
951 3.375060553092282
952 3.375060553092282
953 3.608028611647178
954 3.608028611647178
955 3.608028611647178
956 3.608028611647178
957 3.608028611647178
958 3.2893173032661567
959 3.2893173032661567
960 3.2893173032661567
961 3.2893173032661567
962 3.2893173032661567
963 3.1251034782265728
964 2.878768328991431
965 2.878768328991431
966 2.878768328991431
967 2.878768328991431
968 2.878768328991431
969 2.963558600060388
970 2.963558600060388
971 2.963558600060388
972 2.963558600060388
973 2.963558600060388
974 2.50525983830863
975 2.50525983830863
976 2.50525983830863
977 2.50525983830863
978 2.50525983830863
979 3.0198757382858137
980 3.0198757382858137
981 3.0198757382858137
982 3.0198757382858137
983 3.0198757382858137
984 2.6989192770920636
985 2.6989192770920636
986 2.6989192770920636
987 2.6989192770920636
988 2.6989192770920636
989 2.8833910485682352
990 2.8833910485682352
991 2.8833910485682352
992 2.8833910485682352
993 2.8833910485682352
994 3.10205828838036
995 3.10205828838036
996 3.10205828838036
997 3.10205828838036
998 3.10205828838036
999 2.7148053397833745
1000 2.7148053397833745
1001 2.7148053397833745
1002 2.7148053397833745
1003 2.7148053397833745
1004 3.11941658580649
1005 3.11941658580649
1006 3.11941658580649
1007 3.11941658580649
1008 3.11941658580649
1009 2.7504284198927302
1010 2.7504284198927302
1011 2.7504284198927302
1012 2.7504284198927302
1013 2.7504284198927302
1014 2.9924813881624472
1015 2.9924813881624472
1016 2.9924813881624472
1017 2.9924813881624472
1018 2.9924813881624472
1019 2.7434034728049492
1020 2.7434034728049492
1021 2.7434034728049492
1022 2.7434034728049492
1023 2.7434034728049492
1024 2.811393468932509
1025 2.811393468932509
1026 2.811393468932509
1027 2.811393468932509
1028 2.811393468932509
1029 3.023581001019612
1030 3.023581001019612
1031 3.023581001019612
1032 3.023581001019612
1033 3.023581001019612
1034 3.026547439613236
1035 3.026547439613236
1036 3.026547439613236
1037 3.026547439613236
1038 3.026547439613236
1039 2.9648428057289653
1040 2.9648428057289653
1041 2.9648428057289653
1042 2.9648428057289653
1043 2.9648428057289653
1044 3.023005443041442
1045 3.023005443041442
1046 3.023005443041442
1047 3.023005443041442
1048 3.023005443041442
1049 3.09982384914452
1050 3.09982384914452
1051 3.09982384914452
1052 3.09982384914452
1053 3.09982384914452
1054 2.9721757515523897
1055 2.9721757515523897
1056 2.9721757515523897
1057 2.9721757515523897
1058 2.9721757515523897
1059 3.358422961433131
1060 3.358422961433131
1061 3.358422961433131
1062 3.358422961433131
1063 3.358422961433131
1064 3.258197332269932
1065 3.258197332269932
1066 3.258197332269932
1067 3.258197332269932
1068 3.258197332269932
1069 2.679695314232377
1070 2.679695314232377
1071 2.679695314232377
1072 2.679695314232377
1073 2.679695314232377
1074 2.81007904637948
1075 2.81007904637948
1076 2.81007904637948
1077 2.81007904637948
1078 2.81007904637948
1079 2.7237455956940497
1080 2.7237455956940497
1081 2.7237455956940497
1082 2.7237455956940497
1083 2.7237455956940497
1084 2.542341677498271
1085 2.542341677498271
1086 2.542341677498271
1087 2.542341677498271
1088 2.542341677498271
1089 2.998691697122639
1090 2.998691697122639
1091 2.998691697122639
1092 2.998691697122639
1093 2.998691697122639
1094 2.7139807636566053
1095 2.7139807636566053
1096 2.7139807636566053
1097 2.7139807636566053
1098 2.7139807636566053
1099 2.700443376513881
1100 2.700443376513881
1101 2.700443376513881
1102 2.700443376513881
1103 2.700443376513881
1104 2.827923371200992
1105 2.827923371200992
1106 2.827923371200992
1107 2.827923371200992
1108 2.827923371200992
1109 2.992828298804292
1110 2.992828298804292
1111 2.992828298804292
1112 2.992828298804292
1113 2.992828298804292
1114 2.6008025822996688
1115 2.6008025822996688
1116 2.6008025822996688
1117 2.6008025822996688
1118 2.6008025822996688
1119 2.7650834847175574
1120 2.7650834847175574
1121 2.7650834847175574
1122 2.7650834847175574
1123 2.7650834847175574
1124 2.5654481979371706
1125 2.5654481979371706
1126 2.5654481979371706
1127 2.5654481979371706
1128 2.5654481979371706
1129 2.911877754171249
1130 2.911877754171249
1131 2.911877754171249
1132 2.911877754171249
1133 2.911877754171249
1134 2.6090588962233623
1135 2.6090588962233623
1136 2.6090588962233623
1137 2.6090588962233623
1138 2.6090588962233623
1139 2.8681588419347497
1140 2.8681588419347497
1141 2.8681588419347497
1142 2.8681588419347497
1143 2.8681588419347497
1144 2.9635948700874253
1145 2.9635948700874253
1146 2.9635948700874253
1147 2.9635948700874253
1148 2.9635948700874253
1149 3.0266108596477426
1150 3.0266108596477426
1151 3.0266108596477426
1152 3.0266108596477426
1153 3.0266108596477426
1154 2.94470808681846
1155 2.94470808681846
1156 2.94470808681846
1157 2.94470808681846
1158 2.94470808681846
1159 2.9177466574173816
1160 2.9177466574173816
1161 2.9177466574173816
1162 2.9177466574173816
1163 2.9177466574173816
1164 2.2085057883118826
1165 2.2085057883118826
1166 2.2085057883118826
1167 2.2085057883118826
1168 2.2085057883118826
1169 3.110805325886438
1170 3.110805325886438
1171 3.110805325886438
1172 3.110805325886438
1173 3.110805325886438
1174 2.905639978504627
1175 2.905639978504627
1176 2.905639978504627
1177 2.905639978504627
1178 2.905639978504627
1179 2.955616216017139
1180 2.955616216017139
1181 2.955616216017139
1182 2.955616216017139
1183 2.955616216017139
1184 3.02074234005562
1185 3.02074234005562
1186 3.02074234005562
1187 3.02074234005562
1188 3.02074234005562
1189 2.8322215420511525
1190 2.8322215420511525
1191 2.8322215420511525
1192 2.8322215420511525
1193 2.8322215420511525
1194 2.807169432519081
1195 2.807169432519081
1196 2.807169432519081
1197 2.807169432519081
1198 2.807169432519081
1199 3.0089388363526792
1200 3.0089388363526792
1201 3.0089388363526792
1202 3.0089388363526792
1203 3.0089388363526792
1204 3.059421397925324
1205 3.059421397925324
1206 3.059421397925324
1207 3.506719513459299
1208 3.506719513459299
1209 3.506719513459299
1210 3.506719513459299
1211 3.506719513459299
1212 3.650771913194355
1213 3.650771913194355
1214 3.650771913194355
1215 3.650771913194355
1216 3.650771913194355
1217 3.3443993467216826
1218 3.3443993467216826
1219 3.3443993467216826
1220 3.3443993467216826
1221 3.3443993467216826
1222 3.097188808870938
1223 3.097188808870938
1224 3.097188808870938
1225 3.097188808870938
1226 3.097188808870938
1227 3.3742588923403205
1228 3.3742588923403205
1229 3.3742588923403205
1230 3.3742588923403205
1231 3.3742588923403205
1232 3.7519598281601327
1233 3.7519598281601327
1234 3.7519598281601327
1235 3.7519598281601327
1236 3.7519598281601327
1237 3.834164243933705
1238 3.834164243933705
1239 3.834164243933705
1240 3.834164243933705
1241 3.834164243933705
1242 3.4009338520563164
1243 3.4009338520563164
1244 3.4009338520563164
1245 3.4009338520563164
1246 3.4009338520563164
1247 3.3458006478729043
1248 3.3458006478729043
1249 3.3458006478729043
1250 3.3458006478729043
1251 3.3458006478729043
1252 3.133013630523521
1253 3.133013630523521
1254 3.133013630523521
1255 3.133013630523521
1256 3.133013630523521
1257 3.3019994019875396
1258 3.3019994019875396
1259 3.3019994019875396
1260 3.3019994019875396
1261 3.3019994019875396
1262 3.4899093104043786
1263 3.4899093104043786
1264 3.4899093104043786
1265 3.4899093104043786
1266 3.4899093104043786
1267 3.892951491956518
1268 3.892951491956518
1269 3.892951491956518
1270 3.892951491956518
1271 3.892951491956518
1272 3.35142289715815
1273 3.35142289715815
1274 3.35142289715815
1275 3.35142289715815
1276 3.35142289715815
1277 3.362560040066355
1278 3.362560040066355
1279 3.362560040066355
1280 3.362560040066355
1281 3.362560040066355
1282 3.643800163641458
1283 3.643800163641458
1284 3.643800163641458
1285 3.643800163641458
1286 3.643800163641458
1287 3.486758650371662
1288 3.486758650371662
1289 3.486758650371662
1290 3.486758650371662
1291 3.486758650371662
1292 3.1757280458747843
1293 3.1757280458747843
1294 3.1757280458747843
1295 3.1757280458747843
1296 3.1757280458747843
1297 3.6686186254115545
1298 3.6686186254115545
1299 3.6686186254115545
1300 3.6686186254115545
1301 3.6686186254115545
1302 3.3576843110993866
1303 3.3576843110993866
1304 3.3576843110993866
1305 3.3576843110993866
1306 3.3576843110993866
1307 3.18001709057136
1308 3.18001709057136
1309 3.18001709057136
1310 3.18001709057136
1311 3.18001709057136
1312 3.344917489957818
1313 3.344917489957818
1314 3.344917489957818
1315 3.344917489957818
1316 3.344917489957818
1317 3.7032233356885698
1318 3.7032233356885698
1319 3.7032233356885698
1320 3.7032233356885698
1321 3.7032233356885698
1322 3.5544618679444424
1323 3.5544618679444424
1324 3.5544618679444424
1325 3.5544618679444424
1326 3.5544618679444424
1327 3.4608050306500977
1328 3.4608050306500977
1329 3.4608050306500977
1330 3.4608050306500977
1331 3.4608050306500977
1332 3.887604701314538
1333 3.887604701314538
1334 3.887604701314538
1335 3.887604701314538
1336 3.887604701314538
1337 3.0201086668023573
1338 3.0201086668023573
1339 3.0201086668023573
1340 3.0201086668023573
1341 3.0201086668023573
1342 3.1566108736277707
1343 3.1566108736277707
1344 3.1566108736277707
1345 3.1566108736277707
1346 3.1566108736277707
1347 3.4354507598991155
1348 3.4354507598991155
1349 3.4354507598991155
1350 3.4354507598991155
1351 3.4354507598991155
1352 3.4980843252498603
1353 3.4980843252498603
1354 3.4980843252498603
1355 3.4980843252498603
1356 3.4980843252498603
1357 3.6191890149939243
1358 3.6191890149939243
1359 3.6191890149939243
1360 3.6191890149939243
1361 3.6191890149939243
1362 3.5485842747157843
1363 3.5485842747157843
1364 3.5485842747157843
1365 3.5485842747157843
1366 3.5485842747157843
1367 3.7067353882523535
1368 3.7067353882523535
1369 3.7067353882523535
1370 3.7067353882523535
1371 3.7067353882523535
1372 3.541507350979673
1373 3.541507350979673
1374 3.541507350979673
1375 3.541507350979673
1376 3.541507350979673
1377 3.3496946594941477
1378 3.3496946594941477
1379 3.3496946594941477
1380 3.3496946594941477
1381 3.3496946594941477
1382 3.680174782877973
1383 3.680174782877973
1384 3.680174782877973
1385 3.680174782877973
1386 3.680174782877973
1387 3.4084166224963215
1388 3.4084166224963215
1389 3.4084166224963215
1390 3.4084166224963215
1391 3.4084166224963215
1392 3.3639187665623713
1393 3.3639187665623713
1394 3.3639187665623713
1395 3.3639187665623713
1396 3.3639187665623713
1397 3.8528112518060507
1398 3.8528112518060507
1399 3.8528112518060507
1400 3.8528112518060507
1401 3.8528112518060507
1402 3.493362677951417
1403 3.493362677951417
1404 3.493362677951417
1405 3.493362677951417
1406 3.493362677951417
1407 3.2471767866750043
1408 3.2471767866750043
1409 3.2471767866750043
1410 3.2471767866750043
1411 3.2471767866750043
1412 3.3961253014597044
1413 3.3961253014597044
1414 3.3961253014597044
1415 3.3961253014597044
1416 3.3961253014597044
1417 3.5534036764033448
1418 3.5534036764033448
1419 3.5534036764033448
1420 3.5534036764033448
1421 3.5534036764033448
1422 3.234581104569579
1423 3.234581104569579
1424 3.234581104569579
1425 3.234581104569579
1426 3.234581104569579
1427 3.462661464922593
1428 3.462661464922593
1429 3.462661464922593
1430 3.462661464922593
1431 3.462661464922593
1432 3.607984275929912
1433 3.607984275929912
1434 3.607984275929912
1435 3.607984275929912
1436 3.607984275929912
1437 2.8874537379716836
1438 2.8874537379716836
1439 2.8874537379716836
1440 2.8874537379716836
1441 2.8874537379716836
1442 3.1741509641356727
1443 3.1741509641356727
1444 3.1741509641356727
1445 3.1741509641356727
1446 3.1741509641356727
1447 3.417152417616686
1448 3.417152417616686
1449 3.417152417616686
1450 3.417152417616686
1451 3.417152417616686
1452 2.9884233370442352
1453 2.9884233370442352
1454 2.9884233370442352
1455 2.9884233370442352
1456 2.9884233370442352
1457 3.2072627616935465
1458 3.2072627616935465
1459 3.2072627616935465
1460 3.2072627616935465
1461 3.2072627616935465
1462 3.005409306305426
1463 3.005409306305426
1464 3.005409306305426
1465 3.005409306305426
1466 3.005409306305426
1467 2.8070305893963674
1468 2.8070305893963674
1469 2.8070305893963674
1470 2.8070305893963674
1471 2.8070305893963674
1472 3.4578582322444884
1473 3.4578582322444884
1474 3.4578582322444884
1475 3.4578582322444884
1476 3.4578582322444884
1477 3.3003398242777644
1478 3.3003398242777644
1479 3.3003398242777644
1480 3.3003398242777644
1481 3.3003398242777644
1482 3.4043878453578005
1483 3.4043878453578005
1484 3.4043878453578005
1485 3.4043878453578005
1486 3.4043878453578005
1487 2.8877029851736675
1488 2.8877029851736675
1489 2.8877029851736675
1490 2.8877029851736675
1491 2.8877029851736675
1492 3.4807888205560378
1493 3.4807888205560378
1494 3.4807888205560378
1495 3.4807888205560378
1496 3.4807888205560378
1497 3.564674213962999
1498 3.564674213962999
1499 3.564674213962999
1500 3.564674213962999
1501 3.564674213962999
1502 3.188315997821681
1503 3.188315997821681
1504 3.188315997821681
1505 3.188315997821681
1506 3.188315997821681
1507 3.6400141917536937
1508 3.6400141917536937
1509 3.6400141917536937
1510 3.6400141917536937
1511 3.6400141917536937
1512 3.5333957641514684
1513 3.5333957641514684
1514 3.5333957641514684
1515 3.5333957641514684
1516 3.5333957641514684
1517 3.995583655446771
1518 3.995583655446771
1519 3.995583655446771
1520 3.995583655446771
1521 3.995583655446771
1522 3.67912316965892
1523 3.67912316965892
1524 3.67912316965892
1525 3.67912316965892
1526 3.67912316965892
1527 3.17467626135534
1528 3.17467626135534
1529 3.17467626135534
1530 3.17467626135534
1531 3.17467626135534
1532 3.6099333878619246
1533 3.6099333878619246
1534 3.6099333878619246
1535 3.6099333878619246
1536 3.6099333878619246
1537 3.409150284302498
1538 3.409150284302498
1539 3.409150284302498
1540 3.409150284302498
1541 3.409150284302498
1542 3.4267456518885924
1543 3.4267456518885924
1544 3.4267456518885924
1545 3.4267456518885924
1546 3.4267456518885924
1547 3.4596344784118678
1548 3.4596344784118678
1549 3.4596344784118678
1550 3.4596344784118678
1551 3.4596344784118678
1552 2.9437311316009356
1553 2.9437311316009356
1554 2.9437311316009356
1555 2.9437311316009356
1556 2.9437311316009356
1557 3.6617701982689352
1558 3.6617701982689352
1559 3.6617701982689352
1560 3.6617701982689352
1561 3.6617701982689352
1562 3.633496127337794
1563 3.633496127337794
1564 3.633496127337794
1565 3.633496127337794
1566 3.633496127337794
1567 2.9197414291206605
1568 2.9197414291206605
1569 2.9197414291206605
1570 2.9197414291206605
1571 2.9197414291206605
1572 3.271501388965071
1573 3.271501388965071
1574 3.271501388965071
1575 3.271501388965071
1576 3.271501388965071
1577 2.974348420807425
1578 2.974348420807425
1579 2.974348420807425
1580 2.974348420807425
1581 2.974348420807425
1582 3.6811715900685353
1583 3.6811715900685353
1584 3.6811715900685353
1585 3.6811715900685353
1586 3.6811715900685353
1587 3.263725243138695
1588 3.263725243138695
1589 3.263725243138695
1590 3.263725243138695
1591 3.263725243138695
1592 3.272721775036594
1593 3.272721775036594
1594 3.272721775036594
1595 3.272721775036594
1596 3.272721775036594
1597 3.059682912852673
1598 3.059682912852673
1599 3.059682912852673
1600 3.059682912852673
1601 3.059682912852673
1602 3.2885016337267063
1603 3.2885016337267063
1604 3.2885016337267063
1605 3.2885016337267063
1606 3.2885016337267063
1607 3.181958624317574
1608 3.181958624317574
1609 3.181958624317574
1610 3.181958624317574
1611 3.181958624317574
1612 2.9833052917992533
1613 2.9833052917992533
1614 2.9833052917992533
1615 2.9833052917992533
1616 2.9833052917992533
1617 3.1952992660717587
1618 3.1952992660717587
1619 3.1952992660717587
1620 3.1952992660717587
1621 3.1952992660717587
1622 3.5630091657109
1623 3.5630091657109
1624 3.5630091657109
1625 3.5630091657109
1626 3.5630091657109
1627 2.9432961596391216
1628 2.9432961596391216
1629 2.9432961596391216
1630 2.9432961596391216
1631 2.9432961596391216
1632 3.801343400285503
1633 3.801343400285503
1634 3.801343400285503
1635 3.801343400285503
1636 3.801343400285503
1637 3.03756968176783
1638 3.03756968176783
1639 3.03756968176783
1640 3.03756968176783
1641 3.03756968176783
1642 3.7682021359028384
1643 3.7682021359028384
1644 3.7682021359028384
1645 3.7682021359028384
1646 3.7682021359028384
1647 3.787007434744304
1648 3.787007434744304
1649 3.787007434744304
1650 3.787007434744304
1651 3.787007434744304
1652 4.440646086454478
1653 4.440646086454478
1654 4.440646086454478
1655 4.440646086454478
1656 4.440646086454478
1657 4.468946209805601
1658 4.468946209805601
1659 4.468946209805601
1660 4.468946209805601
1661 4.468946209805601
1662 4.459514633350167
1663 4.459514633350167
1664 4.459514633350167
1665 4.459514633350167
1666 4.459514633350167
1667 4.145532977213925
1668 4.145532977213925
1669 4.145532977213925
1670 4.145532977213925
1671 4.145532977213925
1672 4.651678300065466
1673 4.651678300065466
1674 4.651678300065466
1675 4.651678300065466
1676 4.651678300065466
1677 4.21962265668499
1678 4.21962265668499
1679 4.21962265668499
1680 4.21962265668499
1681 4.21962265668499
1682 4.742108611103537
1683 4.742108611103537
1684 4.742108611103537
1685 4.742108611103537
1686 4.742108611103537
1687 4.3559089872320955
1688 2.1250864486985876
1689 2.1250864486985876
1690 2.1250864486985876
1691 2.1250864486985876
1692 2.1250864486985876
1693 2.300949739545323
1694 2.300949739545323
1695 2.300949739545323
1696 2.300949739545323
1697 2.300949739545323
1698 2.069453187304167
1699 2.069453187304167
1700 2.069453187304167
1701 2.069453187304167
1702 2.069453187304167
1703 1.9409598563857589
1704 1.9409598563857589
1705 1.9409598563857589
1706 1.9409598563857589
1707 1.9409598563857589
1708 2.0140810953364916
1709 0.21628088674250096
1710 0.21628088674250096
1711 0.21628088674250096
1712 0.21628088674250096
1713 0.21628088674250096
1714 0.1890168092101831
1715 0.1890168092101831
1716 0.1890168092101831
1717 0.1890168092101831
1718 0.1890168092101831
1719 0.18793351249969467
1720 0.18793351249969467
1721 0.18793351249969467
1722 0.18793351249969467
1723 0.18793351249969467
1724 0.19067103841272978
1725 0.19067103841272978
1726 0.19067103841272978
1727 0.19067103841272978
1728 0.19067103841272978
1729 0.2154163902704233
1730 0.2154163902704233
1731 0.2154163902704233
1732 0.2154163902704233
1733 0.2154163902704233
1734 0.2240671961048855
1735 0.2240671961048855
1736 2.096220163359939
1737 2.096220163359939
1738 2.096220163359939
1739 2.096220163359939
1740 2.096220163359939
1741 2.2595215694243573
1742 2.2595215694243573
1743 2.2595215694243573
1744 2.2595215694243573
1745 2.2595215694243573
1746 2.047021637312569
1747 2.047021637312569
1748 2.047021637312569
1749 2.047021637312569
1750 2.047021637312569
1751 1.9666027486802715
1752 1.9666027486802715
1753 1.9666027486802715
1754 1.9666027486802715
1755 1.9666027486802715
1756 1.760226391633
1757 1.760226391633
1758 1.760226391633
1759 1.760226391633
1760 1.760226391633
1761 1.9970612179789602
1762 1.9970612179789602
1763 1.9970612179789602
1764 1.9970612179789602
1765 1.9970612179789602
1766 2.1338308138564783
1767 2.1338308138564783
1768 2.1338308138564783
1769 2.1338308138564783
1770 2.1338308138564783
1771 2.1602468849122936
1772 2.1602468849122936
1773 2.1602468849122936
1774 2.1602468849122936
1775 2.1602468849122936
1776 2.122739938970362
1777 2.122739938970362
1778 2.122739938970362
1779 2.122739938970362
1780 2.122739938970362
1781 2.2922736639131305
1782 2.2922736639131305
1783 2.2922736639131305
1784 2.2922736639131305
1785 2.2922736639131305
1786 2.099249914937246
1787 2.099249914937246
1788 2.099249914937246
1789 2.099249914937246
1790 2.099249914937246
1791 2.0072091568014363
1792 2.0072091568014363
1793 2.0072091568014363
1794 2.0072091568014363
1795 2.0072091568014363
1796 2.126773407626554
1797 2.126773407626554
1798 2.126773407626554
1799 2.126773407626554
1800 2.126773407626554
1801 2.125950716074141
1802 2.125950716074141
1803 2.125950716074141
1804 2.125950716074141
1805 2.125950716074141
1806 2.0742751258309116
1807 2.0742751258309116
1808 2.0742751258309116
1809 2.0742751258309116
1810 2.0742751258309116
1811 2.297446501995421
1812 2.297446501995421
1813 2.297446501995421
1814 2.297446501995421
1815 2.297446501995421
1816 1.8171435571699674
1817 1.8171435571699674
1818 3.257615181641814
1819 3.257615181641814
1820 3.257615181641814
1821 3.257615181641814
1822 3.257615181641814
1823 1.3643318160074298
1824 1.3643318160074298
1825 1.3643318160074298
1826 1.3643318160074298
1827 1.3643318160074298
1828 1.534568121009352
1829 1.534568121009352
1830 1.534568121009352
1831 1.534568121009352
1832 1.534568121009352
1833 1.5227996503625791
1834 1.5227996503625791
1835 1.5227996503625791
1836 1.5227996503625791
1837 1.5227996503625791
1838 1.5582586362716477
1839 0.6214736447444255
1840 0.6214736447444255
1841 0.6214736447444255
1842 0.6214736447444255
1843 0.6214736447444255
1844 0.6174968841758884
1845 0.6174968841758884
1846 0.6174968841758884
1847 0.6174968841758884
1848 0.6174968841758884
1849 0.6355592342393623
1850 0.6355592342393623
1851 0.6355592342393623
1852 0.6355592342393623
1853 0.6355592342393623
1854 0.7477729263950462
1855 0.7477729263950462
1856 0.7477729263950462
1857 0.7477729263950462
1858 0.7477729263950462
1859 0.6358827464681072
1860 0.6358827464681072
1861 0.6358827464681072
1862 0.6358827464681072
1863 0.6358827464681072
1864 0.6136899533000064
1865 0.6136899533000064
1866 0.6136899533000064
1867 0.6136899533000064
1868 0.6136899533000064
1869 0.6716075845007785
1870 0.6716075845007785
1871 0.6716075845007785
1872 0.6716075845007785
1873 0.6716075845007785
1874 0.6818534092348391
1875 0.6818534092348391
1876 0.6818534092348391
1877 0.6818534092348391
1878 0.6818534092348391
1879 0.6743373884283527
1880 0.6743373884283527
1881 0.6743373884283527
1882 0.6743373884283527
1883 0.6743373884283527
1884 0.6054269409998071
1885 0.6054269409998071
1886 0.6054269409998071
1887 0.6054269409998071
1888 0.6054269409998071
1889 0.651343068725006
1890 0.651343068725006
1891 0.651343068725006
1892 0.651343068725006
1893 0.651343068725006
1894 0.646110145759704
1895 0.646110145759704
1896 0.646110145759704
1897 0.646110145759704
1898 0.646110145759704
1899 0.6533488483391953
1900 0.6533488483391953
1901 0.6533488483391953
1902 0.6533488483391953
1903 0.6533488483391953
1904 0.6686026959013731
1905 0.6686026959013731
1906 0.6686026959013731
1907 0.6686026959013731
1908 0.6686026959013731
1909 0.6915096883271036
1910 0.6915096883271036
1911 0.6915096883271036
1912 0.6915096883271036
1913 0.6915096883271036
1914 0.6729326418763509
1915 0.6729326418763509
1916 0.6729326418763509
1917 0.6729326418763509
1918 0.6729326418763509
1919 0.6370298714181802
1920 0.6370298714181802
1921 0.6370298714181802
1922 0.6370298714181802
1923 0.6370298714181802
1924 0.6769860447268684
1925 0.6769860447268684
1926 0.6769860447268684
1927 0.6769860447268684
1928 0.6769860447268684
1929 0.649609195185308
1930 0.649609195185308
1931 0.649609195185308
1932 1.8707988885949112
1933 1.8707988885949112
1934 1.8707988885949112
1935 1.8707988885949112
1936 1.8707988885949112
1937 2.0526859305467884
1938 2.0526859305467884
1939 2.0526859305467884
1940 2.0526859305467884
1941 2.0526859305467884
1942 1.9441468552981958
1943 1.9441468552981958
1944 1.9441468552981958
1945 1.9441468552981958
1946 1.9441468552981958
1947 1.9495980614982868
1948 1.9495980614982868
1949 2.5870224630190015
1950 2.5870224630190015
1951 2.5870224630190015
1952 2.5870224630190015
1953 2.5870224630190015
1954 2.333008140676032
1955 2.333008140676032
1956 2.333008140676032
1957 2.333008140676032
1958 2.333008140676032
1959 2.622019796977739
1960 2.622019796977739
1961 2.622019796977739
1962 2.622019796977739
1963 2.622019796977739
1964 2.7385897158400647
1965 2.7385897158400647
1966 4.600199103108604
1967 4.600199103108604
1968 4.600199103108604
1969 4.600199103108604
1970 4.600199103108604
1971 4.23009815796084
1972 4.23009815796084
1973 4.23009815796084
1974 4.23009815796084
1975 4.23009815796084
1976 4.004566298641132
1977 4.004566298641132
1978 4.004566298641132
1979 4.004566298641132
1980 4.004566298641132
1981 4.412315584092019
1982 4.412315584092019
1983 4.412315584092019
1984 4.412315584092019
1985 4.412315584092019
1986 4.493715978350247
1987 4.493715978350247
1988 4.493715978350247
1989 4.493715978350247
1990 4.493715978350247
1991 4.296588180450495
1992 4.296588180450495
1993 4.296588180450495
1994 4.296588180450495
1995 4.296588180450495
1996 4.364915809298019
1997 4.364915809298019
1998 4.364915809298019
1999 4.364915809298019
