0 1.8611916993807371
1 1.8611916993807371
2 1.8611916993807371
3 1.8611916993807371
4 2.5120419159946272
5 2.5120419159946272
6 2.5120419159946272
7 2.5120419159946272
8 2.0871248638685196
9 2.0871248638685196
10 0.24146733074541582
11 0.24146733074541582
12 0.24146733074541582
13 0.24146733074541582
14 0.7058966573484419
15 0.7058966573484419
16 0.7058966573484419
17 0.7058966573484419
18 0.5632439351339968
19 0.5632439351339968
20 0.5632439351339968
21 0.5632439351339968
22 0.8905429158307638
23 0.8905429158307638
24 0.8905429158307638
25 0.8905429158307638
26 0.7034411458794199
27 0.7034411458794199
28 0.7034411458794199
29 0.7034411458794199
30 0.5500840015341759
31 0.5500840015341759
32 0.5500840015341759
33 0.5500840015341759
34 0.6403562466693676
35 0.6403562466693676
36 0.6403562466693676
37 0.6403562466693676
38 0.6662156273275707
39 0.6662156273275707
40 0.6662156273275707
41 0.6662156273275707
42 0.6381475859365028
43 0.6381475859365028
44 0.6381475859365028
45 0.6381475859365028
46 0.8281587541783221
47 0.8281587541783221
48 0.8281587541783221
49 0.8281587541783221
50 0.4594211313017176
51 0.4594211313017176
52 0.4594211313017176
53 0.4594211313017176
54 0.6075914715452531
55 0.6075914715452531
56 0.6075914715452531
57 0.6075914715452531
58 0.49795687092603236
59 0.49795687092603236
60 0.49795687092603236
61 0.49795687092603236
62 0.6615650918610577
63 0.6615650918610577
64 0.6615650918610577
65 0.6615650918610577
66 0.507829608164832
67 0.507829608164832
68 0.507829608164832
69 0.507829608164832
70 0.7119865972107352
71 0.7119865972107352
72 0.7119865972107352
73 0.7119865972107352
74 0.5417895073439472
75 0.5417895073439472
76 0.5417895073439472
77 0.5417895073439472
78 0.6920009361358663
79 0.6920009361358663
80 0.6920009361358663
81 0.6920009361358663
82 0.6074604400019005
83 0.6074604400019005
84 0.6074604400019005
85 0.6074604400019005
86 0.9154166235053656
87 0.9154166235053656
88 0.9154166235053656
89 0.9154166235053656
90 0.6798596010858622
91 0.6798596010858622
92 0.6798596010858622
93 0.6798596010858622
94 0.8400821490157695
95 0.8400821490157695
96 0.8400821490157695
97 0.8400821490157695
98 0.843618765179778
99 0.843618765179778
100 0.843618765179778
101 0.843618765179778
102 0.630405634045727
103 0.630405634045727
104 1.9694006496173184
105 1.9694006496173184
106 1.9694006496173184
107 1.9694006496173184
108 1.976946440820676
109 1.976946440820676
110 1.976946440820676
111 1.976946440820676
112 1.3162184807872497
113 1.3162184807872497
114 1.3162184807872497
115 1.3162184807872497
116 1.3571686250247186
117 1.3571686250247186
118 1.3571686250247186
119 1.3571686250247186
120 1.0598742970646724
121 1.0598742970646724
122 1.0598742970646724
123 1.0598742970646724
124 1.6885867218784856
125 1.6885867218784856
126 1.6885867218784856
127 1.6885867218784856
128 1.4526862980141013
129 1.4526862980141013
130 1.4526862980141013
131 1.4526862980141013
132 1.2480136158630049
133 1.2480136158630049
134 1.2480136158630049
135 1.2480136158630049
136 0.9193213043094866
137 0.9193213043094866
138 0.9193213043094866
139 0.9193213043094866
140 0.8624190050865874
141 0.8624190050865874
142 0.8624190050865874
143 0.8624190050865874
144 0.9725478911300295
145 0.9725478911300295
146 0.9725478911300295
147 0.9725478911300295
148 1.0013556877509655
149 1.0013556877509655
150 1.0013556877509655
151 1.0013556877509655
152 1.3321927829983995
153 1.3321927829983995
154 2.9635408304429633
155 2.9635408304429633
156 2.9635408304429633
157 2.9635408304429633
158 2.970767681943548
159 2.970767681943548
160 2.970767681943548
161 2.970767681943548
162 2.630714575890967
163 2.630714575890967
164 2.630714575890967
165 2.630714575890967
166 3.304757782547093
167 3.304757782547093
168 3.304757782547093
169 3.304757782547093
170 3.115400691860777
171 3.115400691860777
172 3.115400691860777
173 3.115400691860777
174 3.997016107503156
175 3.997016107503156
176 3.997016107503156
177 3.997016107503156
178 2.8043540044577853
179 2.8043540044577853
180 2.8043540044577853
181 2.8043540044577853
182 2.6553652669244063
183 3.957215573101589
184 3.957215573101589
185 3.957215573101589
186 3.957215573101589
187 3.8390418495019225
188 3.8390418495019225
189 3.8390418495019225
190 3.8390418495019225
191 4.15207335992341
192 4.15207335992341
193 4.15207335992341
194 4.15207335992341
195 3.770967314353218
196 3.770967314353218
197 3.770967314353218
198 3.770967314353218
199 3.231381246970407
200 3.231381246970407
201 3.231381246970407
202 3.231381246970407
203 4.33653942719305
204 4.33653942719305
205 4.33653942719305
206 4.33653942719305
207 3.6755852018366775
208 3.6755852018366775
209 3.6755852018366775
210 3.6755852018366775
211 2.123120235143405
212 2.123120235143405
213 2.123120235143405
214 2.123120235143405
215 3.3953267387588695
216 3.3953267387588695
217 3.3953267387588695
218 3.3953267387588695
219 3.3929366240962793
220 3.3929366240962793
221 3.3929366240962793
222 3.3929366240962793
223 2.137704191896587
224 2.137704191896587
225 2.137704191896587
226 2.137704191896587
227 3.760512866675358
228 3.760512866675358
229 3.760512866675358
230 3.760512866675358
231 4.031878724114715
232 4.031878724114715
233 4.031878724114715
234 4.031878724114715
235 4.697977697257304
236 4.697977697257304
237 4.697977697257304
238 4.697977697257304
239 2.7464095407664417
240 2.7464095407664417
241 2.7464095407664417
242 2.7464095407664417
243 3.3747083297269276
244 3.3747083297269276
245 3.3747083297269276
246 3.3747083297269276
247 3.7920570831267213
248 3.7920570831267213
249 3.7920570831267213
250 3.7920570831267213
251 3.6519404522950993
252 3.6519404522950993
253 3.6519404522950993
254 3.6519404522950993
255 3.2608873315262854
256 3.2608873315262854
257 3.2608873315262854
258 3.2608873315262854
259 3.610133922738545
260 3.610133922738545
261 3.610133922738545
262 3.610133922738545
263 4.129764137928988
264 4.129764137928988
265 4.129764137928988
266 4.129764137928988
267 3.0424670459955787
268 3.0424670459955787
269 3.0424670459955787
270 3.0424670459955787
271 3.6820017178022404
272 3.6820017178022404
273 3.6820017178022404
274 3.6820017178022404
275 3.6908294803926935
276 3.6908294803926935
277 0.6719526835959195
278 0.6719526835959195
279 0.6719526835959195
280 0.6719526835959195
281 0.7657998282182025
282 0.7657998282182025
283 0.7657998282182025
284 0.7657998282182025
285 0.7521765086727712
286 0.7521765086727712
287 0.7521765086727712
288 0.7521765086727712
289 0.5277870406147609
290 0.5277870406147609
291 0.5277870406147609
292 0.5277870406147609
293 0.5528956491756704
294 0.5528956491756704
295 0.5528956491756704
296 0.5528956491756704
297 0.7788504404787928
298 0.7788504404787928
299 0.7788504404787928
300 0.7788504404787928
301 0.7582578672226219
302 0.7582578672226219
303 0.7582578672226219
304 0.7582578672226219
305 0.8122768662454134
306 0.8122768662454134
307 0.8122768662454134
308 0.8122768662454134
309 0.6091251786902784
310 0.6091251786902784
311 0.6091251786902784
312 0.6091251786902784
313 0.5991982820267759
314 0.5991982820267759
315 0.5991982820267759
316 0.5991982820267759
317 0.3179198286949537
318 0.3179198286949537
319 0.3179198286949537
320 0.3179198286949537
321 2.115364802507796
322 2.115364802507796
323 2.115364802507796
324 2.115364802507796
325 2.258908857736629
326 2.258908857736629
327 2.258908857736629
328 2.258908857736629
329 2.8993475925056194
330 2.8993475925056194
331 2.8993475925056194
332 2.8993475925056194
333 2.4792085966910515
334 2.4792085966910515
335 2.4792085966910515
336 2.4792085966910515
337 2.526105054158072
338 2.526105054158072
339 2.526105054158072
340 2.526105054158072
341 2.8265514765141595
342 2.8265514765141595
343 2.8265514765141595
344 2.8265514765141595
345 2.255104891611739
346 2.255104891611739
347 2.255104891611739
348 2.255104891611739
349 2.25226314418877
350 2.25226314418877
351 2.25226314418877
352 2.25226314418877
353 2.282665498921772
354 2.282665498921772
355 2.282665498921772
356 2.282665498921772
357 3.3619521015944738
358 3.3619521015944738
359 3.3619521015944738
360 3.3619521015944738
361 1.8915090014467313
362 1.8915090014467313
363 1.8915090014467313
364 1.8915090014467313
365 2.6335641539321473
366 2.6335641539321473
367 2.6335641539321473
368 2.6335641539321473
369 2.5548363153410003
370 2.5548363153410003
371 2.5548363153410003
372 2.5548363153410003
373 2.0571260148619754
374 2.0571260148619754
375 2.0571260148619754
376 2.0571260148619754
377 2.1145424848155647
378 2.1145424848155647
379 2.1145424848155647
380 2.1145424848155647
381 2.0354967655164424
382 2.0354967655164424
383 2.0354967655164424
384 2.0354967655164424
385 2.0016147937748583
386 2.0016147937748583
387 2.0016147937748583
388 2.0016147937748583
389 2.3596536467368603
390 2.3596536467368603
391 2.3596536467368603
392 2.3596536467368603
393 2.6584757794039797
394 2.6584757794039797
395 2.6584757794039797
396 2.6584757794039797
397 2.3887727571733173
398 2.3887727571733173
399 2.3887727571733173
400 2.3887727571733173
401 2.1914349991661366
402 2.1914349991661366
403 2.1914349991661366
404 2.1914349991661366
405 3.1210639090541035
406 3.1210639090541035
407 3.1210639090541035
408 3.1210639090541035
409 1.564019422931556
410 1.564019422931556
411 1.564019422931556
412 1.564019422931556
413 3.2279123364926883
414 3.2279123364926883
415 3.2279123364926883
416 3.2279123364926883
417 2.677185194477413
418 2.677185194477413
419 2.677185194477413
420 2.677185194477413
421 2.4019891609952513
422 2.4019891609952513
423 2.4019891609952513
424 2.4019891609952513
425 2.0915418130001573
426 2.0915418130001573
427 2.0915418130001573
428 2.0915418130001573
429 2.1813238950173233
430 2.1813238950173233
431 2.1813238950173233
432 2.1813238950173233
433 2.2702254145750764
434 2.2702254145750764
435 2.2702254145750764
436 2.2702254145750764
437 1.985678541287881
438 1.985678541287881
439 1.985678541287881
440 1.985678541287881
441 2.5716633654086976
442 2.5716633654086976
443 2.5716633654086976
444 2.5716633654086976
445 2.308597497682411
446 2.308597497682411
447 2.308597497682411
448 2.308597497682411
449 2.300884102258232
450 2.300884102258232
451 2.300884102258232
452 2.300884102258232
453 2.087041398306261
454 2.087041398306261
455 2.087041398306261
456 2.087041398306261
457 2.39260542145798
458 2.39260542145798
459 2.39260542145798
460 2.39260542145798
461 2.628781787143306
462 2.628781787143306
463 2.628781787143306
464 2.628781787143306
465 1.8767073886001984
466 1.8767073886001984
467 1.8767073886001984
468 1.8767073886001984
469 3.4080929960974893
470 3.4080929960974893
471 3.4080929960974893
472 3.4080929960974893
473 2.179284432025971
474 2.179284432025971
475 2.179284432025971
476 2.179284432025971
477 3.078739093764152
478 3.078739093764152
479 3.078739093764152
480 3.078739093764152
481 2.7459651631340694
482 2.7459651631340694
483 2.7459651631340694
484 2.7459651631340694
485 3.2345492039786383
486 3.2345492039786383
487 3.2345492039786383
488 3.2345492039786383
489 2.9277149185352176
490 2.9277149185352176
491 2.9277149185352176
492 2.9277149185352176
493 2.9802013042534234
494 2.9802013042534234
495 2.9802013042534234
496 2.9802013042534234
497 2.466016506780056
498 2.466016506780056
499 2.466016506780056
500 2.466016506780056
501 2.5876609365779197
502 2.5876609365779197
503 2.5876609365779197
504 2.5876609365779197
505 2.6786172255295604
506 2.6786172255295604
507 2.6786172255295604
508 2.6786172255295604
509 1.811268899046985
510 1.811268899046985
511 1.811268899046985
512 1.811268899046985
513 2.4069953466892704
514 2.4069953466892704
515 2.4069953466892704
516 2.4069953466892704
517 2.9529555618063443
518 2.9529555618063443
519 2.9529555618063443
520 2.9529555618063443
521 2.4062442333857463
522 2.4062442333857463
523 2.4062442333857463
524 2.4062442333857463
525 2.7757530984574394
526 2.7757530984574394
527 2.7757530984574394
528 2.7757530984574394
529 2.0657937438096785
530 2.0657937438096785
531 2.0657937438096785
532 1.8618622980721504
533 1.8618622980721504
534 1.8618622980721504
535 1.8618622980721504
536 1.899226523925122
537 1.899226523925122
538 1.899226523925122
539 1.899226523925122
540 2.2095976844730036
541 2.2095976844730036
542 2.2095976844730036
543 2.2095976844730036
544 2.1025889364174173
545 2.1025889364174173
546 2.1025889364174173
547 2.1025889364174173
548 2.4169802783315393
549 2.4169802783315393
550 2.4169802783315393
551 2.4169802783315393
552 2.4051501418467325
553 0.17561055135179462
554 0.17561055135179462
555 0.17561055135179462
556 0.17561055135179462
557 0.21370153663932603
558 3.395919577842487
559 3.395919577842487
560 3.395919577842487
561 3.395919577842487
562 2.796871855998192
563 2.796871855998192
564 2.796871855998192
565 2.796871855998192
566 3.1070634317879833
567 3.1070634317879833
568 3.1070634317879833
569 3.1070634317879833
570 2.4281464308830847
571 2.4281464308830847
572 2.4281464308830847
573 2.4281464308830847
574 2.5444491557264155
575 2.5444491557264155
576 2.5444491557264155
577 2.5444491557264155
578 1.3490313297719896
579 1.3490313297719896
580 1.3490313297719896
581 1.3490313297719896
582 2.7508266065874194
583 2.7508266065874194
584 2.7508266065874194
585 2.7508266065874194
586 2.826027186497987
587 2.826027186497987
588 2.826027186497987
589 2.826027186497987
590 2.687622162817682
591 2.687622162817682
592 2.687622162817682
593 2.687622162817682
594 2.0217377027205874
595 2.0217377027205874
596 2.0217377027205874
597 2.0217377027205874
598 1.980091223154333
599 1.980091223154333
600 1.980091223154333
601 1.980091223154333
602 2.250056476109628
603 2.250056476109628
604 2.250056476109628
605 2.250056476109628
606 2.586452681711098
607 2.586452681711098
608 2.586452681711098
609 2.586452681711098
610 2.659827631564763
611 2.659827631564763
612 2.659827631564763
613 2.659827631564763
614 2.865865534789362
615 2.865865534789362
616 2.865865534789362
617 2.865865534789362
618 2.4081477448298756
619 2.4081477448298756
620 2.4081477448298756
621 2.4081477448298756
622 2.1659119655539336
623 2.1659119655539336
624 2.1659119655539336
625 2.1659119655539336
626 1.5539745997178822
627 1.5539745997178822
628 1.5539745997178822
629 1.5539745997178822
630 1.9759058597194703
631 1.9759058597194703
632 1.9759058597194703
633 1.9759058597194703
634 1.5996404918005547
635 1.5996404918005547
636 1.5996404918005547
637 1.5996404918005547
638 3.5056480644434744
639 3.5056480644434744
640 3.5056480644434744
641 3.5056480644434744
642 2.5384301806563023
643 2.5384301806563023
644 2.5384301806563023
645 2.5384301806563023
646 2.359032750606575
647 2.359032750606575
648 2.359032750606575
649 2.359032750606575
650 2.569854824488382
651 2.569854824488382
652 2.569854824488382
653 2.569854824488382
654 1.8159870845642707
655 1.8159870845642707
656 1.8159870845642707
657 1.8159870845642707
658 2.6267950541646776
659 2.6267950541646776
660 2.6267950541646776
661 2.6267950541646776
662 2.3888176032677686
663 2.3888176032677686
664 2.3888176032677686
665 2.3888176032677686
666 1.6168278022056843
667 1.6168278022056843
668 1.6168278022056843
669 1.6168278022056843
670 2.635836865257601
671 2.635836865257601
672 2.635836865257601
673 2.635836865257601
674 1.9843917633660648
675 1.9843917633660648
676 1.9843917633660648
677 1.9843917633660648
678 2.686976400463257
679 2.686976400463257
680 2.686976400463257
681 2.686976400463257
682 2.277783370988354
683 2.277783370988354
684 2.277783370988354
685 2.277783370988354
686 2.7434597846236213
687 2.7434597846236213
688 2.7434597846236213
689 2.7434597846236213
690 2.8093121942002512
691 2.8093121942002512
692 2.8093121942002512
693 2.8093121942002512
694 2.441405500813602
695 2.441405500813602
696 2.441405500813602
697 2.441405500813602
698 2.3306801534957415
699 2.2382367586721106
700 2.2382367586721106
701 2.2382367586721106
702 2.2382367586721106
703 3.1582042956260663
704 3.1582042956260663
705 3.1582042956260663
706 3.1582042956260663
707 3.376263998343775
708 3.376263998343775
709 3.376263998343775
710 3.376263998343775
711 3.339388776019304
712 3.339388776019304
713 3.339388776019304
714 3.339388776019304
715 3.4514640460400083
716 3.4514640460400083
717 1.7097154499376888
718 1.7097154499376888
719 1.7097154499376888
720 1.7097154499376888
721 1.6718141765174903
722 1.6718141765174903
723 1.6718141765174903
724 1.6718141765174903
725 1.5171631370708234
726 1.5171631370708234
727 1.5171631370708234
728 1.5171631370708234
729 1.3934896627908349
730 1.3934896627908349
731 1.3934896627908349
732 1.3934896627908349
733 1.3665463524230799
734 1.3665463524230799
735 1.3665463524230799
736 1.3665463524230799
737 1.5023169271576886
738 1.5023169271576886
739 1.5023169271576886
740 1.5023169271576886
741 1.7852245663782793
742 1.7852245663782793
743 1.7852245663782793
744 1.7852245663782793
745 1.4211307998444973
746 1.4211307998444973
747 1.4211307998444973
748 1.4211307998444973
749 1.5607860207319475
750 1.5607860207319475
751 1.5607860207319475
752 1.5607860207319475
753 1.6012085742556101
754 1.6012085742556101
755 1.6012085742556101
756 1.6012085742556101
757 2.0937225205121446
758 2.0937225205121446
759 2.0937225205121446
760 2.0937225205121446
761 1.53848506297911
762 1.53848506297911
763 1.53848506297911
764 1.53848506297911
765 1.3650086382860351
766 1.3650086382860351
767 1.3650086382860351
768 3.448107668810943
769 3.448107668810943
770 3.448107668810943
771 3.448107668810943
772 2.6020335155723684
773 2.6020335155723684
774 2.6020335155723684
775 2.6020335155723684
776 4.01737325333316
777 4.01737325333316
778 4.01737325333316
779 4.01737325333316
780 2.658122947120841
781 2.658122947120841
782 2.658122947120841
783 2.658122947120841
784 3.7803888210230765
785 3.7803888210230765
786 3.7803888210230765
787 3.7803888210230765
788 3.5690772998611466
789 3.5690772998611466
790 3.5690772998611466
791 3.5690772998611466
792 2.9263480463163045
793 2.9263480463163045
794 2.9263480463163045
795 2.9263480463163045
796 4.201106597818445
797 4.201106597818445
798 4.201106597818445
799 4.201106597818445
800 3.183511673451281
801 3.183511673451281
802 3.183511673451281
803 1.2200112846461986
804 1.2200112846461986
805 1.2200112846461986
806 1.2200112846461986
807 1.7501775876825665
808 1.7501775876825665
809 1.7501775876825665
810 1.7501775876825665
811 1.356072794888396
812 1.356072794888396
813 1.356072794888396
814 1.356072794888396
815 1.3837818800570765
816 1.4775171092794606
817 1.4775171092794606
818 1.4775171092794606
819 1.4775171092794606
820 2.5611455589730503
821 2.5611455589730503
822 2.5611455589730503
823 2.5611455589730503
824 2.7252789630565672
825 2.7252789630565672
826 2.7252789630565672
827 2.7252789630565672
828 2.7053826434202626
829 2.7053826434202626
830 2.7053826434202626
831 1.844635378201831
832 1.844635378201831
833 1.844635378201831
834 1.844635378201831
835 2.0009132664542575
836 2.0009132664542575
837 2.0009132664542575
838 2.0009132664542575
839 1.749519664399897
840 1.749519664399897
841 1.749519664399897
842 1.749519664399897
843 1.5047399937645318
844 1.5047399937645318
845 1.5047399937645318
846 1.5047399937645318
847 1.2488492721846567
848 1.2488492721846567
849 1.2488492721846567
850 1.2488492721846567
851 0.8614753642631257
852 0.8614753642631257
853 0.8614753642631257
854 0.8614753642631257
855 2.3306249010543842
856 2.3306249010543842
857 2.3306249010543842
858 2.3306249010543842
859 1.9976587399344554
860 1.9976587399344554
861 1.9976587399344554
862 1.9976587399344554
863 1.6518205100479515
864 1.6518205100479515
865 1.6518205100479515
866 1.6518205100479515
867 1.533517332691336
868 1.533517332691336
869 1.533517332691336
870 3.1967591134292346
871 3.1967591134292346
872 3.1967591134292346
873 3.1967591134292346
874 3.4159783472372944
875 3.4159783472372944
876 3.4159783472372944
877 3.4159783472372944
878 1.5304023303790348
879 1.5304023303790348
880 1.5304023303790348
881 1.5304023303790348
882 1.600726805747187
883 1.600726805747187
884 1.600726805747187
885 1.600726805747187
886 1.287243485350263
887 1.287243485350263
888 1.287243485350263
889 1.287243485350263
890 1.5591576633715665
891 1.5591576633715665
892 1.5591576633715665
893 3.496639707960842
894 3.496639707960842
895 3.496639707960842
896 3.496639707960842
897 4.203091976195694
898 4.203091976195694
899 4.203091976195694
900 4.203091976195694
901 4.322557670912811
902 4.322557670912811
903 4.322557670912811
904 4.322557670912811
905 3.3062395553466097
906 3.3062395553466097
907 3.3062395553466097
908 3.3062395553466097
909 4.8897264976552375
910 4.8897264976552375
911 4.8897264976552375
912 4.8897264976552375
913 4.422153077320886
914 4.422153077320886
915 4.422153077320886
916 2.458846614204683
917 2.458846614204683
918 2.458846614204683
919 2.458846614204683
920 2.569078155172401
921 2.569078155172401
922 2.569078155172401
923 2.569078155172401
924 2.725010277982298
925 2.725010277982298
926 2.725010277982298
927 2.725010277982298
928 2.7108024456402444
929 2.7108024456402444
930 2.7108024456402444
931 2.7108024456402444
932 2.990164899639861
933 2.990164899639861
934 2.990164899639861
935 2.990164899639861
936 3.156089306571333
937 3.156089306571333
938 3.156089306571333
939 3.156089306571333
940 3.2739830318281555
941 3.2739830318281555
942 3.2739830318281555
943 3.2739830318281555
944 3.3566497166698137
945 3.3566497166698137
946 3.3566497166698137
947 3.3566497166698137
948 2.9680885996484965
949 2.9680885996484965
950 1.6469354543607166
951 1.6469354543607166
952 1.6469354543607166
953 1.6469354543607166
954 2.0011104120041017
955 2.0011104120041017
956 2.0011104120041017
957 2.0011104120041017
958 2.4555335615477243
959 2.4555335615477243
960 2.4555335615477243
961 2.4555335615477243
962 2.5897746276338784
963 2.5897746276338784
964 2.5897746276338784
965 2.5897746276338784
966 3.1059406491056114
967 3.1059406491056114
968 3.1059406491056114
969 3.1059406491056114
970 1.7837160897258633
971 1.7837160897258633
972 1.7837160897258633
973 1.7837160897258633
974 2.9988430022365216
975 2.9988430022365216
976 2.9988430022365216
977 2.9988430022365216
978 2.9519900006651203
979 1.0694948364957773
980 1.0694948364957773
981 1.0694948364957773
982 1.0694948364957773
983 1.1939066304883177
984 1.1939066304883177
985 2.9094932961672315
986 1.7586493088175783
987 1.7586493088175783
988 2.3760063542648457
989 2.3760063542648457
990 2.3760063542648457
991 2.3760063542648457
992 3.679298812539314
993 3.679298812539314
994 3.679298812539314
995 3.679298812539314
996 4.344689347762345
997 4.344689347762345
998 4.344689347762345
999 4.344689347762345
1000 4.315453156763892
1001 4.315453156763892
1002 4.315453156763892
1003 4.315453156763892
1004 3.1120426156318937
1005 3.1120426156318937
1006 3.1120426156318937
1007 3.1120426156318937
1008 2.571146322484271
1009 2.571146322484271
1010 2.571146322484271
1011 2.571146322484271
1012 3.859512087465377
1013 3.859512087465377
1014 3.859512087465377
1015 3.859512087465377
1016 3.478825643530045
1017 3.478825643530045
1018 3.478825643530045
1019 3.478825643530045
1020 3.431754873851412
1021 3.431754873851412
1022 3.431754873851412
1023 3.431754873851412
1024 5.121023902447378
1025 5.121023902447378
1026 5.121023902447378
1027 5.121023902447378
1028 3.526624906677607
1029 3.526624906677607
1030 3.526624906677607
1031 3.526624906677607
1032 3.7321559180159225
1033 3.7321559180159225
1034 3.7321559180159225
1035 3.7321559180159225
1036 3.9503485629022492
1037 3.9503485629022492
1038 3.9503485629022492
1039 3.9503485629022492
1040 4.61678695659893
1041 4.61678695659893
1042 4.61678695659893
1043 4.61678695659893
1044 2.011529428965493
1045 2.011529428965493
1046 2.011529428965493
1047 2.011529428965493
1048 5.213893127382605
1049 5.213893127382605
1050 5.213893127382605
1051 5.213893127382605
1052 3.3201636422538083
1053 3.3201636422538083
1054 3.3201636422538083
1055 3.3201636422538083
1056 3.879817322075307
1057 3.879817322075307
1058 3.879817322075307
1059 3.879817322075307
1060 1.2236004239277787
1061 1.2236004239277787
1062 1.2236004239277787
1063 1.2236004239277787
1064 0.5988077400531194
1065 0.5988077400531194
1066 0.5988077400531194
1067 0.5988077400531194
1068 1.15808290612201
1069 1.15808290612201
1070 1.15808290612201
1071 1.15808290612201
1072 1.0964041928510235
1073 1.0964041928510235
1074 1.0964041928510235
1075 1.0964041928510235
1076 0.992941441159556
1077 0.992941441159556
1078 0.992941441159556
1079 0.992941441159556
1080 0.7902455087970053
1081 0.7902455087970053
1082 0.7902455087970053
1083 0.7902455087970053
1084 1.0610409241502818
1085 1.0610409241502818
1086 1.0610409241502818
1087 1.0610409241502818
1088 1.288189870862853
1089 1.288189870862853
1090 1.288189870862853
1091 1.288189870862853
1092 1.245169419059947
1093 1.245169419059947
1094 1.245169419059947
1095 1.245169419059947
1096 0.8741420253481214
1097 0.8741420253481214
1098 0.8741420253481214
1099 0.8741420253481214
1100 1.0424845820444708
1101 1.0424845820444708
1102 1.0424845820444708
1103 1.0424845820444708
1104 1.3712383727286133
1105 1.3712383727286133
1106 1.3712383727286133
1107 1.3712383727286133
1108 1.0592303626777282
1109 1.0592303626777282
1110 1.0592303626777282
1111 1.0592303626777282
1112 0.8098062233457395
1113 0.8098062233457395
1114 0.8098062233457395
1115 0.8098062233457395
1116 0.8851984590112804
1117 0.8851984590112804
1118 0.8851984590112804
1119 0.8851984590112804
1120 1.1332479003273996
1121 1.1332479003273996
1122 1.1332479003273996
1123 1.1332479003273996
1124 1.291886600526875
1125 1.291886600526875
1126 1.291886600526875
1127 1.291886600526875
1128 1.0017053125710533
1129 1.0017053125710533
1130 1.0017053125710533
1131 1.0017053125710533
1132 0.9670427498115044
1133 0.9670427498115044
1134 0.9670427498115044
1135 0.9670427498115044
1136 1.0774967851838713
1137 1.0774967851838713
1138 1.0774967851838713
1139 1.0774967851838713
1140 0.8959960352583862
1141 0.8959960352583862
1142 0.8959960352583862
1143 0.8959960352583862
1144 0.5528674362013818
1145 0.5528674362013818
1146 0.5528674362013818
1147 0.5528674362013818
1148 1.3215847306998083
1149 1.3215847306998083
1150 1.3215847306998083
1151 1.3215847306998083
1152 1.005413596812173
1153 1.005413596812173
1154 1.005413596812173
1155 1.005413596812173
1156 1.1395124039298057
1157 1.1395124039298057
1158 1.1395124039298057
1159 1.1395124039298057
1160 1.119147872988587
1161 1.119147872988587
1162 1.119147872988587
1163 1.119147872988587
1164 0.9330096729315189
1165 0.9330096729315189
1166 0.9330096729315189
1167 0.9330096729315189
1168 1.3833190368455957
1169 1.3833190368455957
1170 1.3833190368455957
1171 1.3833190368455957
1172 0.941534457895933
1173 0.941534457895933
1174 0.941534457895933
1175 0.941534457895933
1176 1.0017522465871942
1177 1.0017522465871942
1178 1.0017522465871942
1179 1.0017522465871942
1180 1.1016225303611227
1181 1.1016225303611227
1182 0.17124565620260299
1183 0.17124565620260299
1184 0.17124565620260299
1185 0.17124565620260299
1186 0.20346852318443323
1187 0.20346852318443323
1188 0.20346852318443323
1189 0.20346852318443323
1190 0.1708761485037235
1191 0.1708761485037235
1192 0.1708761485037235
1193 0.1708761485037235
1194 0.22897862439513592
1195 0.22897862439513592
1196 0.22897862439513592
1197 0.22897862439513592
1198 0.2297045055280792
1199 0.2297045055280792
1200 0.2297045055280792
1201 0.2297045055280792
1202 0.13216142887493487
1203 0.13216142887493487
1204 0.13216142887493487
1205 0.13216142887493487
1206 0.29700809635087955
1207 0.29700809635087955
1208 0.29700809635087955
1209 0.29700809635087955
1210 0.16295830562498134
1211 0.16295830562498134
1212 0.16295830562498134
1213 0.16295830562498134
1214 0.22511101774313472
1215 0.22511101774313472
1216 0.22511101774313472
1217 0.22511101774313472
1218 0.1560454890308342
1219 0.1560454890308342
1220 0.1560454890308342
1221 0.1560454890308342
1222 0.22472197819893028
1223 0.22472197819893028
1224 0.22472197819893028
1225 0.22472197819893028
1226 0.2432739174612103
1227 0.2432739174612103
1228 0.2432739174612103
1229 0.2432739174612103
1230 0.2291476542582162
1231 0.2291476542582162
1232 0.2291476542582162
1233 0.2291476542582162
1234 0.2679102017782401
1235 0.2679102017782401
1236 0.2679102017782401
1237 0.2679102017782401
1238 0.1780230894028446
1239 0.1780230894028446
1240 0.1780230894028446
1241 0.1780230894028446
1242 0.23263731427561157
1243 0.23263731427561157
1244 0.23263731427561157
1245 0.23263731427561157
1246 0.21635703025748612
1247 0.21635703025748612
1248 0.21635703025748612
1249 0.21635703025748612
1250 0.16606617280694166
1251 0.16606617280694166
1252 0.16606617280694166
1253 0.16606617280694166
1254 0.20252830469303204
1255 0.20252830469303204
1256 0.20252830469303204
1257 0.20252830469303204
1258 0.12420252345966623
1259 1.7959144851632565
1260 1.7959144851632565
1261 1.7959144851632565
1262 1.7959144851632565
1263 1.8976119162823917
1264 1.8976119162823917
1265 1.8976119162823917
1266 1.8976119162823917
1267 1.7351183046525842
1268 1.7351183046525842
1269 1.7351183046525842
1270 1.7351183046525842
1271 2.207362082115876
1272 2.207362082115876
1273 2.207362082115876
1274 2.207362082115876
1275 2.710655052668296
1276 2.710655052668296
1277 2.710655052668296
1278 2.710655052668296
1279 2.265903894836447
1280 2.265903894836447
1281 4.857388063419141
1282 4.857388063419141
1283 4.857388063419141
1284 4.857388063419141
1285 3.763343426975182
1286 3.763343426975182
1287 0.5925806283622254
1288 0.5925806283622254
1289 0.5925806283622254
1290 0.5925806283622254
1291 0.5750986730490248
1292 0.5750986730490248
1293 0.5750986730490248
1294 0.5750986730490248
1295 0.5277197424318949
1296 0.5277197424318949
1297 0.5277197424318949
1298 0.5277197424318949
1299 0.7682959613349286
1300 0.7682959613349286
1301 0.7682959613349286
1302 0.7682959613349286
1303 0.6010032483070207
1304 0.6010032483070207
1305 0.6010032483070207
1306 0.6010032483070207
1307 0.6846960464443818
1308 0.6846960464443818
1309 0.6846960464443818
1310 0.6846960464443818
1311 0.770828303470423
1312 0.770828303470423
1313 0.770828303470423
1314 0.770828303470423
1315 0.6067747766740773
1316 0.6067747766740773
1317 0.6067747766740773
1318 0.6067747766740773
1319 0.7680313260578632
1320 0.7680313260578632
1321 0.7680313260578632
1322 0.7680313260578632
1323 0.6606365216196267
1324 2.608553879363265
1325 2.608553879363265
1326 2.608553879363265
1327 2.608553879363265
1328 2.2782160799882285
1329 2.2782160799882285
1330 2.2782160799882285
1331 2.2782160799882285
1332 2.472673475803146
1333 2.472673475803146
1334 2.472673475803146
1335 2.472673475803146
1336 3.43548442202288
1337 3.43548442202288
1338 3.43548442202288
1339 3.43548442202288
1340 2.2422145802297435
1341 2.2422145802297435
1342 2.2422145802297435
1343 2.2422145802297435
1344 2.159088640729047
1345 2.159088640729047
1346 2.159088640729047
1347 2.159088640729047
1348 2.363878440916815
1349 2.363878440916815
1350 2.363878440916815
1351 2.363878440916815
1352 2.428467421229733
1353 2.428467421229733
1354 2.428467421229733
1355 2.428467421229733
1356 1.9312566425527933
1357 1.9312566425527933
1358 1.9312566425527933
1359 1.9312566425527933
1360 3.413274707817279
1361 2.860070102534947
1362 2.860070102534947
1363 2.860070102534947
1364 2.860070102534947
1365 3.2209454295179114
1366 3.2209454295179114
1367 3.2209454295179114
1368 3.2209454295179114
1369 2.7290518081838346
1370 2.7290518081838346
1371 2.7290518081838346
1372 2.7290518081838346
1373 3.9025848891653245
1374 3.9025848891653245
1375 3.9025848891653245
1376 3.9025848891653245
1377 2.7315679935526975
1378 2.7315679935526975
1379 2.7315679935526975
1380 2.7315679935526975
1381 3.44352857233979
1382 3.44352857233979
1383 3.44352857233979
1384 3.44352857233979
1385 4.036943695847181
1386 4.036943695847181
1387 4.036943695847181
1388 4.036943695847181
1389 3.510355913249735
1390 3.510355913249735
1391 3.510355913249735
1392 3.510355913249735
1393 3.2041096541407974
1394 3.2041096541407974
1395 3.2041096541407974
1396 3.2041096541407974
1397 3.3504550218886764
1398 3.3504550218886764
1399 3.3504550218886764
1400 3.3504550218886764
1401 2.65428397243384
1402 2.65428397243384
1403 2.65428397243384
1404 2.65428397243384
1405 3.1980158252920368
1406 3.1980158252920368
1407 3.1980158252920368
1408 3.1980158252920368
1409 2.197302191100614
1410 2.197302191100614
1411 2.197302191100614
1412 2.197302191100614
1413 2.302610516777987
1414 2.302610516777987
1415 2.302610516777987
1416 2.302610516777987
1417 2.715211761344261
1418 2.715211761344261
1419 2.715211761344261
1420 2.715211761344261
1421 2.6797671679986914
1422 2.6797671679986914
1423 2.6797671679986914
1424 2.6797671679986914
1425 3.6539517484458144
1426 3.6539517484458144
1427 3.6539517484458144
1428 3.6539517484458144
1429 2.6858824170853937
1430 2.6858824170853937
1431 2.6858824170853937
1432 2.6858824170853937
1433 2.7219196145766476
1434 2.7219196145766476
1435 2.7219196145766476
1436 2.7219196145766476
1437 2.5651283468229993
1438 2.5651283468229993
1439 2.5651283468229993
1440 2.5651283468229993
1441 2.6243321114063884
1442 2.6243321114063884
1443 2.6243321114063884
1444 2.6243321114063884
1445 2.7724356042717995
1446 2.7724356042717995
1447 2.7724356042717995
1448 2.7724356042717995
1449 2.7072005928073732
1450 2.7072005928073732
1451 2.7072005928073732
1452 2.7072005928073732
1453 3.4000957194877657
1454 3.4000957194877657
1455 3.4000957194877657
1456 3.4000957194877657
1457 2.718308610638928
1458 2.718308610638928
1459 2.718308610638928
1460 2.718308610638928
1461 3.008249308017699
1462 3.008249308017699
1463 3.008249308017699
1464 3.008249308017699
1465 2.037954192494248
1466 2.037954192494248
1467 2.037954192494248
1468 2.037954192494248
1469 3.6336374645889595
1470 3.6336374645889595
1471 3.6336374645889595
1472 3.6336374645889595
1473 1.80442994595906
1474 1.80442994595906
1475 1.80442994595906
1476 1.80442994595906
1477 2.212969602872838
1478 2.212969602872838
1479 2.212969602872838
1480 2.212969602872838
1481 1.6611891975341466
1482 1.6611891975341466
1483 1.6611891975341466
1484 1.6611891975341466
1485 3.1587660429509357
1486 3.1587660429509357
1487 3.1587660429509357
1488 3.1587660429509357
1489 3.006207538833582
1490 3.006207538833582
1491 3.006207538833582
1492 3.006207538833582
1493 2.3600772937225662
1494 2.3600772937225662
1495 2.3600772937225662
1496 2.3600772937225662
1497 3.6100588015811144
1498 3.6100588015811144
1499 3.6100588015811144
1500 3.6100588015811144
1501 3.034997520560691
1502 3.034997520560691
1503 3.034997520560691
1504 3.034997520560691
1505 3.131479407544872
1506 3.131479407544872
1507 3.131479407544872
1508 3.131479407544872
1509 3.103504159192815
1510 3.103504159192815
1511 3.103504159192815
1512 1.3138717202586208
1513 1.3138717202586208
1514 1.3138717202586208
1515 1.3138717202586208
1516 1.0969304406417428
1517 1.0969304406417428
1518 1.0969304406417428
1519 1.0969304406417428
1520 1.1425598677434263
1521 1.1425598677434263
1522 1.1425598677434263
1523 1.1425598677434263
1524 0.8933507506544143
1525 0.8933507506544143
1526 0.8933507506544143
1527 0.8933507506544143
1528 1.4373045461336647
1529 1.4373045461336647
1530 1.4373045461336647
1531 1.4373045461336647
1532 1.5103194086719836
1533 1.5103194086719836
1534 1.5103194086719836
1535 1.5103194086719836
1536 1.1426427989225958
1537 1.1426427989225958
1538 1.1426427989225958
1539 1.1426427989225958
1540 1.1145263139019024
1541 1.1145263139019024
1542 1.1145263139019024
1543 1.1145263139019024
1544 1.5353935305067692
1545 1.5353935305067692
1546 1.5353935305067692
1547 1.5353935305067692
1548 1.0610322075025176
1549 1.0610322075025176
1550 1.0610322075025176
1551 1.0610322075025176
1552 1.1041397778705002
1553 1.1041397778705002
1554 1.1041397778705002
1555 1.1041397778705002
1556 1.2840485230441783
1557 1.2840485230441783
1558 1.2840485230441783
1559 1.2840485230441783
1560 1.3498003112522445
1561 1.3498003112522445
1562 1.3498003112522445
1563 1.3498003112522445
1564 1.0088225954350079
1565 1.0088225954350079
1566 1.0088225954350079
1567 1.0088225954350079
1568 1.2560588880702115
1569 1.2560588880702115
1570 1.2560588880702115
1571 1.2560588880702115
1572 1.1121922506509374
1573 1.1121922506509374
1574 1.1121922506509374
1575 1.1121922506509374
1576 0.9376106149553545
1577 0.9376106149553545
1578 0.9376106149553545
1579 0.9376106149553545
1580 0.9081334149881253
1581 2.164679188026331
1582 2.164679188026331
1583 2.164679188026331
1584 2.164679188026331
1585 2.3108988534805555
1586 2.3108988534805555
1587 2.3108988534805555
1588 2.3108988534805555
1589 2.807009301770094
1590 2.807009301770094
1591 2.807009301770094
1592 2.807009301770094
1593 1.8076149976153797
1594 1.8076149976153797
1595 1.8076149976153797
1596 1.8076149976153797
1597 2.629431340801875
1598 2.629431340801875
1599 2.629431340801875
1600 2.629431340801875
1601 2.7119398650462077
1602 2.7119398650462077
1603 2.7119398650462077
1604 2.7119398650462077
1605 2.6447966266245637
1606 2.6447966266245637
1607 2.6447966266245637
1608 2.6447966266245637
1609 2.713260211853786
1610 2.713260211853786
1611 2.713260211853786
1612 2.713260211853786
1613 2.655233267079094
1614 2.655233267079094
1615 2.655233267079094
1616 2.655233267079094
1617 2.708140015927372
1618 2.708140015927372
1619 2.708140015927372
1620 2.708140015927372
1621 2.7813590563284922
1622 2.7813590563284922
1623 2.7813590563284922
1624 2.7813590563284922
1625 3.0018450278317372
1626 3.0018450278317372
1627 3.0018450278317372
1628 3.0018450278317372
1629 2.9603736761835573
1630 2.9603736761835573
1631 2.9603736761835573
1632 2.9603736761835573
1633 1.9901532351107551
1634 1.9901532351107551
1635 1.9901532351107551
1636 4.043383411251584
1637 4.043383411251584
1638 4.043383411251584
1639 4.043383411251584
1640 3.952213043264521
1641 3.952213043264521
1642 3.952213043264521
1643 3.952213043264521
1644 4.3957327172799365
1645 4.3957327172799365
1646 4.3957327172799365
1647 4.3957327172799365
1648 4.4919654132693445
1649 4.4919654132693445
1650 4.4919654132693445
1651 4.4919654132693445
1652 4.562177647596998
1653 1.2311828176091895
1654 1.2311828176091895
1655 1.2311828176091895
1656 1.2311828176091895
1657 1.5875966700112916
1658 1.5875966700112916
1659 1.5875966700112916
1660 1.5875966700112916
1661 1.4658757743545148
1662 1.4658757743545148
1663 1.4658757743545148
1664 0.6787081942588477
1665 0.6787081942588477
1666 0.6787081942588477
1667 0.6787081942588477
1668 0.7320192051194603
1669 0.7320192051194603
1670 0.7320192051194603
1671 0.7320192051194603
1672 0.808578957812389
1673 0.808578957812389
1674 0.808578957812389
1675 0.808578957812389
1676 0.7419817391824383
1677 0.7419817391824383
1678 0.7419817391824383
1679 0.7419817391824383
1680 0.7167327076387751
1681 0.7167327076387751
1682 0.7167327076387751
1683 0.7167327076387751
1684 0.7495047336294829
1685 0.7495047336294829
1686 0.7495047336294829
1687 0.7495047336294829
1688 1.7577463224536185
1689 1.7577463224536185
1690 1.7577463224536185
1691 1.7577463224536185
1692 1.5663555231346624
1693 1.5663555231346624
1694 1.5663555231346624
1695 1.5663555231346624
1696 1.3295216722963146
1697 1.3295216722963146
1698 1.3295216722963146
1699 1.3295216722963146
1700 1.5665471278687135
1701 1.5665471278687135
1702 1.5665471278687135
1703 1.5665471278687135
1704 1.5852962268957829
1705 1.5852962268957829
1706 1.5852962268957829
1707 1.5852962268957829
1708 1.6184271521263809
1709 1.6184271521263809
1710 1.6184271521263809
1711 1.6184271521263809
1712 2.2233005500267797
1713 2.2233005500267797
1714 2.2233005500267797
1715 2.2233005500267797
1716 1.8124800847397367
1717 1.8124800847397367
1718 1.8124800847397367
1719 1.8124800847397367
1720 1.3939380913385233
1721 1.3939380913385233
1722 1.3939380913385233
1723 1.3939380913385233
1724 1.1656631235644268
1725 1.1656631235644268
1726 1.1656631235644268
1727 1.1656631235644268
1728 1.4593141618951544
1729 1.4593141618951544
1730 1.4593141618951544
1731 1.4593141618951544
1732 1.1031469491962203
1733 1.1031469491962203
1734 1.1031469491962203
1735 1.1031469491962203
1736 1.656697707993063
1737 1.656697707993063
1738 1.656697707993063
1739 1.656697707993063
1740 2.0412261894541026
1741 2.0412261894541026
1742 2.0412261894541026
1743 2.0412261894541026
1744 2.007984279946952
1745 2.007984279946952
1746 2.007984279946952
1747 2.007984279946952
1748 1.7328365857551644
1749 1.7328365857551644
1750 1.7328365857551644
1751 1.7328365857551644
1752 1.6629262702204042
1753 1.6629262702204042
1754 1.6629262702204042
1755 1.6629262702204042
1756 1.4279068363592085
1757 1.4279068363592085
1758 1.4279068363592085
1759 1.4279068363592085
1760 1.1885067739448298
1761 1.1885067739448298
1762 1.1885067739448298
1763 1.1885067739448298
1764 3.2816967669324097
1765 3.2816967669324097
1766 3.2816967669324097
1767 3.2816967669324097
1768 3.8350657906471364
1769 3.8350657906471364
1770 3.8350657906471364
1771 3.8350657906471364
1772 2.9791380588155976
1773 2.9791380588155976
1774 2.9791380588155976
1775 2.9791380588155976
1776 3.4944837171306924
1777 3.4944837171306924
1778 3.4944837171306924
1779 3.4944837171306924
1780 3.245261257285233
1781 3.245261257285233
1782 3.245261257285233
1783 3.245261257285233
1784 3.0448322079958285
1785 3.0448322079958285
1786 3.0448322079958285
1787 3.0448322079958285
1788 4.196370938653119
1789 4.196370938653119
1790 4.196370938653119
1791 4.196370938653119
1792 2.5792036446943607
1793 2.5792036446943607
1794 2.5792036446943607
1795 2.5792036446943607
1796 4.206899184637546
1797 4.206899184637546
1798 4.206899184637546
1799 4.206899184637546
1800 3.7182388899192595
1801 3.7182388899192595
1802 3.7182388899192595
1803 3.7182388899192595
1804 4.188782577820698
1805 4.188782577820698
1806 4.188782577820698
1807 4.188782577820698
1808 4.187159100829742
1809 4.187159100829742
1810 4.187159100829742
1811 4.187159100829742
1812 3.427270146317236
1813 3.427270146317236
1814 3.427270146317236
1815 3.427270146317236
1816 3.2147544019007346
1817 3.2147544019007346
1818 3.2147544019007346
1819 3.2147544019007346
1820 3.8047571353668745
1821 3.8047571353668745
1822 3.8047571353668745
1823 3.8047571353668745
1824 3.5231176884927478
1825 3.5231176884927478
1826 3.5231176884927478
1827 3.5231176884927478
1828 1.7522176539225753
1829 1.7522176539225753
1830 1.7522176539225753
1831 1.7522176539225753
1832 1.9094977114066827
1833 1.9094977114066827
1834 1.9094977114066827
1835 1.9094977114066827
1836 1.6120772437988746
1837 1.6120772437988746
1838 1.6120772437988746
1839 1.6120772437988746
1840 1.7833746400684465
1841 1.7833746400684465
1842 1.7833746400684465
1843 1.7833746400684465
1844 1.5845861884606054
1845 1.5845861884606054
1846 1.5845861884606054
1847 1.5845861884606054
1848 1.7502928588936937
1849 1.7502928588936937
1850 1.7502928588936937
1851 1.7502928588936937
1852 1.381279526636926
1853 1.381279526636926
1854 1.381279526636926
1855 1.381279526636926
1856 2.102285625036184
1857 2.102285625036184
1858 2.102285625036184
1859 2.102285625036184
1860 1.6050325671381627
1861 1.6050325671381627
1862 1.6050325671381627
1863 1.6050325671381627
1864 2.0467682315947013
1865 2.0467682315947013
1866 2.0467682315947013
1867 2.0467682315947013
1868 1.3799311030139803
1869 1.3799311030139803
1870 1.3799311030139803
1871 1.3799311030139803
1872 1.1231217456535028
1873 1.1231217456535028
1874 1.1231217456535028
1875 1.1231217456535028
1876 1.409748611686108
1877 1.409748611686108
1878 4.178548200291362
1879 4.178548200291362
1880 4.178548200291362
1881 4.178548200291362
1882 3.4455259405909198
1883 3.4455259405909198
1884 3.4455259405909198
1885 3.4455259405909198
1886 3.5967639503112383
1887 3.5967639503112383
1888 3.5967639503112383
1889 3.5967639503112383
1890 2.848910205975302
1891 2.848910205975302
1892 2.848910205975302
1893 2.848910205975302
1894 2.318292852751883
1895 2.318292852751883
1896 2.318292852751883
1897 2.318292852751883
1898 3.250656069730636
1899 3.250656069730636
1900 3.250656069730636
1901 3.250656069730636
1902 4.114685876460177
1903 4.114685876460177
1904 4.114685876460177
1905 4.114685876460177
1906 3.280664085745915
1907 3.280664085745915
1908 3.280664085745915
1909 3.280664085745915
1910 3.7927805697360064
1911 3.7927805697360064
1912 3.7927805697360064
1913 1.2094002475936267
1914 1.2094002475936267
1915 1.2094002475936267
1916 1.2094002475936267
1917 1.1536603511078518
1918 1.1536603511078518
1919 1.1536603511078518
1920 1.1536603511078518
1921 1.1522220308029971
1922 1.1522220308029971
1923 3.7573117517134555
1924 3.7573117517134555
1925 3.7573117517134555
1926 3.7573117517134555
1927 4.164729846950318
1928 4.164729846950318
1929 4.164729846950318
1930 4.164729846950318
1931 3.3827930540690647
1932 3.3827930540690647
1933 2.521065624792144
1934 2.521065624792144
1935 2.521065624792144
1936 2.521065624792144
1937 3.4404374061757483
1938 3.4404374061757483
1939 3.4404374061757483
1940 3.4404374061757483
1941 1.9322940462728109
1942 1.9322940462728109
1943 1.9322940462728109
1944 1.9322940462728109
1945 3.1322794781072347
1946 3.1322794781072347
1947 3.1322794781072347
1948 3.1322794781072347
1949 2.7247245554535127
1950 2.7247245554535127
1951 2.7247245554535127
1952 2.7247245554535127
1953 3.6037918697639966
1954 3.6037918697639966
1955 3.6037918697639966
1956 3.6037918697639966
1957 3.251347148230863
1958 3.251347148230863
1959 3.251347148230863
1960 3.251347148230863
1961 3.1447266857477794
1962 3.1447266857477794
1963 3.1447266857477794
1964 3.1447266857477794
1965 2.6324672741571673
1966 2.6324672741571673
1967 2.6324672741571673
1968 2.6324672741571673
1969 2.6467183072899694
1970 2.6467183072899694
1971 2.6467183072899694
1972 2.6467183072899694
1973 2.5196099487122967
1974 2.5196099487122967
1975 2.5196099487122967
1976 2.5196099487122967
1977 3.7179415203332065
1978 3.7179415203332065
1979 3.7179415203332065
1980 3.7179415203332065
1981 3.753386820997786
1982 3.753386820997786
1983 3.753386820997786
1984 3.753386820997786
1985 3.542326260965203
1986 3.542326260965203
1987 3.542326260965203
1988 3.542326260965203
1989 2.581731013030626
1990 2.581731013030626
1991 2.581731013030626
1992 2.581731013030626
1993 3.486541416786477
1994 3.486541416786477
1995 3.486541416786477
1996 3.486541416786477
1997 3.550512133793846
1998 3.550512133793846
1999 3.550512133793846
