0 1.9327831439966374
1 1.9327831439966374
2 1.9327831439966374
3 1.9327831439966374
4 1.9327831439966374
5 1.0885001193675106
6 1.0885001193675106
7 1.0885001193675106
8 1.0885001193675106
9 1.0885001193675106
10 1.7520423831928453
11 1.7520423831928453
12 1.7520423831928453
13 1.7520423831928453
14 1.7520423831928453
15 1.9823105124289504
16 1.9823105124289504
17 1.9823105124289504
18 1.9823105124289504
19 1.9823105124289504
20 1.6325056672578693
21 1.6325056672578693
22 1.6325056672578693
23 1.6325056672578693
24 1.6325056672578693
25 1.2985388012444024
26 1.2985388012444024
27 1.2985388012444024
28 1.2985388012444024
29 1.2985388012444024
30 1.945554472893535
31 1.945554472893535
32 1.945554472893535
33 1.945554472893535
34 1.945554472893535
35 1.212671787303307
36 1.212671787303307
37 1.212671787303307
38 1.212671787303307
39 1.212671787303307
40 1.8764151586087283
41 1.8764151586087283
42 1.8764151586087283
43 1.8764151586087283
44 1.8764151586087283
45 1.4514387697207747
46 1.4514387697207747
47 1.4514387697207747
48 1.4514387697207747
49 1.4514387697207747
50 1.5096047301191995
51 1.5096047301191995
52 1.5096047301191995
53 1.5096047301191995
54 1.5096047301191995
55 1.3803868331045446
56 1.3803868331045446
57 1.3803868331045446
58 1.3803868331045446
59 1.3803868331045446
60 1.3419995788462888
61 1.3419995788462888
62 1.3419995788462888
63 1.3419995788462888
64 1.3419995788462888
65 1.6386646588308793
66 1.6386646588308793
67 1.6386646588308793
68 1.6386646588308793
69 1.6386646588308793
70 1.2925656239992582
71 1.2925656239992582
72 1.2925656239992582
73 1.2925656239992582
74 1.2925656239992582
75 2.002181952262724
76 2.002181952262724
77 2.002181952262724
78 2.002181952262724
79 2.002181952262724
80 1.710304958292794
81 1.710304958292794
82 1.710304958292794
83 1.710304958292794
84 1.710304958292794
85 1.5299380150589679
86 1.5299380150589679
87 1.5299380150589679
88 1.5299380150589679
89 1.5299380150589679
90 1.3871923366899996
91 1.3871923366899996
92 1.3871923366899996
93 1.3871923366899996
94 1.3871923366899996
95 1.6761034388662195
96 1.6761034388662195
97 1.6761034388662195
98 1.6761034388662195
99 1.6761034388662195
100 1.770173102071124
101 1.770173102071124
102 1.770173102071124
103 1.770173102071124
104 1.770173102071124
105 0.909173236057017
106 0.909173236057017
107 0.909173236057017
108 0.909173236057017
109 0.909173236057017
110 1.2836391075399411
111 1.2836391075399411
112 1.2836391075399411
113 1.2836391075399411
114 1.2836391075399411
115 1.6565051598736522
116 1.6565051598736522
117 1.6565051598736522
118 1.6565051598736522
119 1.6565051598736522
120 1.2533476009812503
121 1.2533476009812503
122 1.2533476009812503
123 1.2533476009812503
124 1.2533476009812503
125 2.246409760698419
126 2.246409760698419
127 2.246409760698419
128 2.246409760698419
129 2.246409760698419
130 1.3865575010356446
131 1.3865575010356446
132 1.3865575010356446
133 1.3865575010356446
134 1.3865575010356446
135 1.7175018078927518
136 1.7175018078927518
137 1.7175018078927518
138 1.7175018078927518
139 1.7175018078927518
140 1.0213322658226196
141 1.0213322658226196
142 1.0213322658226196
143 1.0213322658226196
144 1.0213322658226196
145 1.7787714040489404
146 1.7787714040489404
147 0.16905465198268868
148 0.16905465198268868
149 0.16905465198268868
150 0.16905465198268868
151 0.16905465198268868
152 0.20136419513122508
153 0.20136419513122508
154 0.20136419513122508
155 0.20136419513122508
156 0.20136419513122508
157 0.22001057432245555
158 0.22001057432245555
159 0.22001057432245555
160 0.22001057432245555
161 0.22001057432245555
162 0.27185508181139456
163 0.27185508181139456
164 0.27185508181139456
165 0.27185508181139456
166 0.27185508181139456
167 0.1569117568599535
168 0.1569117568599535
169 0.1569117568599535
170 0.1569117568599535
171 0.1569117568599535
172 1.8916549811236298
173 1.8916549811236298
174 1.8916549811236298
175 1.8916549811236298
176 1.8916549811236298
177 3.464590944398356
178 3.464590944398356
179 3.464590944398356
180 3.464590944398356
181 3.464590944398356
182 2.1204697657900775
183 2.1204697657900775
184 2.1204697657900775
185 2.1204697657900775
186 2.1204697657900775
187 2.912033423821973
188 2.912033423821973
189 2.912033423821973
190 2.912033423821973
191 2.912033423821973
192 2.976701942786181
193 2.976701942786181
194 2.976701942786181
195 2.976701942786181
196 2.976701942786181
197 2.586840315304145
198 2.586840315304145
199 2.586840315304145
200 2.586840315304145
201 2.586840315304145
202 3.2062691772004217
203 3.2062691772004217
204 3.2062691772004217
205 3.2062691772004217
206 3.2062691772004217
207 1.544311746448552
208 1.544311746448552
209 1.544311746448552
210 1.544311746448552
211 1.544311746448552
212 3.3931568730112556
213 3.3931568730112556
214 3.3931568730112556
215 3.3931568730112556
216 3.3931568730112556
217 3.2641765826661033
218 3.2641765826661033
219 3.2641765826661033
220 3.2641765826661033
221 3.2641765826661033
222 3.169832021161877
223 3.169832021161877
224 3.169832021161877
225 3.169832021161877
226 3.169832021161877
227 2.3878904878050315
228 2.3878904878050315
229 2.3878904878050315
230 2.3878904878050315
231 2.507635477004749
232 2.507635477004749
233 2.507635477004749
234 2.507635477004749
235 2.507635477004749
236 2.012400025874127
237 2.012400025874127
238 2.012400025874127
239 2.012400025874127
240 2.012400025874127
241 2.7325645454983656
242 2.7325645454983656
243 2.7325645454983656
244 2.7325645454983656
245 2.7325645454983656
246 1.623407919992202
247 1.623407919992202
248 1.623407919992202
249 1.623407919992202
250 1.623407919992202
251 1.5461373696553553
252 1.5461373696553553
253 1.5461373696553553
254 1.5461373696553553
255 1.5461373696553553
256 2.597547293111817
257 2.597547293111817
258 2.597547293111817
259 2.597547293111817
260 2.597547293111817
261 1.2730525789175609
262 1.2730525789175609
263 1.2730525789175609
264 1.2730525789175609
265 1.2730525789175609
266 2.1345109400506894
267 2.1345109400506894
268 2.1345109400506894
269 2.1345109400506894
270 2.1345109400506894
271 1.3774222674736611
272 1.3774222674736611
273 1.3774222674736611
274 1.3774222674736611
275 1.3774222674736611
276 1.9752626557030586
277 1.9752626557030586
278 0.7502851358793026
279 0.7502851358793026
280 0.7502851358793026
281 0.7502851358793026
282 0.7502851358793026
283 0.6064780635630208
284 0.6064780635630208
285 0.6064780635630208
286 0.6064780635630208
287 0.6064780635630208
288 0.5594900106168362
289 0.5594900106168362
290 0.5594900106168362
291 0.5594900106168362
292 0.5594900106168362
293 0.8192358818859595
294 0.8192358818859595
295 0.8192358818859595
296 0.8192358818859595
297 0.8192358818859595
298 0.6778258117861745
299 0.6778258117861745
300 0.6778258117861745
301 0.6778258117861745
302 0.6778258117861745
303 0.6482789850756532
304 0.6482789850756532
305 0.6482789850756532
306 0.6482789850756532
307 0.6482789850756532
308 0.6819032495527682
309 0.6819032495527682
310 0.6819032495527682
311 0.6819032495527682
312 0.6819032495527682
313 0.8122290030260693
314 0.8122290030260693
315 0.8122290030260693
316 0.8122290030260693
317 0.8122290030260693
318 0.5799444468671883
319 0.5799444468671883
320 0.5799444468671883
321 0.5799444468671883
322 0.5799444468671883
323 0.4422812736706518
324 0.4422812736706518
325 0.4422812736706518
326 0.4422812736706518
327 0.4422812736706518
328 0.7610071986285274
329 0.7610071986285274
330 0.7610071986285274
331 0.7610071986285274
332 0.7610071986285274
333 0.8121665134790201
334 0.8121665134790201
335 0.8121665134790201
336 0.8121665134790201
337 0.8121665134790201
338 0.7920964855450203
339 0.7920964855450203
340 0.7920964855450203
341 0.7920964855450203
342 0.7920964855450203
343 0.703692387534622
344 0.703692387534622
345 0.703692387534622
346 0.703692387534622
347 0.703692387534622
348 0.7913381738586152
349 0.7913381738586152
350 0.7913381738586152
351 0.7913381738586152
352 0.7913381738586152
353 0.6555556285502365
354 0.6555556285502365
355 0.6555556285502365
356 0.6555556285502365
357 0.6555556285502365
358 0.5432439995336558
359 0.5432439995336558
360 0.5432439995336558
361 0.5432439995336558
362 0.5432439995336558
363 0.846251601067642
364 0.846251601067642
365 0.846251601067642
366 0.846251601067642
367 0.846251601067642
368 0.5445593987972853
369 0.5445593987972853
370 0.5445593987972853
371 0.5445593987972853
372 0.5445593987972853
373 0.7027335665701631
374 0.7027335665701631
375 0.7027335665701631
376 0.7027335665701631
377 0.7027335665701631
378 0.6443620335043198
379 0.6443620335043198
380 0.6443620335043198
381 0.6443620335043198
382 0.6443620335043198
383 0.9340972206981344
384 0.9340972206981344
385 0.9340972206981344
386 0.9340972206981344
387 0.9340972206981344
388 0.7537018588010952
389 0.7537018588010952
390 0.7537018588010952
391 0.7537018588010952
392 0.7537018588010952
393 0.6859250018326957
394 0.6859250018326957
395 0.6859250018326957
396 0.6859250018326957
397 0.6859250018326957
398 0.6417999021523304
399 0.6417999021523304
400 0.6417999021523304
401 0.6417999021523304
402 0.6417999021523304
403 0.6607759229317134
404 0.6607759229317134
405 0.6607759229317134
406 0.6607759229317134
407 0.6607759229317134
408 0.6570845369064265
409 0.6570845369064265
410 0.6570845369064265
411 0.6570845369064265
412 0.6570845369064265
413 0.5598861830692956
414 0.5598861830692956
415 0.5598861830692956
416 0.5598861830692956
417 0.5598861830692956
418 0.5463136786959969
419 0.5463136786959969
420 0.5463136786959969
421 0.5463136786959969
422 0.5463136786959969
423 0.5972022794256757
424 0.5972022794256757
425 0.5972022794256757
426 0.5972022794256757
427 0.5972022794256757
428 0.5481082620243671
429 0.5481082620243671
430 0.5481082620243671
431 0.5481082620243671
432 0.5481082620243671
433 0.6006867140996837
434 0.6006867140996837
435 0.6006867140996837
436 0.6006867140996837
437 0.6006867140996837
438 0.8078538845284465
439 0.8078538845284465
440 0.8078538845284465
441 0.8078538845284465
442 0.8078538845284465
443 0.5721821564138913
444 0.5721821564138913
445 0.5721821564138913
446 0.5721821564138913
447 0.5721821564138913
448 0.6790664082831205
449 0.6790664082831205
450 0.6790664082831205
451 0.6790664082831205
452 0.6790664082831205
453 0.6499900335719833
454 0.6499900335719833
455 0.6499900335719833
456 0.6499900335719833
457 0.6499900335719833
458 1.6614034503633905
459 1.6614034503633905
460 1.6614034503633905
461 1.6614034503633905
462 1.6614034503633905
463 2.4035330000141975
464 2.4035330000141975
465 2.4035330000141975
466 2.4035330000141975
467 2.4035330000141975
468 2.5046038016863257
469 2.5046038016863257
470 2.5046038016863257
471 2.5046038016863257
472 2.5046038016863257
473 2.8219774147651284
474 2.8219774147651284
475 2.8219774147651284
476 2.8219774147651284
477 2.8219774147651284
478 2.449662444154568
479 2.449662444154568
480 2.449662444154568
481 2.449662444154568
482 2.449662444154568
483 2.2954111023159447
484 2.2954111023159447
485 2.2954111023159447
486 2.2954111023159447
487 2.2954111023159447
488 3.622274417855274
489 3.622274417855274
490 3.622274417855274
491 3.622274417855274
492 3.622274417855274
493 3.981080587362603
494 3.981080587362603
495 3.981080587362603
496 3.981080587362603
497 3.981080587362603
498 3.4099048976378143
499 3.4099048976378143
500 3.4099048976378143
501 3.4099048976378143
502 3.4099048976378143
503 2.108580570907244
504 2.108580570907244
505 2.108580570907244
506 2.108580570907244
507 2.108580570907244
508 2.6745200969593017
509 2.6745200969593017
510 2.6745200969593017
511 2.6745200969593017
512 2.6745200969593017
513 2.8486963547795807
514 2.8486963547795807
515 2.8486963547795807
516 2.8486963547795807
517 2.8486963547795807
518 2.0485747839970623
519 2.0485747839970623
520 2.0485747839970623
521 2.0485747839970623
522 2.0485747839970623
523 2.3135256294203135
524 2.3135256294203135
525 2.3135256294203135
526 2.3135256294203135
527 2.3135256294203135
528 3.563568759471374
529 3.563568759471374
530 3.563568759471374
531 3.563568759471374
532 3.563568759471374
533 1.5355624924350288
534 1.5355624924350288
535 1.5355624924350288
536 1.5355624924350288
537 1.5355624924350288
538 4.035149813360159
539 4.035149813360159
540 4.035149813360159
541 4.035149813360159
542 4.035149813360159
543 3.1527581498551958
544 3.1527581498551958
545 3.1527581498551958
546 3.1527581498551958
547 3.1527581498551958
548 3.6028339836813834
549 3.6028339836813834
550 3.6028339836813834
551 3.6028339836813834
552 3.6028339836813834
553 2.227352941398775
554 2.227352941398775
555 2.227352941398775
556 2.227352941398775
557 2.227352941398775
558 4.462610409238439
559 4.462610409238439
560 4.462610409238439
561 4.462610409238439
562 4.462610409238439
563 3.226452092680643
564 3.226452092680643
565 3.226452092680643
566 3.226452092680643
567 3.226452092680643
568 3.7338234907891947
569 3.7338234907891947
570 3.7338234907891947
571 3.7338234907891947
572 3.7338234907891947
573 2.798495442683781
574 1.8403517027937686
575 1.8403517027937686
576 1.8403517027937686
577 1.8403517027937686
578 1.8403517027937686
579 2.33185808528615
580 2.33185808528615
581 2.33185808528615
582 2.33185808528615
583 2.33185808528615
584 2.4955666105703282
585 2.4955666105703282
586 2.4955666105703282
587 2.4955666105703282
588 2.4955666105703282
589 2.129702012851271
590 2.129702012851271
591 2.129702012851271
592 2.129702012851271
593 2.129702012851271
594 0.1633359535205493
595 0.1633359535205493
596 0.1633359535205493
597 0.1633359535205493
598 0.1633359535205493
599 0.16817722411022543
600 0.16817722411022543
601 0.16817722411022543
602 0.16817722411022543
603 0.16817722411022543
604 0.21003702682284922
605 0.21003702682284922
606 0.21003702682284922
607 0.21003702682284922
608 0.21003702682284922
609 0.11616638413336945
610 0.11616638413336945
611 0.11616638413336945
612 0.11616638413336945
613 0.11616638413336945
614 0.3198096637146026
615 0.3198096637146026
616 0.3198096637146026
617 0.3198096637146026
618 0.3198096637146026
619 0.20863319423771493
620 0.20863319423771493
621 0.20863319423771493
622 0.20863319423771493
623 0.20863319423771493
624 0.23181403408515466
625 0.23181403408515466
626 0.23181403408515466
627 0.23181403408515466
628 0.23181403408515466
629 0.16098229904973088
630 0.16098229904973088
631 0.16098229904973088
632 0.16098229904973088
633 0.16098229904973088
634 0.17201764462480817
635 0.17201764462480817
636 0.17201764462480817
637 0.17201764462480817
638 0.17201764462480817
639 0.21015733261462383
640 0.21015733261462383
641 0.21015733261462383
642 0.21015733261462383
643 0.21015733261462383
644 0.2368472199887324
645 0.2368472199887324
646 0.40790776633301984
647 0.40790776633301984
648 0.40790776633301984
649 0.40790776633301984
650 0.40790776633301984
651 0.5506801796551832
652 0.5506801796551832
653 0.5506801796551832
654 0.5506801796551832
655 0.5506801796551832
656 0.4802867103648476
657 0.4802867103648476
658 0.4802867103648476
659 0.4802867103648476
660 0.4802867103648476
661 0.6530597650026385
662 0.6530597650026385
663 0.6530597650026385
664 0.6530597650026385
665 0.1893119496828637
666 0.1893119496828637
667 0.1893119496828637
668 0.1893119496828637
669 0.1893119496828637
670 1.156588917890967
671 1.156588917890967
672 1.156588917890967
673 1.156588917890967
674 1.156588917890967
675 2.005364841391865
676 2.005364841391865
677 2.005364841391865
678 2.005364841391865
679 2.005364841391865
680 1.689799214296998
681 1.689799214296998
682 1.689799214296998
683 1.689799214296998
684 1.689799214296998
685 0.835711320126221
686 0.835711320126221
687 0.835711320126221
688 0.835711320126221
689 0.835711320126221
690 1.685542878528975
691 1.685542878528975
692 1.685542878528975
693 1.685542878528975
694 1.685542878528975
695 1.8543564810988566
696 1.8543564810988566
697 1.8543564810988566
698 1.8543564810988566
699 1.8543564810988566
700 1.2261257693176388
701 1.2261257693176388
702 1.2261257693176388
703 1.2261257693176388
704 1.2261257693176388
705 1.5999052813137118
706 1.5999052813137118
707 1.5999052813137118
708 1.5999052813137118
709 1.5999052813137118
710 1.9872533482603039
711 1.9872533482603039
712 1.9872533482603039
713 1.9872533482603039
714 1.9872533482603039
715 1.5849648881662808
716 1.5849648881662808
717 1.5849648881662808
718 1.5849648881662808
719 1.5849648881662808
720 1.3019264100664882
721 1.3019264100664882
722 2.668328648602885
723 2.668328648602885
724 2.668328648602885
725 2.668328648602885
726 2.668328648602885
727 3.7630368987583345
728 3.7630368987583345
729 3.7630368987583345
730 3.7630368987583345
731 3.7630368987583345
732 3.0992701862963337
733 3.0992701862963337
734 3.0992701862963337
735 3.0992701862963337
736 3.0992701862963337
737 3.964231373118117
738 3.964231373118117
739 3.964231373118117
740 3.964231373118117
741 3.964231373118117
742 2.7437073556609812
743 2.7437073556609812
744 2.7437073556609812
745 2.7437073556609812
746 2.7437073556609812
747 3.131082077440886
748 3.131082077440886
749 3.131082077440886
750 3.131082077440886
751 3.131082077440886
752 3.737297406774526
753 3.737297406774526
754 3.737297406774526
755 3.737297406774526
756 3.737297406774526
757 4.211236591673571
758 4.211236591673571
759 4.211236591673571
760 4.211236591673571
761 4.211236591673571
762 3.5970241455602583
763 3.5970241455602583
764 3.5970241455602583
765 3.5970241455602583
766 3.5970241455602583
767 3.640855455986343
768 3.640855455986343
769 3.640855455986343
770 3.640855455986343
771 3.640855455986343
772 4.888810646239565
773 4.888810646239565
774 4.888810646239565
775 4.888810646239565
776 4.888810646239565
777 4.65114584946276
778 4.65114584946276
779 4.65114584946276
780 4.65114584946276
781 4.65114584946276
782 3.8823859858072174
783 3.8823859858072174
784 3.8823859858072174
785 3.8823859858072174
786 3.8823859858072174
787 4.384230926423657
788 4.384230926423657
789 4.384230926423657
790 4.384230926423657
791 4.384230926423657
792 3.316832498591115
793 3.316832498591115
794 3.316832498591115
795 3.316832498591115
796 3.316832498591115
797 3.3404405956700525
798 3.3404405956700525
799 3.3404405956700525
800 3.3404405956700525
801 3.3404405956700525
802 3.075497423775095
803 3.075497423775095
804 3.075497423775095
805 3.075497423775095
806 3.075497423775095
807 3.8489791333782364
808 3.8489791333782364
809 3.8489791333782364
810 3.8489791333782364
811 3.8489791333782364
812 3.982372046272468
813 3.982372046272468
814 3.982372046272468
815 3.982372046272468
816 3.982372046272468
817 1.6524851927238162
818 1.6524851927238162
819 1.6524851927238162
820 1.6524851927238162
821 1.6524851927238162
822 3.9055023899992496
823 3.9055023899992496
824 3.9055023899992496
825 3.9055023899992496
826 3.9055023899992496
827 3.9641565045670974
828 3.9641565045670974
829 3.9641565045670974
830 3.9641565045670974
831 3.9641565045670974
832 3.6574159033714544
833 3.6574159033714544
834 3.6574159033714544
835 3.6574159033714544
836 3.6574159033714544
837 2.8614323470033156
838 2.8614323470033156
839 2.8614323470033156
840 2.8614323470033156
841 2.8614323470033156
842 3.464646941643533
843 3.464646941643533
844 3.464646941643533
845 3.464646941643533
846 3.464646941643533
847 3.3811079561104904
848 3.3811079561104904
849 3.3811079561104904
850 3.3811079561104904
851 3.3811079561104904
852 2.7476402469533383
853 2.7476402469533383
854 2.7476402469533383
855 2.7476402469533383
856 2.7476402469533383
857 3.586366034002944
858 3.586366034002944
859 3.586366034002944
860 3.586366034002944
861 3.586366034002944
862 3.079011031997799
863 3.079011031997799
864 3.079011031997799
865 3.079011031997799
866 3.079011031997799
867 4.4976109170764795
868 4.4976109170764795
869 4.4976109170764795
870 4.4976109170764795
871 4.4976109170764795
872 2.251184490413197
873 2.251184490413197
874 2.251184490413197
875 2.251184490413197
876 2.251184490413197
877 2.6334564119726087
878 2.6334564119726087
879 2.6334564119726087
880 2.6334564119726087
881 2.6334564119726087
882 2.8028131221154156
883 2.8028131221154156
884 2.8028131221154156
885 2.8028131221154156
886 2.8028131221154156
887 2.0839193643707694
888 2.0839193643707694
889 2.0839193643707694
890 2.0839193643707694
891 2.0839193643707694
892 3.0823000698958163
893 3.0823000698958163
894 3.0823000698958163
895 3.0823000698958163
896 3.0823000698958163
897 2.133689703544091
898 2.133689703544091
899 2.133689703544091
900 2.133689703544091
901 2.133689703544091
902 2.6014449711359595
903 2.6014449711359595
904 2.6014449711359595
905 2.6014449711359595
906 2.6014449711359595
907 2.1162751125062162
908 2.1162751125062162
909 2.1162751125062162
910 2.1162751125062162
911 2.1162751125062162
912 2.784413315573557
913 2.784413315573557
914 2.784413315573557
915 2.784413315573557
916 0.7238262207350535
917 0.7238262207350535
918 0.7238262207350535
919 0.7238262207350535
920 0.7238262207350535
921 0.8255962863325762
922 0.8255962863325762
923 0.8255962863325762
924 0.8255962863325762
925 0.8255962863325762
926 0.6606925481288006
927 0.6606925481288006
928 0.6606925481288006
929 0.6606925481288006
930 0.6606925481288006
931 0.7455042309358713
932 0.7455042309358713
933 0.7455042309358713
934 0.7455042309358713
935 0.7455042309358713
936 0.5481484232501487
937 0.5481484232501487
938 0.5481484232501487
939 0.5481484232501487
940 0.5481484232501487
941 0.9505438236201191
942 0.9505438236201191
943 0.9505438236201191
944 0.9505438236201191
945 0.9505438236201191
946 0.6008677063171397
947 0.6008677063171397
948 0.6008677063171397
949 0.6008677063171397
950 0.6008677063171397
951 0.7519003145842389
952 0.7519003145842389
953 0.7519003145842389
954 0.7519003145842389
955 0.7519003145842389
956 0.6296258352381361
957 0.6296258352381361
958 0.6296258352381361
959 0.6296258352381361
960 0.6296258352381361
961 0.5598200452482449
962 0.5598200452482449
963 0.5598200452482449
964 3.413192483633569
965 3.413192483633569
966 3.413192483633569
967 3.413192483633569
968 3.413192483633569
969 2.1657525883085276
970 2.1657525883085276
971 2.1657525883085276
972 2.1657525883085276
973 2.1657525883085276
974 1.7855769174707985
975 1.7855769174707985
976 1.7855769174707985
977 1.7855769174707985
978 1.7855769174707985
979 2.441304240896592
980 2.441304240896592
981 2.441304240896592
982 2.441304240896592
983 2.441304240896592
984 2.88246109992967
985 2.88246109992967
986 2.88246109992967
987 2.88246109992967
988 2.88246109992967
989 1.5941730790359887
990 1.5941730790359887
991 1.5941730790359887
992 1.5941730790359887
993 1.5941730790359887
994 2.9580362020762925
995 2.9580362020762925
996 2.9580362020762925
997 2.9580362020762925
998 2.9580362020762925
999 1.7586756489554696
1000 1.7586756489554696
1001 1.7586756489554696
1002 1.7586756489554696
1003 1.7586756489554696
1004 2.680228200966582
1005 2.680228200966582
1006 2.680228200966582
1007 2.680228200966582
1008 2.680228200966582
1009 2.7535411844099174
1010 2.7535411844099174
1011 2.7535411844099174
1012 2.7535411844099174
1013 2.7535411844099174
1014 1.9415571552229811
1015 1.5567819136645362
1016 1.5567819136645362
1017 1.5567819136645362
1018 1.5567819136645362
1019 1.5567819136645362
1020 1.025761676436613
1021 1.025761676436613
1022 1.025761676436613
1023 1.025761676436613
1024 1.025761676436613
1025 1.5332719529285324
1026 1.5332719529285324
1027 1.5332719529285324
1028 1.5332719529285324
1029 1.5332719529285324
1030 1.280929132825966
1031 1.280929132825966
1032 1.280929132825966
1033 1.280929132825966
1034 1.280929132825966
1035 1.9366315126656857
1036 1.9366315126656857
1037 1.9366315126656857
1038 1.9366315126656857
1039 1.9366315126656857
1040 2.1463557188015017
1041 2.1463557188015017
1042 2.1463557188015017
1043 2.1463557188015017
1044 2.1463557188015017
1045 1.8204757037332562
1046 1.8204757037332562
1047 1.8204757037332562
1048 1.8204757037332562
1049 1.8204757037332562
1050 1.7681177726646293
1051 1.7681177726646293
1052 1.7681177726646293
1053 1.7681177726646293
1054 1.7681177726646293
1055 0.66890787696652
1056 0.66890787696652
1057 0.66890787696652
1058 0.66890787696652
1059 0.66890787696652
1060 1.0973627804111616
1061 1.0973627804111616
1062 1.0973627804111616
1063 1.0973627804111616
1064 1.0973627804111616
1065 2.3428380328793454
1066 2.3428380328793454
1067 2.3428380328793454
1068 2.3428380328793454
1069 2.3428380328793454
1070 2.1572150501820486
1071 2.1572150501820486
1072 2.1572150501820486
1073 2.1572150501820486
1074 2.1572150501820486
1075 1.3909223141971707
1076 1.3909223141971707
1077 1.3909223141971707
1078 1.3909223141971707
1079 1.3909223141971707
1080 1.8658069231662977
1081 1.8658069231662977
1082 1.8658069231662977
1083 1.8658069231662977
1084 1.8658069231662977
1085 1.558348368204488
1086 1.558348368204488
1087 1.558348368204488
1088 1.558348368204488
1089 1.558348368204488
1090 1.8779956455781748
1091 1.8779956455781748
1092 1.8779956455781748
1093 1.8779956455781748
1094 1.8779956455781748
1095 2.0842878746074405
1096 2.0842878746074405
1097 2.0842878746074405
1098 2.0842878746074405
1099 2.0842878746074405
1100 2.246759547357285
1101 2.246759547357285
1102 2.246759547357285
1103 2.246759547357285
1104 2.246759547357285
1105 1.7775589497389086
1106 1.7775589497389086
1107 1.7775589497389086
1108 1.7775589497389086
1109 1.7775589497389086
1110 1.4320249538676073
1111 1.4320249538676073
1112 1.4320249538676073
1113 1.4320249538676073
1114 1.4320249538676073
1115 1.407923255678731
1116 1.407923255678731
1117 1.407923255678731
1118 1.407923255678731
1119 1.407923255678731
1120 1.5783085775783003
1121 1.5783085775783003
1122 1.5783085775783003
1123 1.5783085775783003
1124 1.5783085775783003
1125 2.0765049807804488
1126 2.0765049807804488
1127 2.0765049807804488
1128 2.0765049807804488
1129 2.0765049807804488
1130 1.6684197195452137
1131 1.6684197195452137
1132 1.6684197195452137
1133 1.6684197195452137
1134 1.6684197195452137
1135 1.2312109547228878
1136 1.2312109547228878
1137 1.2312109547228878
1138 1.2312109547228878
1139 1.2312109547228878
1140 1.8367626081738642
1141 1.8367626081738642
1142 1.8367626081738642
1143 1.8367626081738642
1144 1.8367626081738642
1145 1.253795314230897
1146 1.253795314230897
1147 1.253795314230897
1148 1.253795314230897
1149 1.253795314230897
1150 1.190187563581662
1151 1.190187563581662
1152 1.190187563581662
1153 1.190187563581662
1154 1.190187563581662
1155 1.7544410470714564
1156 1.7544410470714564
1157 1.7544410470714564
1158 1.7544410470714564
1159 1.7544410470714564
1160 1.3925892579267534
1161 1.3925892579267534
1162 1.3925892579267534
1163 1.3925892579267534
1164 1.3925892579267534
1165 1.3519633421920976
1166 1.3519633421920976
1167 1.3519633421920976
1168 1.3519633421920976
1169 1.3519633421920976
1170 1.1339955387790106
1171 1.1339955387790106
1172 1.1339955387790106
1173 1.1339955387790106
1174 1.1339955387790106
1175 1.3196218886562565
1176 1.3196218886562565
1177 1.3196218886562565
1178 1.3196218886562565
1179 1.3196218886562565
1180 1.8944883483350632
1181 1.8944883483350632
1182 1.8944883483350632
1183 1.8944883483350632
1184 1.8944883483350632
1185 2.149608045726159
1186 2.149608045726159
1187 2.149608045726159
1188 2.149608045726159
1189 2.149608045726159
1190 1.3005614469901536
1191 1.3005614469901536
1192 1.3005614469901536
1193 1.3005614469901536
1194 1.3005614469901536
1195 0.8634028914686385
1196 0.8634028914686385
1197 0.8634028914686385
1198 0.8634028914686385
1199 0.8634028914686385
1200 1.0281598958400553
1201 1.0281598958400553
1202 1.0281598958400553
1203 1.0281598958400553
1204 1.0281598958400553
1205 2.2347541656653815
1206 2.2347541656653815
1207 2.2347541656653815
1208 2.2347541656653815
1209 2.2347541656653815
1210 1.3448282207232813
1211 1.3448282207232813
1212 1.3448282207232813
1213 1.3448282207232813
1214 1.3448282207232813
1215 1.6227316834678347
1216 1.6227316834678347
1217 1.6227316834678347
1218 1.6227316834678347
1219 1.6227316834678347
1220 2.0430645505078315
1221 2.0430645505078315
1222 2.0430645505078315
1223 2.0430645505078315
1224 2.0430645505078315
1225 1.6301716025716135
1226 1.6301716025716135
1227 1.6301716025716135
1228 1.6301716025716135
1229 1.6301716025716135
1230 1.1661745330542999
1231 1.1661745330542999
1232 1.1661745330542999
1233 1.1661745330542999
1234 1.1661745330542999
1235 1.8970945424959984
1236 1.8970945424959984
1237 1.8970945424959984
1238 1.8970945424959984
1239 1.8970945424959984
1240 2.295547377983235
1241 2.295547377983235
1242 2.295547377983235
1243 2.295547377983235
1244 2.295547377983235
1245 1.6782272650800083
1246 1.6782272650800083
1247 1.6782272650800083
1248 1.6782272650800083
1249 1.6782272650800083
1250 1.3701767814163008
1251 1.3701767814163008
1252 1.3701767814163008
1253 1.3701767814163008
1254 1.3701767814163008
1255 1.3785428838845684
1256 1.3785428838845684
1257 1.3785428838845684
1258 1.3785428838845684
1259 1.3785428838845684
1260 1.5204762787767045
1261 1.5204762787767045
1262 1.5204762787767045
1263 1.5204762787767045
1264 1.5204762787767045
1265 1.14817538956346
1266 1.14817538956346
1267 1.14817538956346
1268 1.14817538956346
1269 1.14817538956346
1270 1.2509856888773168
1271 1.2509856888773168
1272 1.2509856888773168
1273 1.2509856888773168
1274 1.2509856888773168
1275 1.6338992481190993
1276 1.6338992481190993
1277 1.6338992481190993
1278 1.6338992481190993
1279 1.6338992481190993
1280 1.6339403543172297
1281 1.6339403543172297
1282 1.6339403543172297
1283 1.6339403543172297
1284 1.6339403543172297
1285 1.4613502513239531
1286 1.4613502513239531
1287 1.4613502513239531
1288 1.4613502513239531
1289 1.4613502513239531
1290 1.2209935101844336
1291 1.2209935101844336
1292 1.2209935101844336
1293 1.2209935101844336
1294 1.2209935101844336
1295 0.722611454947044
1296 0.722611454947044
1297 0.722611454947044
1298 0.722611454947044
1299 0.722611454947044
1300 1.9696859825525064
1301 1.9696859825525064
1302 1.9696859825525064
1303 1.9696859825525064
1304 1.9696859825525064
1305 1.136504046739207
1306 1.136504046739207
1307 1.136504046739207
1308 2.9227570590175582
1309 2.9227570590175582
1310 5.961301456240197
1311 5.961301456240197
1312 5.961301456240197
1313 5.961301456240197
1314 5.961301456240197
1315 3.795307266262511
1316 3.795307266262511
1317 3.795307266262511
1318 3.795307266262511
1319 3.795307266262511
1320 6.474503029259639
1321 6.474503029259639
1322 6.474503029259639
1323 6.474503029259639
1324 6.474503029259639
1325 4.023177044413542
1326 4.023177044413542
1327 4.023177044413542
1328 4.023177044413542
1329 2.566386487913441
1330 2.566386487913441
1331 2.566386487913441
1332 2.566386487913441
1333 2.566386487913441
1334 2.830517154221277
1335 2.830517154221277
1336 2.830517154221277
1337 2.830517154221277
1338 2.830517154221277
1339 1.7596362687502325
1340 1.7596362687502325
1341 1.7596362687502325
1342 1.7596362687502325
1343 1.7596362687502325
1344 2.797882612636041
1345 2.797882612636041
1346 2.797882612636041
1347 2.797882612636041
1348 2.797882612636041
1349 2.837028820391546
1350 2.837028820391546
1351 2.837028820391546
1352 2.837028820391546
1353 4.966902079927979
1354 4.966902079927979
1355 4.966902079927979
1356 4.966902079927979
1357 4.966902079927979
1358 3.633027898225395
1359 3.633027898225395
1360 3.633027898225395
1361 3.633027898225395
1362 3.633027898225395
1363 3.432105363341501
1364 3.432105363341501
1365 3.432105363341501
1366 3.432105363341501
1367 3.432105363341501
1368 2.9061965138606576
1369 2.9061965138606576
1370 2.9061965138606576
1371 2.9061965138606576
1372 1.3312994882892302
1373 1.3312994882892302
1374 1.3312994882892302
1375 0.5605081612231971
1376 0.5605081612231971
1377 0.5605081612231971
1378 0.5605081612231971
1379 0.5605081612231971
1380 0.633990952359798
1381 0.633990952359798
1382 0.633990952359798
1383 0.633990952359798
1384 0.633990952359798
1385 0.5289379242359186
1386 0.5289379242359186
1387 0.5289379242359186
1388 0.5289379242359186
1389 0.5289379242359186
1390 0.7010266369553012
1391 0.7010266369553012
1392 0.7010266369553012
1393 0.7010266369553012
1394 0.7010266369553012
1395 0.7534532876782123
1396 0.7534532876782123
1397 0.7534532876782123
1398 0.7534532876782123
1399 0.7534532876782123
1400 0.43066019047653337
1401 0.43066019047653337
1402 0.43066019047653337
1403 0.43066019047653337
1404 0.43066019047653337
1405 0.6932958578965066
1406 0.6932958578965066
1407 0.6932958578965066
1408 0.6932958578965066
1409 0.6932958578965066
1410 0.8139644849931341
1411 0.8139644849931341
1412 0.8139644849931341
1413 0.8139644849931341
1414 0.8139644849931341
1415 0.6504746360126956
1416 0.6504746360126956
1417 0.6504746360126956
1418 0.6504746360126956
1419 0.6504746360126956
1420 0.5833364950581889
1421 0.5833364950581889
1422 0.5833364950581889
1423 0.5833364950581889
1424 0.5833364950581889
1425 0.5921884534716256
1426 0.5921884534716256
1427 0.5921884534716256
1428 0.5921884534716256
1429 0.5921884534716256
1430 0.7352798638346099
1431 0.7352798638346099
1432 0.7352798638346099
1433 3.3419492949044423
1434 3.3419492949044423
1435 3.3419492949044423
1436 3.3419492949044423
1437 3.3419492949044423
1438 4.606091615778292
1439 4.606091615778292
1440 4.606091615778292
1441 4.606091615778292
1442 4.606091615778292
1443 3.498353240896055
1444 3.498353240896055
1445 3.498353240896055
1446 3.498353240896055
1447 3.498353240896055
1448 2.5564934603126725
1449 2.5564934603126725
1450 2.5564934603126725
1451 2.5564934603126725
1452 2.5564934603126725
1453 2.9928686027450953
1454 2.9928686027450953
1455 2.9928686027450953
1456 2.9928686027450953
1457 2.9928686027450953
1458 2.7050140430490934
1459 2.7050140430490934
1460 2.7050140430490934
1461 2.7050140430490934
1462 2.7050140430490934
1463 5.65880066770275
1464 5.65880066770275
1465 5.65880066770275
1466 5.65880066770275
1467 5.65880066770275
1468 4.710137901674524
1469 1.133490121438049
1470 1.133490121438049
1471 1.133490121438049
1472 1.133490121438049
1473 1.133490121438049
1474 0.7312087499481488
1475 0.7312087499481488
1476 0.7312087499481488
1477 0.7312087499481488
1478 0.7312087499481488
1479 1.0992567733372316
1480 1.0992567733372316
1481 1.0992567733372316
1482 1.0992567733372316
1483 1.0992567733372316
1484 1.4711338716942828
1485 1.4711338716942828
1486 1.4711338716942828
1487 1.4711338716942828
1488 1.4711338716942828
1489 1.304585187857294
1490 1.304585187857294
1491 1.304585187857294
1492 1.304585187857294
1493 1.304585187857294
1494 0.8383308625974041
1495 0.8735530181575532
1496 0.8735530181575532
1497 0.8735530181575532
1498 0.8735530181575532
1499 0.8735530181575532
1500 0.80952611842036
1501 0.80952611842036
1502 0.80952611842036
1503 0.80952611842036
1504 0.80952611842036
1505 0.6202600767512287
1506 0.6202600767512287
1507 0.6202600767512287
1508 0.6202600767512287
1509 0.6202600767512287
1510 0.4954720219914316
1511 0.4954720219914316
1512 0.4954720219914316
1513 0.4954720219914316
1514 0.4954720219914316
1515 0.4973771977283822
1516 0.4973771977283822
1517 0.4973771977283822
1518 0.4973771977283822
1519 0.4973771977283822
1520 0.6803184827342073
1521 0.6803184827342073
1522 0.6803184827342073
1523 0.6803184827342073
1524 0.6803184827342073
1525 0.690558334956979
1526 0.690558334956979
1527 0.690558334956979
1528 0.690558334956979
1529 0.690558334956979
1530 0.604229212846663
1531 0.604229212846663
1532 0.604229212846663
1533 0.604229212846663
1534 0.604229212846663
1535 0.6582424950766338
1536 0.6582424950766338
1537 0.6582424950766338
1538 0.6582424950766338
1539 0.6582424950766338
1540 0.6247220047332679
1541 0.6247220047332679
1542 0.6247220047332679
1543 0.6247220047332679
1544 0.6247220047332679
1545 0.926404942744076
1546 0.926404942744076
1547 0.926404942744076
1548 0.926404942744076
1549 0.926404942744076
1550 0.7088825072389632
1551 0.7088825072389632
1552 0.7088825072389632
1553 0.7088825072389632
1554 0.7088825072389632
1555 0.8513930732991646
1556 0.8513930732991646
1557 0.8513930732991646
1558 0.8513930732991646
1559 0.8513930732991646
1560 0.35953476565818665
1561 0.35953476565818665
1562 0.35953476565818665
1563 0.35953476565818665
1564 0.35953476565818665
1565 1.000264406016745
1566 1.000264406016745
1567 1.000264406016745
1568 1.000264406016745
1569 1.000264406016745
1570 0.7518135087883973
1571 0.7518135087883973
1572 0.7518135087883973
1573 0.7518135087883973
1574 0.7518135087883973
1575 0.8338877492097072
1576 0.8338877492097072
1577 0.8338877492097072
1578 0.8338877492097072
1579 0.8338877492097072
1580 0.64127029078224
1581 0.64127029078224
1582 0.64127029078224
1583 0.64127029078224
1584 0.64127029078224
1585 0.447227006209358
1586 0.447227006209358
1587 0.447227006209358
1588 0.447227006209358
1589 0.447227006209358
1590 0.8381714768364749
1591 0.8381714768364749
1592 0.8381714768364749
1593 0.8381714768364749
1594 0.8381714768364749
1595 0.6779273250227192
1596 0.6779273250227192
1597 0.6779273250227192
1598 0.6779273250227192
1599 0.6779273250227192
1600 0.5893205053433497
1601 0.5893205053433497
1602 0.5893205053433497
1603 0.5893205053433497
1604 0.5893205053433497
1605 0.6802342874108743
1606 0.6802342874108743
1607 0.6802342874108743
1608 0.6802342874108743
1609 0.6802342874108743
1610 0.7364049183411174
1611 0.7364049183411174
1612 0.7364049183411174
1613 0.7364049183411174
1614 0.7364049183411174
1615 3.4813387552802415
1616 3.4813387552802415
1617 3.4813387552802415
1618 3.4813387552802415
1619 3.4813387552802415
1620 3.2866006014742
1621 3.2866006014742
1622 3.2866006014742
1623 3.2866006014742
1624 3.2866006014742
1625 2.9969345627259774
1626 2.9969345627259774
1627 2.9969345627259774
1628 2.9969345627259774
1629 2.9969345627259774
1630 3.5846029567466715
1631 3.5846029567466715
1632 3.5846029567466715
1633 3.5846029567466715
1634 3.5846029567466715
1635 3.319483848296623
1636 3.319483848296623
1637 3.319483848296623
1638 3.319483848296623
1639 3.319483848296623
1640 4.977040533907821
1641 4.977040533907821
1642 4.977040533907821
1643 4.977040533907821
1644 4.977040533907821
1645 4.2270901078248295
1646 4.2270901078248295
1647 4.2270901078248295
1648 4.2270901078248295
1649 4.2270901078248295
1650 2.9376039782413303
1651 2.9376039782413303
1652 2.9376039782413303
1653 2.9376039782413303
1654 2.9376039782413303
1655 3.6526869383499188
1656 3.6526869383499188
1657 3.6526869383499188
1658 3.6526869383499188
1659 3.6526869383499188
1660 3.8670932542221776
1661 3.8670932542221776
1662 3.8670932542221776
1663 3.8670932542221776
1664 3.8670932542221776
1665 4.395274639355202
1666 4.395274639355202
1667 4.395274639355202
1668 4.395274639355202
1669 4.395274639355202
1670 3.5804315375098295
1671 3.5804315375098295
1672 3.5804315375098295
1673 3.5804315375098295
1674 3.5804315375098295
1675 4.2943350464456955
1676 4.2943350464456955
1677 4.2943350464456955
1678 4.2943350464456955
1679 4.2943350464456955
1680 0.6015089975685788
1681 0.6015089975685788
1682 0.6015089975685788
1683 0.6015089975685788
1684 0.6015089975685788
1685 0.8103529933325602
1686 0.8103529933325602
1687 0.8103529933325602
1688 0.8103529933325602
1689 0.8103529933325602
1690 1.0840232616121455
1691 1.0840232616121455
1692 1.0840232616121455
1693 1.0840232616121455
1694 1.0840232616121455
1695 0.5684843177345613
1696 0.5684843177345613
1697 0.5684843177345613
1698 0.5684843177345613
1699 0.5684843177345613
1700 0.5080423113152733
1701 0.5080423113152733
1702 0.5080423113152733
1703 0.5080423113152733
1704 0.5080423113152733
1705 1.6978692415460233
1706 1.6978692415460233
1707 1.6978692415460233
1708 1.6978692415460233
1709 1.6978692415460233
1710 1.7950595979852153
1711 1.7950595979852153
1712 1.7950595979852153
1713 1.7950595979852153
1714 1.7950595979852153
1715 1.0163575607031152
1716 1.0163575607031152
1717 1.0163575607031152
1718 1.0163575607031152
1719 1.0163575607031152
1720 0.17380632423129488
1721 0.17380632423129488
1722 0.17380632423129488
1723 0.17380632423129488
1724 0.17380632423129488
1725 0.1
1726 0.1
1727 0.1
1728 0.1
1729 0.1
1730 0.17633268200660487
1731 0.17633268200660487
1732 0.17633268200660487
1733 0.17633268200660487
1734 0.17633268200660487
1735 0.15003672514751415
1736 0.15003672514751415
1737 0.15003672514751415
1738 0.15003672514751415
1739 0.15003672514751415
1740 0.2123117534743917
1741 0.2123117534743917
1742 0.2123117534743917
1743 0.2123117534743917
1744 0.2123117534743917
1745 0.1824221043642416
1746 0.1824221043642416
1747 0.1824221043642416
1748 0.1824221043642416
1749 0.1824221043642416
1750 0.15954374123175516
1751 0.15954374123175516
1752 0.15954374123175516
1753 0.15954374123175516
1754 0.15954374123175516
1755 0.2017722868464599
1756 0.2017722868464599
1757 0.2017722868464599
1758 0.2017722868464599
1759 0.2017722868464599
1760 0.18490251705544683
1761 0.18490251705544683
1762 0.18490251705544683
1763 0.18490251705544683
1764 0.18490251705544683
1765 0.268416885618619
1766 0.268416885618619
1767 0.268416885618619
1768 0.268416885618619
1769 0.268416885618619
1770 0.16739388492630855
1771 0.16739388492630855
1772 0.16739388492630855
1773 0.16739388492630855
1774 0.16739388492630855
1775 0.15562721572452026
1776 0.15562721572452026
1777 0.15562721572452026
1778 0.15562721572452026
1779 0.15562721572452026
1780 0.23450038420977692
1781 0.23450038420977692
1782 0.23450038420977692
1783 0.23450038420977692
1784 0.23450038420977692
1785 0.23839713590287537
1786 0.23839713590287537
1787 0.23839713590287537
1788 0.23839713590287537
1789 0.23839713590287537
1790 0.26169079195582823
1791 0.26169079195582823
1792 0.26169079195582823
1793 0.26169079195582823
1794 0.26169079195582823
1795 0.14722302813818006
1796 0.14722302813818006
1797 0.14722302813818006
1798 0.14722302813818006
1799 0.14722302813818006
1800 0.26216818158400157
1801 0.26216818158400157
1802 0.26216818158400157
1803 0.26216818158400157
1804 0.26216818158400157
1805 0.14653561168039414
1806 0.14653561168039414
1807 0.14653561168039414
1808 0.14653561168039414
1809 0.14653561168039414
1810 0.16653170715881122
1811 0.16653170715881122
1812 0.16653170715881122
1813 2.421309822197955
1814 2.421309822197955
1815 2.421309822197955
1816 2.421309822197955
1817 2.421309822197955
1818 3.133998186234134
1819 3.133998186234134
1820 3.133998186234134
1821 3.133998186234134
1822 3.133998186234134
1823 2.6562800574412666
1824 2.6562800574412666
1825 2.6562800574412666
1826 2.6562800574412666
1827 2.6562800574412666
1828 2.039739795978259
1829 2.039739795978259
1830 0.7993622382409914
1831 0.7993622382409914
1832 0.7993622382409914
1833 0.7993622382409914
1834 0.7993622382409914
1835 0.7579503142789517
1836 0.7579503142789517
1837 0.7579503142789517
1838 0.7579503142789517
1839 0.7579503142789517
1840 0.694847106730268
1841 0.694847106730268
1842 0.694847106730268
1843 0.694847106730268
1844 0.694847106730268
1845 0.9431600438238363
1846 0.9431600438238363
1847 0.9431600438238363
1848 0.9431600438238363
1849 0.9431600438238363
1850 1.8041817059110687
1851 1.8041817059110687
1852 1.8041817059110687
1853 1.8041817059110687
1854 1.8041817059110687
1855 1.4407698863843563
1856 1.4407698863843563
1857 1.4407698863843563
1858 1.4407698863843563
1859 1.4407698863843563
1860 1.5702810888894416
1861 1.5702810888894416
1862 1.5702810888894416
1863 1.5702810888894416
1864 1.5702810888894416
1865 0.9462738044921842
1866 0.9462738044921842
1867 0.9462738044921842
1868 0.9462738044921842
1869 0.9462738044921842
1870 1.0644363827626337
1871 1.0644363827626337
1872 1.0644363827626337
1873 1.0644363827626337
1874 1.0644363827626337
1875 1.676211273453804
1876 1.676211273453804
1877 1.676211273453804
1878 1.676211273453804
1879 1.676211273453804
1880 1.6082891853528742
1881 1.6082891853528742
1882 1.6082891853528742
1883 1.6082891853528742
1884 1.6082891853528742
1885 1.4612775681972765
1886 1.4612775681972765
1887 1.4612775681972765
1888 1.4612775681972765
1889 1.4612775681972765
1890 1.5413344045185347
1891 1.5413344045185347
1892 1.5413344045185347
1893 1.5413344045185347
1894 1.5413344045185347
1895 1.378407077823036
1896 1.378407077823036
1897 1.378407077823036
1898 1.378407077823036
1899 1.378407077823036
1900 0.7287387678046646
1901 0.7287387678046646
1902 4.19543437926796
1903 4.19543437926796
1904 4.19543437926796
1905 4.19543437926796
1906 4.19543437926796
1907 5.058624223364123
1908 5.058624223364123
1909 5.058624223364123
1910 5.058624223364123
1911 5.058624223364123
1912 2.6534435243632206
1913 2.6534435243632206
1914 2.6534435243632206
1915 2.6534435243632206
1916 2.6534435243632206
1917 3.7285410594798414
1918 3.7285410594798414
1919 3.7285410594798414
1920 3.7285410594798414
1921 3.7285410594798414
1922 2.9764228094896295
1923 2.9764228094896295
1924 2.9764228094896295
1925 2.9764228094896295
1926 2.9764228094896295
1927 3.508838783168563
1928 3.508838783168563
1929 3.508838783168563
1930 3.508838783168563
1931 3.508838783168563
1932 4.404371688689545
1933 4.404371688689545
1934 4.404371688689545
1935 4.404371688689545
1936 4.404371688689545
1937 2.9388191198688265
1938 2.9388191198688265
1939 2.9388191198688265
1940 2.9388191198688265
1941 2.9388191198688265
1942 4.24552899586956
1943 4.24552899586956
1944 4.24552899586956
1945 4.24552899586956
1946 4.24552899586956
1947 3.1735869807867854
1948 3.1735869807867854
1949 3.1735869807867854
1950 3.1735869807867854
1951 3.1735869807867854
1952 3.8026312887542018
1953 3.8026312887542018
1954 3.8026312887542018
1955 3.8026312887542018
1956 3.8026312887542018
1957 3.705704701092112
1958 3.705704701092112
1959 3.705704701092112
1960 3.705704701092112
1961 3.705704701092112
1962 2.5919564685735237
1963 2.5919564685735237
1964 2.5919564685735237
1965 2.5919564685735237
1966 2.5919564685735237
1967 4.395541780842068
1968 4.395541780842068
1969 4.395541780842068
1970 4.395541780842068
1971 4.395541780842068
1972 3.1273087515730706
1973 3.1273087515730706
1974 3.1273087515730706
1975 5.54056386873255
1976 5.54056386873255
1977 5.54056386873255
1978 5.54056386873255
1979 5.54056386873255
1980 3.7055284050706874
1981 3.7055284050706874
1982 3.7055284050706874
1983 3.7055284050706874
1984 3.7055284050706874
1985 3.1001866124837782
1986 3.1001866124837782
1987 3.1001866124837782
1988 3.1001866124837782
1989 3.1001866124837782
1990 4.549569475931391
1991 4.549569475931391
1992 4.549569475931391
1993 4.549569475931391
1994 4.549569475931391
1995 5.382833796472699
1996 5.382833796472699
1997 5.382833796472699
1998 5.382833796472699
1999 5.382833796472699
