0 3.079861160530673
1 3.079861160530673
2 3.1789162478294033
3 3.1789162478294033
4 5.202508057331814
5 5.202508057331814
6 4.7273218070873995
7 4.7273218070873995
8 4.284094527363269
9 4.284094527363269
10 4.108245086433271
11 4.108245086433271
12 4.574187015013123
13 4.574187015013123
14 4.281426402251636
15 4.281426402251636
16 4.148137988005051
17 4.148137988005051
18 3.5745816546793625
19 3.5745816546793625
20 4.116464404754955
21 4.116464404754955
22 3.6801597971615063
23 3.6801597971615063
24 4.018555318799901
25 4.018555318799901
26 3.7376106055741554
27 3.7376106055741554
28 5.128441039072766
29 5.128441039072766
30 4.735652994763557
31 4.735652994763557
32 4.388669397320985
33 4.388669397320985
34 5.004571941578547
35 5.004571941578547
36 3.8605725461413245
37 3.8605725461413245
38 4.291828670567666
39 4.291828670567666
40 4.3465078742716345
41 4.3465078742716345
42 4.993653088133698
43 4.993653088133698
44 4.7435792069525995
45 4.7435792069525995
46 3.605057049429613
47 3.605057049429613
48 4.727059817247324
49 4.727059817247324
50 4.812611079230026
51 4.812611079230026
52 4.3895420519275214
53 4.3895420519275214
54 3.5086725752426116
55 3.5086725752426116
56 4.984814899194374
57 4.984814899194374
58 3.943333185774502
59 3.943333185774502
60 4.450592516428818
61 4.450592516428818
62 4.792912840305269
63 4.792912840305269
64 4.032161619547465
65 4.032161619547465
66 4.1952681947341635
67 4.1952681947341635
68 3.9482154526298343
69 3.9482154526298343
70 2.4656203198412157
71 2.4656203198412157
72 2.5678593476269476
73 2.5678593476269476
74 1.810284784264228
75 1.810284784264228
76 2.795434638349821
77 2.795434638349821
78 2.339472357505832
79 2.771499987950266
80 2.771499987950266
81 3.095034440360422
82 3.095034440360422
83 2.6762166831498635
84 2.6762166831498635
85 2.8085359852159955
86 2.8085359852159955
87 2.8664844894542907
88 2.8664844894542907
89 3.0475510425598387
90 3.0475510425598387
91 3.1856777636292257
92 3.1856777636292257
93 3.1094300960161996
94 3.1094300960161996
95 2.8496184556813966
96 2.8496184556813966
97 3.223712621819707
98 3.223712621819707
99 2.4301931668799766
100 2.4301931668799766
101 2.580685627880712
102 2.580685627880712
103 2.902820601328186
104 2.902820601328186
105 3.008562457247205
106 3.008562457247205
107 2.5389010023935397
108 2.5389010023935397
109 3.474019245953011
110 3.474019245953011
111 2.8407130057084213
112 2.8407130057084213
113 3.2571316585193544
114 3.2571316585193544
115 2.9271933552287708
116 2.9271933552287708
117 2.65047604107881
118 2.65047604107881
119 3.202113788851224
120 3.202113788851224
121 3.1825726195230075
122 3.1825726195230075
123 2.775969534010097
124 2.775969534010097
125 3.5192382040539902
126 3.5192382040539902
127 2.8727800356640802
128 2.8727800356640802
129 2.8811657005665503
130 2.8811657005665503
131 2.7064382226513866
132 2.7064382226513866
133 3.403194653972321
134 3.403194653972321
135 2.8802521402600982
136 2.8802521402600982
137 3.3197003597154513
138 3.3197003597154513
139 3.1362130206048056
140 3.1362130206048056
141 3.0017652304941556
142 3.0017652304941556
143 2.8518819896512095
144 2.8518819896512095
145 2.8516152354533206
146 2.8516152354533206
147 3.184998145879285
148 3.184998145879285
149 2.968987240331018
150 2.968987240331018
151 2.751357841044727
152 2.751357841044727
153 2.916453057210662
154 2.916453057210662
155 2.8738844910414763
156 4.362951636374096
157 4.362951636374096
158 4.280965653164695
159 4.280965653164695
160 4.10524567038007
161 4.10524567038007
162 4.405614418836308
163 4.405614418836308
164 3.6200915619692906
165 3.6200915619692906
166 3.987531939664037
167 3.987531939664037
168 4.176852254012955
169 4.176852254012955
170 3.889792712183065
171 3.889792712183065
172 4.959795346688599
173 4.959795346688599
174 4.121955355147418
175 4.121955355147418
176 4.503173583847475
177 4.503173583847475
178 4.372492597504466
179 4.372492597504466
180 4.019214417286083
181 4.019214417286083
182 5.290677889518802
183 5.290677889518802
184 4.687864211153605
185 4.687864211153605
186 4.572932364592277
187 4.572932364592277
188 3.779870102640948
189 3.779870102640948
190 4.253490233690339
191 4.253490233690339
192 3.78946682262307
193 3.78946682262307
194 3.941300367941483
195 3.941300367941483
196 4.660371613497971
197 4.660371613497971
198 4.468977469227832
199 4.468977469227832
200 4.054134700943268
201 4.054134700943268
202 4.148282338528913
203 4.148282338528913
204 4.2341454090173976
205 4.2341454090173976
206 4.007601619987327
207 4.007601619987327
208 3.7444110873725513
209 3.7444110873725513
210 4.397847018958337
211 4.397847018958337
212 4.592937940961936
213 4.592937940961936
214 4.60367734425508
215 4.60367734425508
216 4.283650978206525
217 4.283650978206525
218 5.048278166083617
219 5.048278166083617
220 4.454378929117929
221 4.454378929117929
222 3.780182161993446
223 3.780182161993446
224 3.7901310033793862
225 3.7901310033793862
226 4.833471679055159
227 4.833471679055159
228 4.165781864435193
229 4.165781864435193
230 4.510899213771868
231 4.510899213771868
232 4.334263086239583
233 4.334263086239583
234 4.330210280650453
235 4.330210280650453
236 4.121860555937845
237 4.121860555937845
238 4.093838008780898
239 4.093838008780898
240 3.770527116090702
241 3.770527116090702
242 4.598680897107495
243 4.598680897107495
244 4.745974625086401
245 4.745974625086401
246 4.450337180939441
247 4.450337180939441
248 4.134297896408203
249 4.134297896408203
250 4.528045439194792
251 4.528045439194792
252 4.223910503733315
253 4.223910503733315
254 3.8402083020838793
255 3.8402083020838793
256 3.8188198693412807
257 3.8188198693412807
258 4.003852983852414
259 4.003852983852414
260 4.276968661394324
261 4.276968661394324
262 4.314633753237211
263 4.314633753237211
264 4.680004740283051
265 4.680004740283051
266 4.485511880279642
267 4.485511880279642
268 4.200187649597904
269 4.200187649597904
270 4.876254193218619
271 4.876254193218619
272 4.10031796512668
273 1.1407248877882978
274 1.1407248877882978
275 1.110704945033767
276 1.110704945033767
277 1.150764573322425
278 1.150764573322425
279 1.1338427678001262
280 1.1338427678001262
281 1.0257212028387734
282 1.0257212028387734
283 0.9550516344710926
284 0.9550516344710926
285 1.0386372526745746
286 1.0386372526745746
287 1.096269681434667
288 1.096269681434667
289 3.4237382145972513
290 3.4237382145972513
291 3.44497043400452
292 3.44497043400452
293 3.02229550252492
294 3.02229550252492
295 3.4778099159505
296 3.4778099159505
297 3.190296360362003
298 3.190296360362003
299 3.2029347035555626
300 3.2029347035555626
301 2.9266070704285068
302 2.9266070704285068
303 3.339646677258816
304 3.339646677258816
305 4.038218849829929
306 4.038218849829929
307 3.3120993459960437
308 3.3120993459960437
309 3.2894660414186188
310 3.2894660414186188
311 2.9595015116111067
312 2.9595015116111067
313 3.1548419983497653
314 3.1548419983497653
315 3.551588613135375
316 3.551588613135375
317 3.224680144387331
318 3.224680144387331
319 3.2021214225788848
320 3.2021214225788848
321 3.129337504038546
322 3.129337504038546
323 2.49644901605358
324 2.49644901605358
325 2.8325084527802153
326 2.8325084527802153
327 3.2979784693927994
328 3.2979784693927994
329 3.291287581110686
330 3.291287581110686
331 3.81409891089422
332 3.81409891089422
333 3.3211987466646216
334 3.3211987466646216
335 3.5846779356271568
336 3.5846779356271568
337 3.3926928800899785
338 3.3926928800899785
339 3.469328788772298
340 3.469328788772298
341 2.7133518194293464
342 2.7133518194293464
343 2.882951258242455
344 2.882951258242455
345 3.4120275279753645
346 3.4120275279753645
347 3.67071289961917
348 3.67071289961917
349 3.6937671524257936
350 3.6937671524257936
351 3.6103354985378147
352 3.6103354985378147
353 3.5982779134958243
354 3.5982779134958243
355 3.5777345491700903
356 3.5777345491700903
357 2.822971111407103
358 2.822971111407103
359 3.641855662307381
360 3.641855662307381
361 3.3761839864375287
362 3.3761839864375287
363 3.6802412752853826
364 3.6802412752853826
365 3.1422224064268893
366 3.1422224064268893
367 3.3242660556293284
368 3.3242660556293284
369 3.7925961594829194
370 3.7925961594829194
371 3.6750649360513727
372 3.6750649360513727
373 3.625345251995633
374 3.625345251995633
375 3.562274732626551
376 3.562274732626551
377 3.2879458437130693
378 3.2879458437130693
379 3.7556458699889212
380 3.7556458699889212
381 3.5820149467478415
382 3.5820149467478415
383 3.49580640520888
384 3.49580640520888
385 3.7846959836045433
386 3.7846959836045433
387 2.9048440799778166
388 2.9048440799778166
389 3.8260949961083166
390 3.8260949961083166
391 3.1761332969546263
392 3.1761332969546263
393 3.686946952567691
394 3.686946952567691
395 3.345816508063003
396 3.345816508063003
397 3.370991424948475
398 3.370991424948475
399 4.291284423043652
400 4.291284423043652
401 4.446522351717261
402 4.446522351717261
403 4.378414141925507
404 4.378414141925507
405 4.163134556886007
406 4.163134556886007
407 4.566789073536286
408 4.566789073536286
409 4.49238838777771
410 4.49238838777771
411 4.863082216175492
412 4.863082216175492
413 4.738652750403409
414 4.738652750403409
415 4.499786539102712
416 4.499786539102712
417 4.45633185672072
418 4.45633185672072
419 3.978190484672966
420 3.978190484672966
421 4.654037795020426
422 4.654037795020426
423 4.235269796193878
424 4.235269796193878
425 3.951007247638993
426 3.951007247638993
427 4.194754203121563
428 4.194754203121563
429 4.026208944568203
430 4.026208944568203
431 4.005964349102232
432 4.005964349102232
433 4.496586619614603
434 4.496586619614603
435 4.156625099595163
436 4.156625099595163
437 4.76777120406684
438 4.76777120406684
439 4.1468466732070235
440 4.1468466732070235
441 4.263787112438045
442 4.263787112438045
443 4.474524498219518
444 4.474524498219518
445 4.033890053906635
446 4.033890053906635
447 4.201043885102347
448 4.201043885102347
449 4.0967961069856695
450 4.0967961069856695
451 4.008668076289626
452 4.008668076289626
453 4.370198067310906
454 4.370198067310906
455 4.1804771506535685
456 4.1804771506535685
457 4.395356824488885
458 4.395356824488885
459 4.2433380954839555
460 4.2433380954839555
461 3.9742503211808953
462 3.9742503211808953
463 3.8047551782089286
464 3.8047551782089286
465 4.34004197431597
466 4.34004197431597
467 4.329969666897572
468 4.329969666897572
469 4.402210143839073
470 4.402210143839073
471 4.668807364614919
472 4.668807364614919
473 4.646489007267159
474 4.646489007267159
475 4.063937077115383
476 4.063937077115383
477 4.3274888987114375
478 4.3274888987114375
479 4.741628993039141
480 4.741628993039141
481 4.015102102466837
482 4.015102102466837
483 3.5955073871047807
484 3.5955073871047807
485 4.231910752188542
486 4.231910752188542
487 3.8224077773691567
488 3.8224077773691567
489 4.468397409095729
490 4.468397409095729
491 4.424362647587153
492 4.424362647587153
493 4.5988679138304915
494 4.5988679138304915
495 4.0357663221555296
496 4.0357663221555296
497 5.080558664919354
498 5.080558664919354
499 3.847207793809207
500 3.847207793809207
501 4.278848398660848
502 4.278848398660848
503 4.612863222139056
504 4.612863222139056
505 4.7907602343395075
506 4.7907602343395075
507 5.027265015897221
508 5.027265015897221
509 4.180016775994081
510 4.180016775994081
511 4.020083420846351
512 4.020083420846351
513 4.222246787520268
514 4.222246787520268
515 4.622480353525281
516 4.622480353525281
517 3.6014192758325154
518 3.6014192758325154
519 4.343715364672984
520 4.343715364672984
521 4.0156380632672635
522 4.0156380632672635
523 3.9664722925362477
524 3.9664722925362477
525 4.196458369163017
526 4.196458369163017
527 4.85997792349071
528 4.85997792349071
529 4.076522420684062
530 4.076522420684062
531 4.873919462247301
532 4.873919462247301
533 4.2790681788845895
534 4.2790681788845895
535 4.544338719707617
536 4.544338719707617
537 4.636053880498357
538 4.636053880498357
539 5.359095642186649
540 5.359095642186649
541 4.365030601011739
542 4.365030601011739
543 4.208510109380822
544 4.208510109380822
545 4.239500318240789
546 4.239500318240789
547 5.1793709418425795
548 5.1793709418425795
549 4.319569338753778
550 4.319569338753778
551 4.616555838119378
552 4.616555838119378
553 4.616722832072723
554 4.616722832072723
555 4.574213400083266
556 4.574213400083266
557 3.73288196582068
558 3.73288196582068
559 4.176417808335973
560 4.176417808335973
561 3.6552354587654348
562 3.6552354587654348
563 3.81439390763467
564 3.81439390763467
565 3.0775287842110837
566 3.0775287842110837
567 2.800096077174705
568 2.800096077174705
569 2.1372894096344313
570 2.1372894096344313
571 3.4149487422696656
572 3.4149487422696656
573 2.9674273913985934
574 2.9674273913985934
575 2.8993818159474083
576 2.8993818159474083
577 3.0586688526075005
578 3.0586688526075005
579 3.7686410209042847
580 3.7686410209042847
581 2.791947938017757
582 2.791947938017757
583 2.975238779472235
584 2.975238779472235
585 2.8363899232815775
586 2.8363899232815775
587 3.066671750619876
588 3.066671750619876
589 3.1578899020697127
590 3.1578899020697127
591 3.0706841915006153
592 3.0706841915006153
593 3.3648853719398035
594 3.3648853719398035
595 2.7766010898441857
596 2.7766010898441857
597 3.4131034681934325
598 3.4131034681934325
599 3.0175309810634814
600 3.0175309810634814
601 3.0916917126950323
602 3.0916917126950323
603 2.6175789567974146
604 2.6175789567974146
605 2.9034047939607763
606 2.9034047939607763
607 2.884867891995712
608 2.884867891995712
609 3.087637191339937
610 3.087637191339937
611 3.372500372049857
612 3.372500372049857
613 2.6428389558721896
614 2.6428389558721896
615 2.818993595046404
616 2.818993595046404
617 3.0201562900342673
618 3.0201562900342673
619 2.946194785689356
620 2.946194785689356
621 2.522577753964897
622 2.522577753964897
623 2.92649079942164
624 2.92649079942164
625 2.897636622858163
626 2.897636622858163
627 2.9617627258440247
628 2.9617627258440247
629 3.009140396631594
630 3.009140396631594
631 2.989043745979963
632 2.989043745979963
633 3.3539361143623827
634 3.3539361143623827
635 2.8501430540280874
636 2.8501430540280874
637 3.078994022510518
638 3.078994022510518
639 2.386455898665771
640 2.386455898665771
641 3.0495154181962425
642 3.0495154181962425
643 2.904725209865853
644 2.904725209865853
645 3.252295411063645
646 3.252295411063645
647 3.2437612813285117
648 3.2437612813285117
649 3.327267255633856
650 3.327267255633856
651 3.19282079495167
652 3.19282079495167
653 2.8643976505351527
654 2.8643976505351527
655 3.07204649647934
656 3.07204649647934
657 2.9119344858250242
658 2.9119344858250242
659 2.5665344636418443
660 2.5665344636418443
661 2.729129402559529
662 2.729129402559529
663 2.7434184459672766
664 2.7434184459672766
665 2.8684082721834776
666 2.8684082721834776
667 2.8194349044048064
668 2.8194349044048064
669 2.6390853723458285
670 2.6390853723458285
671 3.6353527513906725
672 3.6353527513906725
673 2.9550083206983393
674 2.9550083206983393
675 3.057455326636526
676 3.057455326636526
677 2.817901375942036
678 2.817901375942036
679 2.860922324834581
680 2.860922324834581
681 2.957655597728325
682 2.957655597728325
683 2.829452065390543
684 2.829452065390543
685 3.1128107251106316
686 3.1128107251106316
687 2.7910664773388985
688 2.7910664773388985
689 3.515131930754687
690 3.515131930754687
691 2.5948390667679573
692 2.5948390667679573
693 2.598993150265423
694 2.598993150265423
695 2.751573865371455
696 2.751573865371455
697 3.3422082544067973
698 3.3422082544067973
699 2.717023590894673
700 2.717023590894673
701 3.25720546485763
702 3.25720546485763
703 3.2422161700676755
704 3.2422161700676755
705 2.8028302672842043
706 2.8028302672842043
707 3.301941394703772
708 3.301941394703772
709 2.781700292608613
710 2.781700292608613
711 2.9455813591201037
712 2.9455813591201037
713 2.5797963950680547
714 2.5797963950680547
715 2.5979250724144967
716 2.5979250724144967
717 2.878760334977108
718 2.878760334977108
719 3.053097119474012
720 3.053097119474012
721 2.8188678322479244
722 2.8188678322479244
723 3.02052817799224
724 3.02052817799224
725 3.0461015364884916
726 3.0461015364884916
727 2.9890755294330846
728 2.9890755294330846
729 3.375168883405524
730 3.375168883405524
731 2.9680133127760584
732 2.9680133127760584
733 3.4625706248335555
734 3.4625706248335555
735 3.0781812690243444
736 3.0781812690243444
737 2.0667581395979275
738 2.0667581395979275
739 2.0351287842580637
740 2.0351287842580637
741 2.2103780921098224
742 2.2103780921098224
743 1.761492234363741
744 1.761492234363741
745 2.039795446439827
746 2.039795446439827
747 1.8530485741834082
748 1.8530485741834082
749 2.3587005762904285
750 2.3587005762904285
751 1.7924001785051455
752 1.7924001785051455
753 2.1973005477258583
754 2.1973005477258583
755 2.1206835603928584
756 2.1206835603928584
757 3.616499084780686
758 3.616499084780686
759 4.495991183212492
760 4.495991183212492
761 3.888654730926717
762 3.888654730926717
763 3.6324914564939035
764 3.6324914564939035
765 4.087237265298618
766 4.087237265298618
767 3.616779830867656
768 3.616779830867656
769 3.4764148499305767
770 3.4764148499305767
771 4.349573527346234
772 4.349573527346234
773 4.143028467132015
774 4.143028467132015
775 4.341691450270239
776 4.341691450270239
777 3.406790770338432
778 3.406790770338432
779 3.145472528583468
780 3.145472528583468
781 3.225216495944617
782 3.225216495944617
783 3.7980800144973186
784 3.7980800144973186
785 3.6424082425163746
786 3.6424082425163746
787 3.8028641546634976
788 3.8028641546634976
789 3.83992872654825
790 3.83992872654825
791 3.8700097878502264
792 3.8700097878502264
793 3.925074140227157
794 3.925074140227157
795 3.9614419319171263
796 3.9614419319171263
797 3.5582706405566427
798 3.5582706405566427
799 3.657106039223711
800 3.657106039223711
801 3.697461226036322
802 3.697461226036322
803 4.123560386838243
804 4.123560386838243
805 3.733986993499547
806 3.733986993499547
807 4.32619597277783
808 4.32619597277783
809 4.2448869989
810 4.2448869989
811 3.9113504071342367
812 3.9113504071342367
813 3.6833159529518875
814 3.6833159529518875
815 3.8850712048380793
816 3.8850712048380793
817 3.662742315357474
818 3.662742315357474
819 4.049226062441132
820 4.049226062441132
821 3.73648335528521
822 3.73648335528521
823 3.8584386987372334
824 3.8584386987372334
825 3.577059211019828
826 3.577059211019828
827 3.3799335010487086
828 3.3799335010487086
829 1.4061353368047886
830 1.4061353368047886
831 1.5169581839380852
832 1.5169581839380852
833 1.308159291657443
834 1.308159291657443
835 1.4594442704865898
836 1.4594442704865898
837 1.7686984991252501
838 1.7686984991252501
839 1.5153957277086032
840 1.5153957277086032
841 1.4250481382761244
842 1.4250481382761244
843 1.6392103049927003
844 1.6392103049927003
845 1.5319469357179902
846 1.5319469357179902
847 1.76536678686313
848 1.76536678686313
849 1.503525704667258
850 1.503525704667258
851 1.3540396019906322
852 1.3540396019906322
853 1.4243771195415633
854 1.4243771195415633
855 1.3524935458193792
856 1.3524935458193792
857 1.498530090504721
858 1.498530090504721
859 1.5202681733943981
860 1.5202681733943981
861 1.436012159637668
862 1.436012159637668
863 1.6868971532541683
864 1.6868971532541683
865 1.5480625772852332
866 1.5480625772852332
867 1.4125476023847974
868 1.4125476023847974
869 1.3373255317883166
870 1.3373255317883166
871 1.7974021058807315
872 1.7974021058807315
873 1.575241326112284
874 1.575241326112284
875 1.5354793534526603
876 1.5354793534526603
877 1.6794115524246356
878 1.6794115524246356
879 1.514711680470447
880 1.514711680470447
881 1.7055541334878974
882 1.7055541334878974
883 1.7248843268333571
884 1.7248843268333571
885 1.4872342073637819
886 1.4872342073637819
887 1.6865326695970932
888 1.6865326695970932
889 1.5503961667364479
890 1.5503961667364479
891 1.8541760671389766
892 1.8541760671389766
893 1.5435466849569253
894 1.5435466849569253
895 1.7567999813326234
896 1.7567999813326234
897 1.5361514849005646
898 1.5361514849005646
899 1.5111737475672753
900 1.5111737475672753
901 1.4346904238412181
902 1.4346904238412181
903 1.6965296775395384
904 1.6965296775395384
905 1.6660453748331323
906 1.6660453748331323
907 1.499054347926356
908 1.499054347926356
909 1.64953498462558
910 1.64953498462558
911 1.4875309484495531
912 1.4875309484495531
913 1.607016574211627
914 1.607016574211627
915 1.6829938728391398
916 1.6829938728391398
917 1.6926408976710416
918 1.6926408976710416
919 1.527455584450907
920 1.527455584450907
921 1.5024692931326349
922 1.5024692931326349
923 1.8567209606375905
924 1.8567209606375905
925 1.4636129581886692
926 1.4636129581886692
927 1.4420356661698277
928 1.4420356661698277
929 1.4401142803796798
930 1.4401142803796798
931 1.434861427976894
932 1.434861427976894
933 1.5097577774894915
934 1.5097577774894915
935 1.7818582802222698
936 1.7818582802222698
937 1.3757725059217605
938 1.3757725059217605
939 1.6113362610409503
940 1.6113362610409503
941 1.5336255370304919
942 1.5336255370304919
943 1.8198187241691732
944 1.8198187241691732
945 1.50037616176438
946 1.50037616176438
947 1.6455040409930972
948 1.6455040409930972
949 1.3432529662618753
950 1.3432529662618753
951 1.515507030337445
952 1.515507030337445
953 1.5938273699455847
954 1.5938273699455847
955 1.638274357510086
956 1.638274357510086
957 1.2571800390469496
958 1.2571800390469496
959 1.7755888804525977
960 1.7755888804525977
961 1.3616448440173448
962 1.3616448440173448
963 1.6152107472155532
964 1.6152107472155532
965 1.7710920194264568
966 1.7710920194264568
967 1.320541002235669
968 1.320541002235669
969 1.7589323020630165
970 0.16478133446747922
971 0.16478133446747922
972 0.1788015370057707
973 0.1788015370057707
974 0.21459926229067858
975 0.21459926229067858
976 0.18098914253666984
977 0.18098914253666984
978 0.19580655161837873
979 0.19580655161837873
980 0.17962141984788083
981 0.17962141984788083
982 0.1901900395374664
983 0.1901900395374664
984 0.1954524734357322
985 0.1954524734357322
986 0.20477653655758246
987 0.20477653655758246
988 0.16972070828484773
989 0.16972070828484773
990 0.15917498183764595
991 0.15917498183764595
992 0.2061734700528006
993 0.2061734700528006
994 0.20214219717387624
995 0.20214219717387624
996 0.16627582231148558
997 0.16627582231148558
998 0.17403184564142668
999 0.17403184564142668
1000 0.1941434662963017
1001 0.1941434662963017
1002 0.1736404716934589
1003 0.1736404716934589
1004 0.21434306449338195
1005 0.21434306449338195
1006 0.18902109181825358
1007 0.18902109181825358
1008 0.15934828404006784
1009 0.15934828404006784
1010 0.19537459679374883
1011 0.19537459679374883
1012 0.21943778850026166
1013 0.21943778850026166
1014 0.21160262219484616
1015 0.21160262219484616
1016 0.20212634543220248
1017 0.20212634543220248
1018 0.1859999501369537
1019 0.1859999501369537
1020 0.17086059858723682
1021 0.17086059858723682
1022 0.17680379971081076
1023 0.17680379971081076
1024 0.18061559709255753
1025 0.18061559709255753
1026 0.20902426305480093
1027 0.20902426305480093
1028 0.22425811230596313
1029 0.22425811230596313
1030 0.20266557059703594
1031 0.20266557059703594
1032 0.2377132328024036
1033 0.2377132328024036
1034 0.21263536736638008
1035 0.21263536736638008
1036 0.20569593469782946
1037 0.20569593469782946
1038 0.20232320811159593
1039 0.20232320811159593
1040 0.1824920051412057
1041 0.1824920051412057
1042 0.206038697258211
1043 0.206038697258211
1044 0.22178992829775984
1045 0.22178992829775984
1046 0.2558667945800154
1047 0.2558667945800154
1048 0.19750207889109309
1049 0.19750207889109309
1050 0.18486155367640536
1051 0.18486155367640536
1052 0.19002164012820924
1053 0.19002164012820924
1054 0.22422633884825507
1055 0.22422633884825507
1056 0.1921901688321217
1057 0.1921901688321217
1058 0.21816800973546852
1059 0.21816800973546852
1060 0.2160316564939938
1061 0.2160316564939938
1062 0.20861542821623863
1063 0.20861542821623863
1064 0.19805509574112964
1065 0.19805509574112964
1066 0.17528764292191062
1067 0.17528764292191062
1068 0.21960132486040548
1069 0.21960132486040548
1070 0.2057593859570471
1071 2.2500500240635435
1072 2.2500500240635435
1073 2.2433434624851807
1074 2.2433434624851807
1075 2.4927820582665916
1076 2.4927820582665916
1077 2.8675557309225637
1078 2.8675557309225637
1079 2.855258504575847
1080 2.855258504575847
1081 2.0091730664154297
1082 2.0091730664154297
1083 2.7645925478331583
1084 2.7645925478331583
1085 2.126703868308476
1086 2.126703868308476
1087 2.373237548460574
1088 2.373237548460574
1089 2.185776118927803
1090 2.185776118927803
1091 2.420886423764652
1092 2.420886423764652
1093 2.753465806019651
1094 2.753465806019651
1095 2.391163635587858
1096 2.391163635587858
1097 2.2124807492848118
1098 2.2124807492848118
1099 2.9566096946806577
1100 2.9566096946806577
1101 2.753311353682497
1102 2.753311353682497
1103 2.7269219645319516
1104 2.7269219645319516
1105 2.5375790579075908
1106 2.5375790579075908
1107 2.3617573948240445
1108 2.3617573948240445
1109 2.6042536158422065
1110 2.6042536158422065
1111 1.760277614975875
1112 1.760277614975875
1113 2.6982582993391375
1114 2.6982582993391375
1115 2.527679943665589
1116 2.527679943665589
1117 2.5304245474877978
1118 2.5304245474877978
1119 2.361468601437445
1120 2.361468601437445
1121 2.335138567134727
1122 2.335138567134727
1123 2.340070421202057
1124 2.340070421202057
1125 2.661741800515218
1126 2.661741800515218
1127 2.2961115951497457
1128 2.2961115951497457
1129 2.010384188518996
1130 2.010384188518996
1131 0.7521219204933635
1132 0.7521219204933635
1133 0.5759692400505906
1134 0.5759692400505906
1135 0.5793710149814278
1136 0.5793710149814278
1137 0.7053580687360907
1138 0.7053580687360907
1139 0.6289239993787727
1140 0.6289239993787727
1141 0.5569674146739887
1142 0.5569674146739887
1143 0.6119514746557013
1144 0.6119514746557013
1145 0.6991846084936097
1146 0.6991846084936097
1147 0.6826045743130637
1148 0.6826045743130637
1149 0.6393393368855148
1150 0.6393393368855148
1151 0.6494171820822585
1152 0.6494171820822585
1153 0.7006609688447251
1154 0.7006609688447251
1155 0.6351679669324354
1156 0.6351679669324354
1157 0.6058854742189916
1158 0.6058854742189916
1159 0.6087862387374234
1160 0.6087862387374234
1161 0.584106384926796
1162 0.584106384926796
1163 0.6845165344280633
1164 0.6845165344280633
1165 0.7005461947772122
1166 0.7005461947772122
1167 0.7159111349671416
1168 0.7159111349671416
1169 0.6673723047741338
1170 0.6673723047741338
1171 0.5823305475312691
1172 0.5823305475312691
1173 0.5803834475083252
1174 0.5803834475083252
1175 0.6382551552264304
1176 0.6382551552264304
1177 0.5874888037876901
1178 0.5874888037876901
1179 0.6415115675553752
1180 0.6415115675553752
1181 0.6966258797156851
1182 0.6966258797156851
1183 0.6213529267477349
1184 0.6213529267477349
1185 0.6571186103842829
1186 0.6571186103842829
1187 0.6713982718521394
1188 0.6713982718521394
1189 0.5932540945637889
1190 0.5932540945637889
1191 0.69774916454138
1192 0.69774916454138
1193 0.6691061410318846
1194 0.6691061410318846
1195 0.6984967729026775
1196 0.6984967729026775
1197 0.7568529707917031
1198 0.7568529707917031
1199 0.6944044333764756
1200 0.6944044333764756
1201 0.7145816787898741
1202 0.7145816787898741
1203 0.722535378880103
1204 0.722535378880103
1205 0.643391319674131
1206 0.643391319674131
1207 0.7195991137482717
1208 0.7195991137482717
1209 0.7387542120223533
1210 0.7387542120223533
1211 0.736815717040619
1212 0.736815717040619
1213 0.6241150104422895
1214 0.6241150104422895
1215 0.7425075329596714
1216 0.7425075329596714
1217 0.6434352993404712
1218 0.6434352993404712
1219 0.7497202253243811
1220 0.7497202253243811
1221 0.5839151233548201
1222 0.5839151233548201
1223 0.7330684823733475
1224 0.7330684823733475
1225 0.611129152229874
1226 0.611129152229874
1227 0.7155271544588443
1228 0.7155271544588443
1229 0.6411789970636038
1230 0.6411789970636038
1231 0.5566026823714818
1232 0.5566026823714818
1233 0.6765293406324651
1234 0.6765293406324651
1235 0.6244214423563805
1236 0.6244214423563805
1237 0.6663324241985481
1238 0.6663324241985481
1239 0.7013739634230869
1240 0.7013739634230869
1241 0.663705566539262
1242 0.663705566539262
1243 0.5877685428082979
1244 0.5877685428082979
1245 0.6840575271787965
1246 0.6840575271787965
1247 0.6339340729287818
1248 0.6339340729287818
1249 0.6845768239023126
1250 0.6845768239023126
1251 0.5918417198400189
1252 0.5918417198400189
1253 0.6968335764270154
1254 0.6968335764270154
1255 0.705765457722831
1256 0.705765457722831
1257 0.6323514628460831
1258 0.6323514628460831
1259 0.6181746192947117
1260 0.6181746192947117
1261 0.7026691841469351
1262 0.7026691841469351
1263 0.6852900192667101
1264 0.6852900192667101
1265 0.7031765009744034
1266 0.7031765009744034
1267 0.6523592014545074
1268 0.6523592014545074
1269 0.6834760645630111
1270 0.6834760645630111
1271 0.6874129514613394
1272 0.6874129514613394
1273 0.723113491298857
1274 0.723113491298857
1275 0.7298402427023957
1276 0.7298402427023957
1277 0.6206905390819577
1278 0.6206905390819577
1279 0.625883360680689
1280 0.625883360680689
1281 0.575097694326752
1282 0.575097694326752
1283 0.6105104824109538
1284 0.6105104824109538
1285 0.6173417795441283
1286 0.6173417795441283
1287 0.657912545005459
1288 0.657912545005459
1289 0.5714160612886396
1290 0.5714160612886396
1291 0.6387515308913285
1292 0.6387515308913285
1293 0.6865437723236031
1294 0.6865437723236031
1295 0.6101584326386207
1296 0.6101584326386207
1297 0.7128853737362011
1298 0.7128853737362011
1299 0.7133195526011776
1300 0.7133195526011776
1301 0.550070348378089
1302 0.550070348378089
1303 0.5931759494635519
1304 0.5931759494635519
1305 0.7205970774854217
1306 0.7205970774854217
1307 0.7177685473806045
1308 0.7177685473806045
1309 0.7338156603596069
1310 0.7338156603596069
1311 0.7123715961352503
1312 0.7123715961352503
1313 0.6660649461759983
1314 0.6660649461759983
1315 0.6452091070047763
1316 0.6452091070047763
1317 0.658173301239817
1318 0.658173301239817
1319 0.7145648557167144
1320 0.7145648557167144
1321 0.5475711625113868
1322 0.5475711625113868
1323 0.6578911355631567
1324 0.6578911355631567
1325 0.6634740574600483
1326 0.6634740574600483
1327 0.756434035154764
1328 0.756434035154764
1329 0.6552461473944472
1330 0.6552461473944472
1331 0.6191022145080788
1332 0.6191022145080788
1333 0.6293396940222749
1334 0.6293396940222749
1335 0.6131666808329098
1336 0.6131666808329098
1337 0.6344086921913367
1338 0.6344086921913367
1339 0.6073041386967782
1340 0.6073041386967782
1341 0.6734224694115518
1342 0.6734224694115518
1343 0.6618830202621242
1344 0.6618830202621242
1345 0.7139139001993043
1346 0.7139139001993043
1347 0.6716722400719182
1348 0.6716722400719182
1349 0.553992108700203
1350 0.553992108700203
1351 0.540357719860719
1352 0.540357719860719
1353 0.6408147848337558
1354 0.6408147848337558
1355 0.7103930003306398
1356 0.7103930003306398
1357 0.7506608843406027
1358 0.7506608843406027
1359 0.6203419037495899
1360 0.6203419037495899
1361 0.6718111245478008
1362 0.6718111245478008
1363 0.5831182013036245
1364 0.5831182013036245
1365 0.6492406402285494
1366 0.6492406402285494
1367 0.6192610626189177
1368 0.6192610626189177
1369 0.5696149504502278
1370 0.5696149504502278
1371 0.6025528246541152
1372 0.6025528246541152
1373 0.6744167119485407
1374 0.6744167119485407
1375 0.666114472561581
1376 0.666114472561581
1377 0.6385619293694004
1378 0.6385619293694004
1379 0.7121683180719387
1380 0.7121683180719387
1381 0.5278777855008294
1382 0.5278777855008294
1383 0.6301145651962784
1384 0.6301145651962784
1385 0.6973751602667995
1386 0.6973751602667995
1387 0.6374810795619363
1388 0.6374810795619363
1389 0.6501768243492663
1390 0.6501768243492663
1391 0.635629963746203
1392 0.635629963746203
1393 0.7311869966877872
1394 0.7311869966877872
1395 0.6676995822670563
1396 0.6676995822670563
1397 0.5647789539299447
1398 0.5647789539299447
1399 4.354222953056708
1400 4.354222953056708
1401 4.318675547548657
1402 4.318675547548657
1403 4.110246708550141
1404 4.110246708550141
1405 3.8417976902846926
1406 3.8417976902846926
1407 3.189812143759987
1408 3.189812143759987
1409 3.927253297261556
1410 3.927253297261556
1411 3.788073306820203
1412 3.788073306820203
1413 3.7565182028186115
1414 3.7565182028186115
1415 4.194270578957614
1416 4.194270578957614
1417 4.0748246911681285
1418 4.0748246911681285
1419 4.039566565963447
1420 4.039566565963447
1421 3.0048313303128382
1422 3.0048313303128382
1423 4.109521588711847
1424 4.109521588711847
1425 3.1867287260153283
1426 3.1867287260153283
1427 3.986134966054768
1428 3.986134966054768
1429 3.8558310210144664
1430 3.8558310210144664
1431 3.8339328436259263
1432 3.8339328436259263
1433 3.2132018816008503
1434 3.2132018816008503
1435 3.4454017250674935
1436 3.4454017250674935
1437 3.539169849486667
1438 3.539169849486667
1439 3.335800783447542
1440 3.335800783447542
1441 3.911270251450921
1442 3.911270251450921
1443 3.180157187092627
1444 3.180157187092627
1445 4.051018075171118
1446 4.051018075171118
1447 3.747594896838878
1448 3.747594896838878
1449 3.7490353647474564
1450 3.7490353647474564
1451 3.9888999867762776
1452 3.9888999867762776
1453 3.578008469965213
1454 3.578008469965213
1455 3.921284406496786
1456 3.921284406496786
1457 3.7601007793865437
1458 2.573694815476809
1459 2.573694815476809
1460 2.4617961415741605
1461 2.4617961415741605
1462 2.3781464593284585
1463 2.3781464593284585
1464 2.397274623989224
1465 2.397274623989224
1466 2.7030354784540287
1467 2.7030354784540287
1468 2.3625288539841485
1469 2.3625288539841485
1470 2.2122795249854335
1471 2.2122795249854335
1472 2.4911013602442145
1473 2.4911013602442145
1474 2.459939675359849
1475 2.459939675359849
1476 2.663966905862461
1477 2.663966905862461
1478 2.406491594973011
1479 2.406491594973011
1480 2.3508041847451473
1481 2.3508041847451473
1482 2.513868618906031
1483 2.513868618906031
1484 2.522863705203394
1485 2.522863705203394
1486 2.787056370169281
1487 2.787056370169281
1488 2.4227852557926295
1489 2.4227852557926295
1490 2.5904790014575427
1491 2.5904790014575427
1492 2.2355567001405543
1493 2.2355567001405543
1494 2.347186474592208
1495 2.347186474592208
1496 2.648820020869506
1497 2.648820020869506
1498 2.698816697105622
1499 2.698816697105622
1500 2.4026021179313184
1501 2.4026021179313184
1502 2.429732695525538
1503 2.429732695525538
1504 2.8203346232418904
1505 2.8203346232418904
1506 1.9011637531663013
1507 1.9011637531663013
1508 2.4016552873043673
1509 2.4016552873043673
1510 2.04717408477764
1511 2.04717408477764
1512 2.451129799296955
1513 2.451129799296955
1514 2.4571608028320653
1515 2.4571608028320653
1516 2.556122607795082
1517 2.556122607795082
1518 2.706781307605162
1519 2.706781307605162
1520 2.8059359041966685
1521 2.8059359041966685
1522 2.572672466039209
1523 2.572672466039209
1524 2.441876556767272
1525 2.441876556767272
1526 2.737773742857725
1527 2.737773742857725
1528 2.4491987977208005
1529 2.4491987977208005
1530 2.6652532081291933
1531 2.6652532081291933
1532 2.6483123148278005
1533 2.6483123148278005
1534 2.255152257455836
1535 2.255152257455836
1536 2.3856413341839415
1537 2.3856413341839415
1538 2.9653342028432026
1539 2.9653342028432026
1540 2.6795314906106418
1541 2.6795314906106418
1542 2.2727411175126124
1543 2.2727411175126124
1544 2.7091738148973947
1545 2.7091738148973947
1546 2.7111641056202123
1547 2.7111641056202123
1548 2.399720444648056
1549 2.399720444648056
1550 2.8990799118866537
1551 2.8990799118866537
1552 2.65927773577859
1553 2.65927773577859
1554 2.759349171176253
1555 2.759349171176253
1556 2.310316854621574
1557 2.310316854621574
1558 2.532546687033444
1559 2.532546687033444
1560 2.544572516378696
1561 2.544572516378696
1562 2.165783038556413
1563 2.165783038556413
1564 2.409031903679352
1565 2.409031903679352
1566 2.6365019779562617
1567 2.6365019779562617
1568 2.454778279832779
1569 2.454778279832779
1570 2.7057677175342136
1571 2.7057677175342136
1572 2.2407301751534234
1573 2.2407301751534234
1574 2.755368837897453
1575 2.755368837897453
1576 2.21333112997362
1577 2.21333112997362
1578 2.6443184937106587
1579 2.6443184937106587
1580 2.495383695354535
1581 2.495383695354535
1582 2.7431433970682697
1583 2.7431433970682697
1584 1.5268915750644347
1585 1.5268915750644347
1586 1.1089117933747243
1587 1.1089117933747243
1588 1.0127304567291284
1589 1.0127304567291284
1590 1.0325424164207573
1591 1.0325424164207573
1592 1.1742179426396002
1593 1.1742179426396002
1594 1.2207481744933641
1595 1.2207481744933641
1596 0.9817249412466944
1597 0.9817249412466944
1598 1.1118950932776472
1599 1.1118950932776472
1600 1.0278736225304945
1601 1.0278736225304945
1602 1.0749067758738222
1603 1.0749067758738222
1604 1.1378893572294309
1605 1.1378893572294309
1606 1.2218385492236437
1607 1.2218385492236437
1608 1.246577880981448
1609 1.246577880981448
1610 1.097154331915048
1611 1.097154331915048
1612 1.0882407173504336
1613 1.0882407173504336
1614 1.1980284971781998
1615 1.1980284971781998
1616 1.343151089898724
1617 1.343151089898724
1618 1.0898318024000424
1619 1.0898318024000424
1620 1.0184508082507988
1621 1.0184508082507988
1622 1.2077733152420096
1623 1.2077733152420096
1624 1.0596310949175838
1625 1.0596310949175838
1626 1.0838851241216643
1627 1.0838851241216643
1628 1.0916098146830735
1629 1.0916098146830735
1630 1.0815768337292058
1631 1.0815768337292058
1632 1.2496129865557242
1633 1.2496129865557242
1634 1.1823739314422128
1635 1.1823739314422128
1636 0.8861592927172384
1637 0.8861592927172384
1638 0.9899386422538533
1639 0.9899386422538533
1640 1.0541250458839115
1641 1.0541250458839115
1642 1.2882477990942363
1643 1.2882477990942363
1644 1.0292595761875143
1645 1.0292595761875143
1646 1.0681211662451668
1647 1.0681211662451668
1648 1.120221296215461
1649 1.120221296215461
1650 1.102413663330661
1651 1.102413663330661
1652 0.998312746395564
1653 0.998312746395564
1654 0.9800439732967107
1655 0.9800439732967107
1656 1.178499779399175
1657 1.178499779399175
1658 1.3180891025445953
1659 3.584706361534194
1660 3.584706361534194
1661 3.2060158940603465
1662 3.2060158940603465
1663 3.757526626788888
1664 3.757526626788888
1665 3.2514723639245715
1666 3.2514723639245715
1667 3.524162363367585
1668 3.524162363367585
1669 3.1323715637830922
1670 3.1323715637830922
1671 3.6890399514470813
1672 3.6890399514470813
1673 3.7799910802246455
1674 2.3682200089584073
1675 2.3682200089584073
1676 2.2746368764615763
1677 2.2746368764615763
1678 2.4117350789396075
1679 2.4117350789396075
1680 2.6261785867929586
1681 2.6261785867929586
1682 2.681654172825213
1683 2.681654172825213
1684 2.2629511793092445
1685 2.2629511793092445
1686 2.5074775802733087
1687 2.5074775802733087
1688 2.465538126693024
1689 2.465538126693024
1690 2.4374834321960255
1691 2.4374834321960255
1692 2.4188811907206342
1693 2.4188811907206342
1694 2.0172212312701077
1695 2.0172212312701077
1696 2.8718596854326703
1697 2.8718596854326703
1698 2.2120742851334225
1699 2.2120742851334225
1700 2.6776972189623964
1701 2.6776972189623964
1702 2.25763937749102
1703 2.25763937749102
1704 2.7765215201547364
1705 2.7765215201547364
1706 2.409907506486752
1707 2.409907506486752
1708 2.504983579431424
1709 2.504983579431424
1710 2.115567808220794
1711 2.115567808220794
1712 2.584459946738954
1713 2.584459946738954
1714 2.545366225155028
1715 2.545366225155028
1716 2.232506990709755
1717 2.232506990709755
1718 2.5151215860069707
1719 2.5151215860069707
1720 2.3968327899103463
1721 2.3968327899103463
1722 2.61461143558716
1723 2.61461143558716
1724 2.3413240312075314
1725 2.3413240312075314
1726 2.455458877698501
1727 2.455458877698501
1728 2.330821745492431
1729 2.330821745492431
1730 2.539179314290953
1731 2.539179314290953
1732 2.460905949454583
1733 2.460905949454583
1734 2.573486045195962
1735 2.573486045195962
1736 2.254483248033416
1737 2.254483248033416
1738 2.5988929674794337
1739 2.5988929674794337
1740 2.548492834812323
1741 2.548492834812323
1742 2.648275397615513
1743 2.648275397615513
1744 2.750400670661583
1745 2.750400670661583
1746 2.6483691858447087
1747 2.6483691858447087
1748 2.46285480253277
1749 2.46285480253277
1750 2.536009608688367
1751 2.536009608688367
1752 2.512759932716381
1753 2.512759932716381
1754 2.369189599821289
1755 2.369189599821289
1756 2.3122175079852747
1757 2.3122175079852747
1758 2.6552653610763057
1759 2.6552653610763057
1760 2.1698308083628204
1761 2.1698308083628204
1762 2.7173420359245903
1763 2.7173420359245903
1764 2.52392902945739
1765 2.52392902945739
1766 2.4152676074993393
1767 2.4152676074993393
1768 2.340958419719479
1769 2.340958419719479
1770 2.105495377970187
1771 2.105495377970187
1772 2.363514634256617
1773 2.363514634256617
1774 2.396999058476166
1775 2.396999058476166
1776 2.4640660822374816
1777 2.4640660822374816
1778 2.4000311056132375
1779 2.4000311056132375
1780 2.4254138652341415
1781 2.4254138652341415
1782 2.1002230310695618
1783 2.1002230310695618
1784 2.54128124938949
1785 2.54128124938949
1786 2.19133814976559
1787 2.19133814976559
1788 2.8499884695883084
1789 2.8499884695883084
1790 2.4930569094926445
1791 2.4930569094926445
1792 2.190423786908537
1793 2.190423786908537
1794 2.2922520158750763
1795 2.2922520158750763
1796 2.509580948755715
1797 2.509580948755715
1798 2.268385362171185
1799 1.2048526139358557
1800 1.2048526139358557
1801 1.209973114847652
1802 1.209973114847652
1803 1.2309111533448682
1804 1.2309111533448682
1805 1.203254650889663
1806 1.203254650889663
1807 1.1049605642616063
1808 1.1049605642616063
1809 0.9083630567657837
1810 0.9083630567657837
1811 1.0528595282399562
1812 1.0528595282399562
1813 1.2491257090012216
1814 1.2491257090012216
1815 1.07577946177836
1816 1.07577946177836
1817 1.0710884626572057
1818 1.0710884626572057
1819 1.0051822880492298
1820 1.0051822880492298
1821 1.067379171825265
1822 1.067379171825265
1823 1.0934629909599052
1824 1.0934629909599052
1825 1.1090837139125462
1826 1.1090837139125462
1827 0.8934700085738304
1828 0.8934700085738304
1829 1.3011846853658313
1830 1.3011846853658313
1831 1.1419363388779995
1832 1.1419363388779995
1833 1.2434063976800103
1834 1.2434063976800103
1835 1.2200882679172351
1836 1.2200882679172351
1837 1.222620908130135
1838 1.222620908130135
1839 0.9534793245160473
1840 0.9534793245160473
1841 1.10097314846666
1842 1.10097314846666
1843 0.9270544210184768
1844 0.9270544210184768
1845 1.1139030677276938
1846 1.1139030677276938
1847 2.5667627201679926
1848 2.5667627201679926
1849 2.492205057997431
1850 2.492205057997431
1851 2.9712184788512617
1852 2.9712184788512617
1853 2.8471100727328786
1854 2.8471100727328786
1855 3.198965269419099
1856 3.198965269419099
1857 2.7605738964344004
1858 2.7605738964344004
1859 3.015431240100496
1860 3.015431240100496
1861 2.422942673075248
1862 2.422942673075248
1863 2.9380462534775793
1864 2.9380462534775793
1865 3.125071355674958
1866 3.125071355674958
1867 2.99964552770871
1868 2.99964552770871
1869 2.8867784991100764
1870 2.8867784991100764
1871 3.2054033326599685
1872 3.2054033326599685
1873 2.984976506883299
1874 2.984976506883299
1875 3.2717834161457726
1876 3.2717834161457726
1877 2.8078623769523676
1878 2.8078623769523676
1879 3.017287982626894
1880 3.017287982626894
1881 2.5538224234300553
1882 2.5538224234300553
1883 2.6846521714714298
1884 2.6846521714714298
1885 3.249403648123641
1886 3.249403648123641
1887 3.4064935112657313
1888 3.4064935112657313
1889 3.1017806325566224
1890 3.1017806325566224
1891 3.2464158026615184
1892 3.2464158026615184
1893 2.87233698913862
1894 2.87233698913862
1895 3.0177490476837905
1896 3.0177490476837905
1897 3.0597842647947324
1898 3.0597842647947324
1899 3.1793864721754153
1900 3.1793864721754153
1901 3.1402930443985624
1902 3.1402930443985624
1903 3.235596875372776
1904 3.235596875372776
1905 3.6017494318498016
1906 3.6017494318498016
1907 3.0404800699871277
1908 3.0404800699871277
1909 3.23043497675219
1910 3.23043497675219
1911 3.181902635499342
1912 3.181902635499342
1913 2.9549312310826017
1914 2.9549312310826017
1915 3.5350605354308695
1916 3.5350605354308695
1917 2.466484395642369
1918 2.466484395642369
1919 3.039847271599902
1920 3.039847271599902
1921 2.44538822420669
1922 2.44538822420669
1923 3.242844851702955
1924 3.242844851702955
1925 2.4798225422552513
1926 2.4798225422552513
1927 2.910476724017787
1928 2.910476724017787
1929 3.601287758378175
1930 3.601287758378175
1931 3.1174461675905554
1932 3.1174461675905554
1933 2.683519199606709
1934 2.683519199606709
1935 3.3876671832349605
1936 3.3876671832349605
1937 2.5657050237412844
1938 2.5657050237412844
1939 3.4344212301809116
1940 3.4344212301809116
1941 3.6149131521355193
1942 3.6149131521355193
1943 2.822720041597843
1944 2.822720041597843
1945 2.8920335390439305
1946 2.8920335390439305
1947 3.1133659730014736
1948 3.1133659730014736
1949 2.7879955601214332
1950 2.7879955601214332
1951 3.1572008197065164
1952 3.1572008197065164
1953 3.0539532768421336
1954 3.0539532768421336
1955 3.203296593726818
1956 3.203296593726818
1957 2.8134676463806283
1958 2.8134676463806283
1959 2.8627951635564406
1960 2.8627951635564406
1961 2.865959137395473
1962 2.865959137395473
1963 2.779105561081109
1964 2.779105561081109
1965 2.3927130381880497
1966 2.3927130381880497
1967 2.7879827444072314
1968 2.7879827444072314
1969 3.15384309363502
1970 3.15384309363502
1971 3.130334199404185
1972 3.130334199404185
1973 2.794339758621683
1974 2.794339758621683
1975 3.219601837522661
1976 3.219601837522661
1977 3.026702381835638
1978 3.026702381835638
1979 3.079560384971293
1980 3.079560384971293
1981 3.0721481908160766
1982 3.0721481908160766
1983 2.7462480037308654
1984 2.7462480037308654
1985 3.1801051676352707
1986 3.1801051676352707
1987 2.450649648644241
1988 2.450649648644241
1989 2.9984548676676144
1990 2.9984548676676144
1991 2.645888367244117
1992 2.645888367244117
1993 2.7983289167900773
1994 2.7983289167900773
1995 2.594888729111443
1996 2.594888729111443
1997 3.2537177903122796
1998 3.2537177903122796
1999 2.9877047489928916
