0 1.2760422685691948
1 1.2760422685691948
2 1.2760422685691948
3 0.8130899536999712
4 0.8130899536999712
5 0.8130899536999712
6 1.4519154956193454
7 1.4519154956193454
8 1.4519154956193454
9 2.870976170447997
10 2.870976170447997
11 2.870976170447997
12 3.012720398574067
13 3.012720398574067
14 3.012720398574067
15 3.435803739009384
16 3.435803739009384
17 3.435803739009384
18 2.030065920482441
19 2.030065920482441
20 2.030065920482441
21 3.6802642290199183
22 3.6802642290199183
23 3.6802642290199183
24 1.5102112897663376
25 1.5102112897663376
26 1.5102112897663376
27 1.7555545585608714
28 1.7555545585608714
29 1.7555545585608714
30 4.8937724390597275
31 4.8937724390597275
32 4.8937724390597275
33 3.950745916122152
34 3.950745916122152
35 3.950745916122152
36 4.561116816016383
37 4.561116816016383
38 4.561116816016383
39 3.0208433115279627
40 3.0208433115279627
41 3.0208433115279627
42 4.578504287556791
43 4.578504287556791
44 4.578504287556791
45 2.9215940186621676
46 2.9215940186621676
47 2.9215940186621676
48 1.8563116573672624
49 1.8563116573672624
50 1.8563116573672624
51 3.8980120776787324
52 3.8980120776787324
53 3.8980120776787324
54 2.128935127901215
55 2.128935127901215
56 2.128935127901215
57 2.685573820051524
58 2.685573820051524
59 2.685573820051524
60 2.142973418772037
61 2.142973418772037
62 2.142973418772037
63 2.6626186422564837
64 2.6626186422564837
65 2.6626186422564837
66 4.255180001545907
67 4.255180001545907
68 4.255180001545907
69 2.8639598841698897
70 2.8639598841698897
71 2.8639598841698897
72 3.59597602340215
73 3.59597602340215
74 3.59597602340215
75 5.075865685842761
76 5.075865685842761
77 5.075865685842761
78 3.427036855959921
79 3.427036855959921
80 3.427036855959921
81 3.4021109365441773
82 3.4021109365441773
83 3.4021109365441773
84 3.0111433816927664
85 3.0111433816927664
86 3.0111433816927664
87 2.5016224377229563
88 2.5016224377229563
89 2.5016224377229563
90 2.6246824408333755
91 2.6246824408333755
92 2.6246824408333755
93 2.3560684520238713
94 2.3560684520238713
95 2.3560684520238713
96 2.238582841607477
97 2.238582841607477
98 2.238582841607477
99 3.1082887063059044
100 3.1082887063059044
101 3.1082887063059044
102 3.024182885233135
103 3.024182885233135
104 3.024182885233135
105 2.863116912714199
106 2.863116912714199
107 2.863116912714199
108 2.915288679593326
109 2.915288679593326
110 2.915288679593326
111 3.5635000113317794
112 3.5635000113317794
113 3.5635000113317794
114 1.7776712771193979
115 1.7776712771193979
116 1.7776712771193979
117 2.942543401708053
118 2.942543401708053
119 2.942543401708053
120 3.161061112865246
121 3.161061112865246
122 3.161061112865246
123 5.295259695806508
124 5.295259695806508
125 5.295259695806508
126 2.3056653853410873
127 2.3056653853410873
128 2.3056653853410873
129 4.610480837336604
130 4.610480837336604
131 4.610480837336604
132 4.148742835903379
133 4.148742835903379
134 4.148742835903379
135 2.6657711334017478
136 2.6657711334017478
137 2.6657711334017478
138 3.3281183873256968
139 3.3281183873256968
140 3.3281183873256968
141 3.6247117329744225
142 3.6247117329744225
143 3.6247117329744225
144 2.550359854315837
145 2.550359854315837
146 2.550359854315837
147 4.392076808964213
148 4.392076808964213
149 4.392076808964213
150 4.098001334806123
151 4.098001334806123
152 4.098001334806123
153 2.8094900861814143
154 2.8094900861814143
155 2.8094900861814143
156 4.421451675549725
157 4.421451675549725
158 4.421451675549725
159 4.240111941371456
160 4.240111941371456
161 4.240111941371456
162 3.6061221917695874
163 3.6061221917695874
164 3.6061221917695874
165 2.979243203644404
166 2.979243203644404
167 2.979243203644404
168 2.8692281298914506
169 2.8692281298914506
170 2.8692281298914506
171 4.386877564003674
172 4.386877564003674
173 4.386877564003674
174 3.78066322926676
175 3.78066322926676
176 3.78066322926676
177 2.8064203467338036
178 0.6052781866207398
179 0.6052781866207398
180 0.6052781866207398
181 0.6925450667906692
182 0.6925450667906692
183 0.6925450667906692
184 0.32408141012077063
185 0.32408141012077063
186 0.32408141012077063
187 0.6652592417411843
188 0.6652592417411843
189 0.6652592417411843
190 0.3184318770294981
191 0.3184318770294981
192 0.3184318770294981
193 0.8495203221215422
194 0.8495203221215422
195 0.8495203221215422
196 0.7781819697598015
197 0.7781819697598015
198 0.7781819697598015
199 0.6568961345313102
200 0.6568961345313102
201 0.6568961345313102
202 0.1
203 0.1
204 0.1
205 0.689972403170325
206 0.689972403170325
207 0.689972403170325
208 0.8809381424233
209 0.8809381424233
210 0.8809381424233
211 0.5269153513346345
212 0.5269153513346345
213 0.5269153513346345
214 0.37846038795786924
215 0.37846038795786924
216 0.37846038795786924
217 0.7518744010572108
218 0.7518744010572108
219 0.7518744010572108
220 0.4943232905413234
221 0.4943232905413234
222 0.4943232905413234
223 0.679893955231198
224 0.679893955231198
225 0.679893955231198
226 0.48268549890138845
227 0.48268549890138845
228 0.48268549890138845
229 0.4291471941957108
230 0.4291471941957108
231 0.4291471941957108
232 0.44443867948713445
233 0.44443867948713445
234 0.44443867948713445
235 0.7188422742422931
236 0.7188422742422931
237 0.7188422742422931
238 0.6503543954537971
239 0.6503543954537971
240 0.6503543954537971
241 0.9925026083464377
242 0.9925026083464377
243 0.9925026083464377
244 0.9539530875902342
245 0.9539530875902342
246 0.9539530875902342
247 0.5041505374427775
248 0.5041505374427775
249 0.5041505374427775
250 0.1
251 0.1
252 0.1
253 0.6026800846457293
254 0.6026800846457293
255 0.6026800846457293
256 0.9082173031154803
257 0.9082173031154803
258 0.9082173031154803
259 0.702309021865728
260 0.702309021865728
261 0.702309021865728
262 0.4393799373780377
263 0.4393799373780377
264 0.4393799373780377
265 0.6327106938864032
266 0.6327106938864032
267 0.6327106938864032
268 0.6874563593733274
269 0.6874563593733274
270 0.6874563593733274
271 0.6391699077062354
272 0.6391699077062354
273 0.6391699077062354
274 0.5522206411527568
275 0.5522206411527568
276 0.5522206411527568
277 0.9076694435099368
278 0.9076694435099368
279 0.9076694435099368
280 1.8522756281201815
281 1.8522756281201815
282 1.8522756281201815
283 2.1400610316855473
284 0.6372499450386944
285 0.6372499450386944
286 0.6372499450386944
287 0.6184367503646786
288 0.6184367503646786
289 0.6184367503646786
290 0.4331192000533588
291 0.4331192000533588
292 0.4331192000533588
293 0.7725592240312579
294 0.7725592240312579
295 0.7725592240312579
296 0.36348844465538555
297 0.36348844465538555
298 0.36348844465538555
299 0.38236001910359274
300 0.38236001910359274
301 0.38236001910359274
302 0.9630791142354
303 0.9630791142354
304 0.9630791142354
305 0.331232903507397
306 0.331232903507397
307 0.331232903507397
308 0.6626387372613145
309 0.6626387372613145
310 0.6626387372613145
311 0.7479584488513773
312 0.7479584488513773
313 0.7479584488513773
314 0.6491466555662975
315 0.6491466555662975
316 0.6491466555662975
317 0.6545663442323101
318 0.6545663442323101
319 0.6545663442323101
320 1.0580416171738052
321 1.0580416171738052
322 1.0580416171738052
323 0.31533200902860153
324 0.31533200902860153
325 0.31533200902860153
326 1.119359518094833
327 1.119359518094833
328 1.119359518094833
329 0.7798451907145721
330 0.7798451907145721
331 0.7798451907145721
332 0.27310820042185796
333 0.27310820042185796
334 0.27310820042185796
335 0.8406051113522819
336 0.8406051113522819
337 0.8406051113522819
338 0.5859246441496416
339 0.5859246441496416
340 0.5859246441496416
341 0.944914039003721
342 0.944914039003721
343 0.944914039003721
344 0.7643581835316918
345 0.7643581835316918
346 0.7643581835316918
347 0.915457026359461
348 0.915457026359461
349 0.915457026359461
350 0.9725505482121639
351 0.9725505482121639
352 0.9725505482121639
353 0.7814724658241426
354 0.7814724658241426
355 0.7814724658241426
356 0.9100836632171929
357 0.9100836632171929
358 0.9100836632171929
359 0.5049136899495636
360 0.5049136899495636
361 0.5049136899495636
362 0.3044858525480404
363 0.3044858525480404
364 0.3044858525480404
365 0.4976502201972396
366 0.4976502201972396
367 0.4976502201972396
368 0.7452006944560932
369 0.7452006944560932
370 0.7452006944560932
371 0.32148083848333203
372 0.32148083848333203
373 0.32148083848333203
374 0.23432898852021616
375 0.23432898852021616
376 0.23432898852021616
377 0.6748285527577398
378 0.6748285527577398
379 0.6748285527577398
380 0.643194780055162
381 0.643194780055162
382 0.643194780055162
383 0.3955543471033437
384 0.3955543471033437
385 0.3955543471033437
386 0.4288413212761256
387 0.4288413212761256
388 0.4288413212761256
389 0.9074022316778226
390 0.9074022316778226
391 0.9074022316778226
392 0.6671738507187895
393 0.6671738507187895
394 0.6671738507187895
395 3.0255445805046324
396 3.0255445805046324
397 3.0255445805046324
398 4.746696544912087
399 4.746696544912087
400 4.746696544912087
401 2.6289218001198096
402 2.6289218001198096
403 2.6289218001198096
404 5.457109102637953
405 5.457109102637953
406 5.457109102637953
407 3.9412696303642414
408 3.9412696303642414
409 3.9412696303642414
410 4.474335901049748
411 4.474335901049748
412 4.474335901049748
413 3.944098576643793
414 3.944098576643793
415 3.944098576643793
416 3.8533462259584375
417 3.8533462259584375
418 3.8533462259584375
419 5.964360151827982
420 5.964360151827982
421 5.964360151827982
422 5.197899470172494
423 5.197899470172494
424 5.197899470172494
425 4.14331165974419
426 4.14331165974419
427 4.14331165974419
428 3.1989828643760703
429 3.1989828643760703
430 3.1989828643760703
431 5.35595147344288
432 5.35595147344288
433 5.35595147344288
434 2.3070782395612377
435 2.3070782395612377
436 2.3070782395612377
437 5.140880686130811
438 5.140880686130811
439 5.140880686130811
440 3.551813322817461
441 3.551813322817461
442 3.551813322817461
443 4.274190798459845
444 4.274190798459845
445 4.274190798459845
446 2.9462147707107875
447 2.9462147707107875
448 2.9462147707107875
449 3.3906695995856344
450 3.3906695995856344
451 3.3906695995856344
452 3.242607182568313
453 3.242607182568313
454 3.242607182568313
455 3.0725277903066006
456 3.0725277903066006
457 3.0725277903066006
458 4.287461589580372
459 4.287461589580372
460 4.287461589580372
461 3.3752945700179025
462 3.3752945700179025
463 3.3752945700179025
464 2.692750164969415
465 2.692750164969415
466 2.692750164969415
467 0.1
468 0.1
469 0.1
470 4.033846820165678
471 4.033846820165678
472 4.033846820165678
473 6.004277622384587
474 6.004277622384587
475 6.004277622384587
476 3.5440546745826316
477 3.5440546745826316
478 3.5440546745826316
479 4.510981179047606
480 4.510981179047606
481 4.510981179047606
482 4.922018027923969
483 4.922018027923969
484 4.922018027923969
485 5.2557288862894715
486 5.2557288862894715
487 5.2557288862894715
488 3.5563161922410482
489 3.5563161922410482
490 3.5563161922410482
491 4.727283578399392
492 4.727283578399392
493 4.727283578399392
494 2.503987465865327
495 2.503987465865327
496 2.503987465865327
497 4.63528981275506
498 4.63528981275506
499 4.63528981275506
500 4.740050057509412
501 4.740050057509412
502 4.740050057509412
503 3.7194238239359256
504 3.7194238239359256
505 3.7194238239359256
506 3.4295042418135653
507 3.4295042418135653
508 3.4295042418135653
509 3.1908953019589315
510 3.1908953019589315
511 3.1908953019589315
512 4.11386789596853
513 4.11386789596853
514 4.11386789596853
515 4.039375653477956
516 4.039375653477956
517 4.039375653477956
518 3.31346317539417
519 3.31346317539417
520 3.31346317539417
521 5.95167105049503
522 5.95167105049503
523 5.95167105049503
524 2.9283869188112495
525 2.9283869188112495
526 2.9283869188112495
527 3.6491217696299687
528 3.6491217696299687
529 3.6491217696299687
530 4.620033233399528
531 4.620033233399528
532 4.620033233399528
533 2.5108264426964517
534 2.5108264426964517
535 2.5108264426964517
536 3.2264972802585756
537 3.2264972802585756
538 3.2264972802585756
539 2.3322636176660296
540 2.3322636176660296
541 2.3322636176660296
542 2.169818781848054
543 2.169818781848054
544 2.169818781848054
545 4.35074967839387
546 4.35074967839387
547 4.35074967839387
548 3.296344512493248
549 3.296344512493248
550 3.296344512493248
551 3.6122831153722457
552 3.6122831153722457
553 3.6122831153722457
554 4.288824622240128
555 4.288824622240128
556 4.288824622240128
557 2.399394027664628
558 2.399394027664628
559 2.399394027664628
560 4.313352515214496
561 4.313352515214496
562 4.313352515214496
563 2.9247234110912403
564 2.9247234110912403
565 2.9247234110912403
566 7.029795959709295
567 7.029795959709295
568 7.029795959709295
569 3.5063062920022947
570 3.5063062920022947
571 3.5063062920022947
572 5.123536397288781
573 5.123536397288781
574 5.123536397288781
575 1.6495705039935067
576 1.6495705039935067
577 1.6495705039935067
578 4.415105750945114
579 4.415105750945114
580 4.415105750945114
581 5.1377226458711425
582 5.1377226458711425
583 5.1377226458711425
584 6.269273120976811
585 6.269273120976811
586 6.269273120976811
587 3.389977431356319
588 3.389977431356319
589 3.389977431356319
590 5.6084430686559115
591 5.6084430686559115
592 5.6084430686559115
593 6.762515001093947
594 6.762515001093947
595 6.762515001093947
596 3.266520505224814
597 3.266520505224814
598 3.266520505224814
599 3.610299944485085
600 3.610299944485085
601 3.610299944485085
602 5.495781847489885
603 5.495781847489885
604 5.495781847489885
605 6.1740302931583475
606 6.1740302931583475
607 6.1740302931583475
608 3.8931850265690526
609 3.8931850265690526
610 3.8931850265690526
611 5.731626694378575
612 5.731626694378575
613 5.731626694378575
614 3.1013768737819687
615 3.1013768737819687
616 3.1013768737819687
617 4.492877399051699
618 4.492877399051699
619 4.492877399051699
620 6.574929767497317
621 6.574929767497317
622 6.574929767497317
623 4.499509316423865
624 4.499509316423865
625 4.499509316423865
626 2.207576356986498
627 2.207576356986498
628 2.207576356986498
629 4.966848487470532
630 4.966848487470532
631 4.966848487470532
632 4.888336604119907
633 4.888336604119907
634 4.888336604119907
635 3.5184427198361132
636 3.5184427198361132
637 3.5184427198361132
638 4.529580327118227
639 4.529580327118227
640 4.529580327118227
641 5.212933095147685
642 5.212933095147685
643 5.212933095147685
644 7.506755726259355
645 7.506755726259355
646 7.506755726259355
647 4.403114914238016
648 4.403114914238016
649 4.403114914238016
650 2.657870612839962
651 2.657870612839962
652 2.657870612839962
653 2.371940792314286
654 2.371940792314286
655 2.371940792314286
656 3.1431019139720386
657 3.1431019139720386
658 3.1431019139720386
659 6.041492797822111
660 6.041492797822111
661 6.041492797822111
662 4.557309053867706
663 4.557309053867706
664 4.557309053867706
665 2.300278313416139
666 2.300278313416139
667 2.300278313416139
668 6.887283665005455
669 6.887283665005455
670 6.887283665005455
671 3.4122266831282015
672 3.4122266831282015
673 3.4122266831282015
674 2.9534078622004882
675 2.9534078622004882
676 2.9534078622004882
677 1.8279111387357754
678 1.8279111387357754
679 1.8279111387357754
680 1.6433967929031252
681 1.6433967929031252
682 1.6433967929031252
683 1.7378446313693456
684 1.7378446313693456
685 1.7378446313693456
686 1.5131924576217255
687 1.5131924576217255
688 1.5131924576217255
689 0.45605992875132273
690 0.45605992875132273
691 0.45605992875132273
692 1.5014307173229546
693 1.5014307173229546
694 1.5014307173229546
695 1.7739167459752128
696 1.7739167459752128
697 1.7739167459752128
698 2.756946965690778
699 2.756946965690778
700 2.756946965690778
701 1.3700285307678803
702 1.3700285307678803
703 1.3700285307678803
704 0.898544144737005
705 0.898544144737005
706 0.898544144737005
707 2.4175502561662334
708 2.4175502561662334
709 2.4175502561662334
710 1.4754473381245798
711 1.4754473381245798
712 1.4754473381245798
713 1.4008385570233226
714 1.4008385570233226
715 1.4008385570233226
716 1.9880535087878153
717 1.9880535087878153
718 1.9880535087878153
719 2.902081813280664
720 2.902081813280664
721 0.1760328772994044
722 0.1760328772994044
723 0.1760328772994044
724 0.25667865501066367
725 0.25667865501066367
726 0.25667865501066367
727 0.1875058179588962
728 0.1875058179588962
729 0.1875058179588962
730 0.1252402202649942
731 0.1252402202649942
732 0.1252402202649942
733 0.20060408407789732
734 0.20060408407789732
735 0.20060408407789732
736 0.2970856821323852
737 0.2970856821323852
738 0.2970856821323852
739 0.266436386576668
740 0.266436386576668
741 0.266436386576668
742 0.18883856742498273
743 0.18883856742498273
744 0.18883856742498273
745 0.1299324278051862
746 0.1299324278051862
747 0.1299324278051862
748 0.19145870796761535
749 1.3778177674890881
750 1.3778177674890881
751 1.3778177674890881
752 1.0534586500662604
753 1.0534586500662604
754 1.0534586500662604
755 1.0596461688667422
756 1.0596461688667422
757 1.0596461688667422
758 2.113939221255329
759 2.113939221255329
760 2.113939221255329
761 1.326561293109196
762 1.326561293109196
763 1.326561293109196
764 1.1597356781765251
765 1.1597356781765251
766 1.1597356781765251
767 1.26338305834817
768 1.26338305834817
769 1.26338305834817
770 1.4201151057393133
771 1.4201151057393133
772 1.4201151057393133
773 1.4795330992167242
774 1.4795330992167242
775 1.4795330992167242
776 1.801709492502589
777 1.801709492502589
778 1.801709492502589
779 1.7780143600118636
780 1.7780143600118636
781 1.7780143600118636
782 1.1738621832181078
783 1.1738621832181078
784 1.1738621832181078
785 2.1184144682569186
786 2.1184144682569186
787 2.1184144682569186
788 1.1114829822750356
789 1.1114829822750356
790 1.1114829822750356
791 0.6480863630074202
792 0.6480863630074202
793 0.6480863630074202
794 1.1062344466750915
795 1.1062344466750915
796 1.1062344466750915
797 1.0943060824970048
798 1.0943060824970048
799 1.0943060824970048
800 1.8452668585034675
801 1.8452668585034675
802 1.8452668585034675
803 1.6199697897008942
804 1.6199697897008942
805 1.6199697897008942
806 0.7229537797439644
807 0.7229537797439644
808 0.7229537797439644
809 2.0949653744628103
810 2.0949653744628103
811 2.0949653744628103
812 1.6671344497127005
813 1.6671344497127005
814 1.6671344497127005
815 1.3898758889998166
816 1.3898758889998166
817 1.3898758889998166
818 1.0752959598055556
819 1.0752959598055556
820 1.0752959598055556
821 1.9593867169163135
822 1.9593867169163135
823 1.9593867169163135
824 1.6323500538214601
825 1.6323500538214601
826 1.6323500538214601
827 0.9042925685091648
828 0.9042925685091648
829 0.9042925685091648
830 2.523939775707658
831 2.523939775707658
832 2.523939775707658
833 2.019500815023306
834 2.019500815023306
835 2.019500815023306
836 1.558409266320946
837 1.558409266320946
838 1.558409266320946
839 0.9920832685946602
840 0.9920832685946602
841 0.9920832685946602
842 1.5377977547380088
843 1.5377977547380088
844 1.5377977547380088
845 1.9719094192331923
846 1.9719094192331923
847 1.9719094192331923
848 1.8214856317329158
849 1.8214856317329158
850 1.8214856317329158
851 2.400086733701835
852 2.400086733701835
853 2.400086733701835
854 2.4414806040118333
855 2.4414806040118333
856 2.4414806040118333
857 2.201752403902804
858 2.201752403902804
859 2.201752403902804
860 1.3654676830405446
861 1.3654676830405446
862 1.3654676830405446
863 1.320236910406777
864 1.320236910406777
865 1.320236910406777
866 1.1574188309457198
867 1.1574188309457198
868 1.1574188309457198
869 1.136950769486498
870 1.136950769486498
871 1.136950769486498
872 1.282860565283437
873 1.282860565283437
874 1.282860565283437
875 1.6247063354827307
876 1.6247063354827307
877 1.6247063354827307
878 1.4596981533262767
879 1.4596981533262767
880 1.4596981533262767
881 1.4107321082856321
882 1.4107321082856321
883 1.4107321082856321
884 1.4539969102151635
885 1.4539969102151635
886 1.4539969102151635
887 2.8490693610849043
888 2.8490693610849043
889 2.8490693610849043
890 2.428828432714415
891 3.998289937227251
892 3.998289937227251
893 3.998289937227251
894 2.292690738270279
895 2.292690738270279
896 2.292690738270279
897 4.514242753567846
898 4.514242753567846
899 4.514242753567846
900 2.902121028412418
901 2.902121028412418
902 2.902121028412418
903 3.6032689242310187
904 3.6032689242310187
905 3.6032689242310187
906 3.8319170035134267
907 3.8319170035134267
908 3.8319170035134267
909 3.058222091743462
910 3.058222091743462
911 3.058222091743462
912 3.300528271565982
913 3.300528271565982
914 3.300528271565982
915 2.6596308499749357
916 2.6596308499749357
917 2.6596308499749357
918 3.7175260887970114
919 3.7175260887970114
920 3.7175260887970114
921 2.850554698471815
922 2.850554698471815
923 2.850554698471815
924 1.6572395270926794
925 1.6572395270926794
926 1.6572395270926794
927 2.934419432331516
928 2.934419432331516
929 2.934419432331516
930 2.51828555647982
931 2.51828555647982
932 2.51828555647982
933 2.3531831871617763
934 2.3531831871617763
935 2.3531831871617763
936 2.5827568459581483
937 2.5827568459581483
938 2.5827568459581483
939 3.355366684616021
940 3.355366684616021
941 3.355366684616021
942 3.5858096149673235
943 3.5858096149673235
944 3.5858096149673235
945 3.614410540431276
946 3.614410540431276
947 3.614410540431276
948 2.1798320131520272
949 2.1798320131520272
950 2.1798320131520272
951 3.391880029720624
952 3.391880029720624
953 3.391880029720624
954 4.8277790450907805
955 4.8277790450907805
956 4.8277790450907805
957 2.4276160759724816
958 2.4276160759724816
959 2.4276160759724816
960 4.221592047972704
961 4.221592047972704
962 4.221592047972704
963 0.8938936962061764
964 0.8938936962061764
965 0.8938936962061764
966 1.0865704068716355
967 1.0865704068716355
968 1.0865704068716355
969 0.8811007309106923
970 0.8811007309106923
971 0.8811007309106923
972 1.04685356487246
973 1.04685356487246
974 1.04685356487246
975 0.6699093599256825
976 0.6699093599256825
977 0.6699093599256825
978 1.0431074327358716
979 1.0431074327358716
980 1.0431074327358716
981 0.9193766824049769
982 0.9193766824049769
983 0.9193766824049769
984 0.9053206697919605
985 0.9053206697919605
986 0.9053206697919605
987 0.975916701930906
988 0.975916701930906
989 0.975916701930906
990 1.156374829546694
991 1.156374829546694
992 1.156374829546694
993 1.3151453821505448
994 1.3151453821505448
995 1.3151453821505448
996 1.2653101987896167
997 1.2653101987896167
998 1.2653101987896167
999 1.5119273297872058
1000 1.5119273297872058
1001 1.5119273297872058
1002 0.6317005846194763
1003 0.6317005846194763
1004 0.6317005846194763
1005 0.3002651252734513
1006 0.3002651252734513
1007 0.3002651252734513
1008 1.5560233220666615
1009 1.5560233220666615
1010 1.5560233220666615
1011 1.3077680260219648
1012 1.2776062209745302
1013 1.2776062209745302
1014 1.2776062209745302
1015 1.944550650403976
1016 1.944550650403976
1017 1.944550650403976
1018 0.8778418792420749
1019 0.8778418792420749
1020 0.8778418792420749
1021 1.4489383014787782
1022 1.4489383014787782
1023 1.4489383014787782
1024 1.7996573547972745
1025 1.7996573547972745
1026 1.7996573547972745
1027 1.4281744880265932
1028 1.4281744880265932
1029 1.4281744880265932
1030 0.8035121683137243
1031 0.8035121683137243
1032 0.8035121683137243
1033 1.296262274168046
1034 1.296262274168046
1035 1.296262274168046
1036 1.4759229152179345
1037 1.4759229152179345
1038 1.4759229152179345
1039 1.1010142770412288
1040 1.1010142770412288
1041 1.1010142770412288
1042 1.5501242251325456
1043 1.5501242251325456
1044 1.5501242251325456
1045 0.9975348250531297
1046 0.9975348250531297
1047 0.9975348250531297
1048 2.5018780687802
1049 2.5018780687802
1050 2.5018780687802
1051 2.0148726167805666
1052 2.0148726167805666
1053 2.0148726167805666
1054 1.812502130619707
1055 1.812502130619707
1056 1.812502130619707
1057 2.060874251383238
1058 2.060874251383238
1059 2.060874251383238
1060 0.9747498512369434
1061 0.9747498512369434
1062 0.9747498512369434
1063 1.4545304564888701
1064 1.4545304564888701
1065 1.4545304564888701
1066 1.3741276735027232
1067 1.3741276735027232
1068 1.3741276735027232
1069 0.472839142241013
1070 0.472839142241013
1071 0.472839142241013
1072 1.2731120057666314
1073 1.2731120057666314
1074 1.2731120057666314
1075 1.2044498825862022
1076 1.2044498825862022
1077 1.2044498825862022
1078 1.8664229908926173
1079 1.8664229908926173
1080 1.8664229908926173
1081 1.4047461580751046
1082 1.4047461580751046
1083 1.4047461580751046
1084 0.9849446054599923
1085 0.9849446054599923
1086 0.9849446054599923
1087 1.2812873762903192
1088 1.2812873762903192
1089 1.2812873762903192
1090 1.5529916270349795
1091 1.5529916270349795
1092 1.5529916270349795
1093 1.8873077206453064
1094 1.8873077206453064
1095 1.8873077206453064
1096 1.6459585515677455
1097 1.6459585515677455
1098 1.6459585515677455
1099 1.275114304381593
1100 1.275114304381593
1101 1.275114304381593
1102 1.408358148316355
1103 1.408358148316355
1104 1.408358148316355
1105 1.541368895876183
1106 1.541368895876183
1107 1.541368895876183
1108 1.0449023695794355
1109 1.0449023695794355
1110 1.0449023695794355
1111 2.666578041961651
1112 2.666578041961651
1113 2.666578041961651
1114 1.9616874381827287
1115 1.9616874381827287
1116 1.9616874381827287
1117 1.5803662689409927
1118 1.5803662689409927
1119 1.5803662689409927
1120 1.80828105731157
1121 1.80828105731157
1122 1.80828105731157
1123 1.5038174586229607
1124 1.5038174586229607
1125 1.5038174586229607
1126 1.0773377302007061
1127 1.0773377302007061
1128 1.0773377302007061
1129 2.319583490828504
1130 2.319583490828504
1131 2.319583490828504
1132 0.9923457881424493
1133 0.9923457881424493
1134 0.9923457881424493
1135 1.2425089428670064
1136 1.2425089428670064
1137 1.2425089428670064
1138 2.4576639610044193
1139 2.4576639610044193
1140 2.4576639610044193
1141 1.8815599711684237
1142 1.8815599711684237
1143 1.8815599711684237
1144 2.4102479302341946
1145 2.4102479302341946
1146 2.4102479302341946
1147 1.851062319952557
1148 1.851062319952557
1149 1.851062319952557
1150 0.22037264029903647
1151 0.22037264029903647
1152 0.22037264029903647
1153 2.0284142552074815
1154 2.0284142552074815
1155 2.0284142552074815
1156 1.3891550534804489
1157 1.3891550534804489
1158 1.3891550534804489
1159 1.0558790779313425
1160 1.0558790779313425
1161 1.0558790779313425
1162 0.49873673583127553
1163 0.49873673583127553
1164 0.49873673583127553
1165 2.2842413506628083
1166 2.2842413506628083
1167 2.2842413506628083
1168 2.164601533517083
1169 2.164601533517083
1170 2.164601533517083
1171 1.168263787919197
1172 1.168263787919197
1173 1.168263787919197
1174 1.9360849255832178
1175 1.9360849255832178
1176 1.9360849255832178
1177 1.536598826572651
1178 1.536598826572651
1179 1.536598826572651
1180 1.5242830875487332
1181 1.5242830875487332
1182 1.5242830875487332
1183 1.082935243468436
1184 1.082935243468436
1185 1.082935243468436
1186 1.560647925519334
1187 1.560647925519334
1188 1.560647925519334
1189 1.4980288578634908
1190 1.4980288578634908
1191 1.4980288578634908
1192 1.1260298728134959
1193 1.1260298728134959
1194 1.1260298728134959
1195 1.1727427639424264
1196 1.1727427639424264
1197 1.1727427639424264
1198 2.1158815014208794
1199 2.1158815014208794
1200 2.1158815014208794
1201 1.6967259103322005
1202 1.6967259103322005
1203 1.6967259103322005
1204 1.7781929434793358
1205 1.7781929434793358
1206 1.7781929434793358
1207 1.6234507079403442
1208 1.6234507079403442
1209 1.6234507079403442
1210 1.0413029452895508
1211 1.0413029452895508
1212 1.0413029452895508
1213 1.7913664203386337
1214 1.7913664203386337
1215 1.7913664203386337
1216 1.803042416949601
1217 1.803042416949601
1218 1.803042416949601
1219 1.2131679664581068
1220 1.2131679664581068
1221 1.2131679664581068
1222 1.8448202202358495
1223 1.8448202202358495
1224 1.8448202202358495
1225 1.9796991250323333
1226 1.9796991250323333
1227 1.9796991250323333
1228 1.439468728541001
1229 1.439468728541001
1230 1.439468728541001
1231 1.4143054605995884
1232 1.4143054605995884
1233 1.4143054605995884
1234 0.6329723605596755
1235 0.6329723605596755
1236 0.6329723605596755
1237 2.6583803002640547
1238 2.6583803002640547
1239 2.6583803002640547
1240 2.133227826276621
1241 2.133227826276621
1242 4.139716236226223
1243 4.139716236226223
1244 4.139716236226223
1245 3.3624224602646358
1246 3.3624224602646358
1247 3.3624224602646358
1248 4.932259385229885
1249 4.932259385229885
1250 4.932259385229885
1251 4.604327076207396
1252 4.604327076207396
1253 4.604327076207396
1254 3.98756753910239
1255 3.98756753910239
1256 3.98756753910239
1257 4.1705022777162535
1258 4.1705022777162535
1259 4.1705022777162535
1260 2.04225269661591
1261 2.04225269661591
1262 2.04225269661591
1263 3.649133196034648
1264 3.649133196034648
1265 3.649133196034648
1266 5.430296724669024
1267 5.430296724669024
1268 5.430296724669024
1269 3.1950995939834708
1270 3.1950995939834708
1271 3.1950995939834708
1272 3.623322235492048
1273 3.623322235492048
1274 3.623322235492048
1275 2.194289930461418
1276 2.194289930461418
1277 2.194289930461418
1278 2.601914236426144
1279 2.601914236426144
1280 2.601914236426144
1281 4.879484715113157
1282 4.879484715113157
1283 4.879484715113157
1284 3.8797653058645865
1285 3.8797653058645865
1286 3.8797653058645865
1287 2.9851883721735004
1288 2.9851883721735004
1289 2.9851883721735004
1290 5.6116449403658955
1291 5.6116449403658955
1292 5.6116449403658955
1293 4.029012880697281
1294 4.029012880697281
1295 4.029012880697281
1296 3.2792416110633615
1297 3.2792416110633615
1298 3.2792416110633615
1299 2.8635162613206733
1300 2.8635162613206733
1301 2.8635162613206733
1302 1.7106583523938896
1303 1.7106583523938896
1304 1.7106583523938896
1305 4.5148968370086004
1306 4.5148968370086004
1307 4.5148968370086004
1308 3.519491367522574
1309 3.519491367522574
1310 3.519491367522574
1311 3.5863575843326947
1312 3.5863575843326947
1313 3.5863575843326947
1314 3.3592712610792446
1315 3.3592712610792446
1316 3.3592712610792446
1317 4.205605959140751
1318 4.205605959140751
1319 4.205605959140751
1320 3.970721077844324
1321 3.970721077844324
1322 3.970721077844324
1323 2.7546533172675707
1324 2.7546533172675707
1325 2.712454945721303
1326 2.712454945721303
1327 2.712454945721303
1328 1.2806399992989566
1329 1.2806399992989566
1330 1.2806399992989566
1331 2.4614178319788698
1332 2.4614178319788698
1333 2.4614178319788698
1334 2.1659346352564506
1335 2.1659346352564506
1336 2.1659346352564506
1337 2.337962293636628
1338 2.337962293636628
1339 2.337962293636628
1340 3.16609173437864
1341 3.16609173437864
1342 3.16609173437864
1343 1.591951346367034
1344 1.591951346367034
1345 1.591951346367034
1346 2.628703499547517
1347 2.628703499547517
1348 2.628703499547517
1349 3.557465664260564
1350 3.557465664260564
1351 3.557465664260564
1352 2.12643249737914
1353 2.12643249737914
1354 2.12643249737914
1355 2.8332999826861984
1356 2.8332999826861984
1357 2.8332999826861984
1358 1.6733361358935293
1359 1.6733361358935293
1360 1.6733361358935293
1361 2.6291325833995365
1362 2.6291325833995365
1363 2.6291325833995365
1364 2.807169697762063
1365 2.807169697762063
1366 2.807169697762063
1367 2.309375065156432
1368 2.309375065156432
1369 2.309375065156432
1370 2.607615770432925
1371 2.607615770432925
1372 2.607615770432925
1373 1.5541430221662709
1374 1.5541430221662709
1375 1.5541430221662709
1376 3.5504228257113875
1377 3.5504228257113875
1378 3.5504228257113875
1379 2.91782120164615
1380 2.91782120164615
1381 2.91782120164615
1382 4.510633757137933
1383 4.510633757137933
1384 4.510633757137933
1385 2.955865481335564
1386 2.955865481335564
1387 2.955865481335564
1388 3.1538113505251264
1389 3.1538113505251264
1390 3.1538113505251264
1391 1.7292263850690182
1392 1.7292263850690182
1393 1.7292263850690182
1394 3.81113374976829
1395 3.81113374976829
1396 3.81113374976829
1397 2.2730725385649784
1398 2.2730725385649784
1399 2.2730725385649784
1400 3.094758129178645
1401 3.094758129178645
1402 3.094758129178645
1403 1.719246213019154
1404 1.719246213019154
1405 1.719246213019154
1406 3.032989277137621
1407 3.032989277137621
1408 3.032989277137621
1409 1.6979907799253944
1410 1.6979907799253944
1411 1.6979907799253944
1412 4.3564708287538005
1413 4.3564708287538005
1414 4.3564708287538005
1415 3.6665654213995644
1416 3.6665654213995644
1417 3.6665654213995644
1418 1.976725849928477
1419 1.976725849928477
1420 1.976725849928477
1421 1.3814743474290392
1422 1.3814743474290392
1423 1.3814743474290392
1424 1.477113865866294
1425 1.477113865866294
1426 1.477113865866294
1427 2.449509764940377
1428 2.449509764940377
1429 2.449509764940377
1430 2.832743290611696
1431 2.832743290611696
1432 2.832743290611696
1433 2.05524990665694
1434 2.05524990665694
1435 2.05524990665694
1436 0.7411877663469866
1437 0.7411877663469866
1438 0.7411877663469866
1439 2.1081908168148042
1440 2.1081908168148042
1441 2.1081908168148042
1442 1.3277549903528976
1443 1.3277549903528976
1444 1.3277549903528976
1445 1.5467807908537021
1446 1.5467807908537021
1447 1.5467807908537021
1448 1.9301765827463935
1449 1.9301765827463935
1450 1.9301765827463935
1451 1.8515996732434559
1452 1.8515996732434559
1453 1.8515996732434559
1454 1.973115739862593
1455 1.973115739862593
1456 1.973115739862593
1457 2.1597440695946517
1458 2.1597440695946517
1459 2.1597440695946517
1460 3.9244934010941313
1461 3.9244934010941313
1462 3.9244934010941313
1463 2.727352476627451
1464 2.727352476627451
1465 2.727352476627451
1466 3.651991866303498
1467 3.651991866303498
1468 3.651991866303498
1469 3.1054074629390453
1470 3.1054074629390453
1471 3.1054074629390453
1472 2.0084117379692854
1473 2.0084117379692854
1474 2.0084117379692854
1475 3.1409765304773236
1476 3.1409765304773236
1477 3.1409765304773236
1478 1.9919617349741507
1479 1.9919617349741507
1480 1.9919617349741507
1481 2.3196909274681476
1482 2.3196909274681476
1483 2.3196909274681476
1484 3.4673635989326197
1485 3.4673635989326197
1486 3.4673635989326197
1487 1.4427880994869067
1488 1.4427880994869067
1489 1.4427880994869067
1490 2.41967503492446
1491 2.41967503492446
1492 2.41967503492446
1493 0.9016544632090178
1494 0.9016544632090178
1495 0.9016544632090178
1496 1.9247216659133333
1497 1.9247216659133333
1498 1.9247216659133333
1499 3.0452115484695503
1500 3.0452115484695503
1501 3.0452115484695503
1502 2.505767672015006
1503 2.505767672015006
1504 2.505767672015006
1505 2.2345536938639867
1506 2.2345536938639867
1507 2.2345536938639867
1508 3.794417905814695
1509 3.794417905814695
1510 3.794417905814695
1511 2.9755367973079916
1512 2.9755367973079916
1513 2.9755367973079916
1514 1.6543928645411476
1515 1.6543928645411476
1516 1.6543928645411476
1517 2.3249543113601727
1518 2.3249543113601727
1519 2.3249543113601727
1520 3.1174349432786967
1521 3.1174349432786967
1522 3.1174349432786967
1523 2.936919031827099
1524 2.936919031827099
1525 2.936919031827099
1526 3.3330966283330685
1527 3.3330966283330685
1528 3.3330966283330685
1529 0.5669666702741973
1530 0.5669666702741973
1531 0.5669666702741973
1532 2.247341180126141
1533 2.247341180126141
1534 2.247341180126141
1535 1.9909304759217699
1536 1.9909304759217699
1537 1.9909304759217699
1538 3.8676437270438866
1539 3.8676437270438866
1540 3.8676437270438866
1541 3.0240234332934905
1542 3.0240234332934905
1543 3.0240234332934905
1544 1.754845171102366
1545 1.754845171102366
1546 1.754845171102366
1547 3.194826998105144
1548 3.194826998105144
1549 3.194826998105144
1550 2.68099319935148
1551 2.68099319935148
1552 2.68099319935148
1553 2.4901172875692152
1554 2.4901172875692152
1555 2.4901172875692152
1556 2.8157904180346343
1557 2.8157904180346343
1558 2.8157904180346343
1559 1.6780080793793546
1560 1.6780080793793546
1561 1.6780080793793546
1562 2.273288766085614
1563 2.273288766085614
1564 2.273288766085614
1565 2.641784170508136
1566 2.641784170508136
1567 2.641784170508136
1568 3.1913485230178056
1569 3.1913485230178056
1570 3.1913485230178056
1571 2.3335507799505724
1572 2.3335507799505724
1573 2.3335507799505724
1574 2.3224896001571107
1575 2.3224896001571107
1576 2.3224896001571107
1577 2.655479201350049
1578 2.655479201350049
1579 2.655479201350049
1580 3.481632187170378
1581 3.481632187170378
1582 3.481632187170378
1583 2.3769886355836123
1584 2.3769886355836123
1585 2.3769886355836123
1586 1.5941152809303007
1587 1.5941152809303007
1588 1.5941152809303007
1589 4.246442649648029
1590 4.246442649648029
1591 4.246442649648029
1592 3.0506430460781266
1593 3.0506430460781266
1594 3.0506430460781266
1595 2.864089962651611
1596 2.864089962651611
1597 2.864089962651611
1598 2.052795946654804
1599 2.052795946654804
1600 2.052795946654804
1601 3.068886641059857
1602 3.068886641059857
1603 3.068886641059857
1604 3.926504170570471
1605 3.926504170570471
1606 3.926504170570471
1607 1.0843544561142382
1608 1.0843544561142382
1609 1.0843544561142382
1610 2.829960233105746
1611 2.829960233105746
1612 2.829960233105746
1613 1.3790103693338769
1614 1.3790103693338769
1615 1.3790103693338769
1616 2.5531777469931494
1617 2.5531777469931494
1618 2.5531777469931494
1619 2.1516640071482995
1620 2.1516640071482995
1621 2.1516640071482995
1622 1.7369823066798062
1623 1.7369823066798062
1624 1.7369823066798062
1625 1.157180325933282
1626 1.157180325933282
1627 1.157180325933282
1628 2.448251408928849
1629 2.448251408928849
1630 2.448251408928849
1631 2.9826755089055075
1632 2.9826755089055075
1633 2.9826755089055075
1634 2.034472417718846
1635 2.034472417718846
1636 2.034472417718846
1637 1.610437410052326
1638 1.610437410052326
1639 1.610437410052326
1640 2.55092344588449
1641 2.55092344588449
1642 2.55092344588449
1643 2.7123696003034223
1644 2.7123696003034223
1645 2.7123696003034223
1646 3.0492041302102413
1647 3.0492041302102413
1648 3.0492041302102413
1649 3.2349876473322596
1650 3.2349876473322596
1651 3.2349876473322596
1652 2.3203249508980366
1653 2.3203249508980366
1654 2.3203249508980366
1655 2.807237107871214
1656 2.807237107871214
1657 2.807237107871214
1658 2.810264124292348
1659 2.810264124292348
1660 2.810264124292348
1661 2.36245391762496
1662 2.36245391762496
1663 2.36245391762496
1664 2.2133395518560066
1665 2.2133395518560066
1666 2.2133395518560066
1667 2.4067133836464523
1668 2.4067133836464523
1669 2.4067133836464523
1670 3.4303695928835443
1671 3.4303695928835443
1672 3.4303695928835443
1673 3.6504858824280637
1674 3.6504858824280637
1675 3.6504858824280637
1676 2.341229185995095
1677 2.341229185995095
1678 2.341229185995095
1679 2.1091455764577494
1680 2.1091455764577494
1681 2.1091455764577494
1682 1.623901250228096
1683 1.623901250228096
1684 1.623901250228096
1685 2.765957479634454
1686 2.765957479634454
1687 2.765957479634454
1688 3.166671749229234
1689 3.166671749229234
1690 3.166671749229234
1691 2.1233020857774827
1692 2.1233020857774827
1693 2.1233020857774827
1694 2.3869998936395835
1695 2.3869998936395835
1696 2.3869998936395835
1697 2.541265529460611
1698 2.541265529460611
1699 2.541265529460611
1700 1.5911999663161929
1701 1.5911999663161929
1702 1.5911999663161929
1703 1.5159571169143613
1704 1.5159571169143613
1705 1.5159571169143613
1706 2.037653207505997
1707 2.037653207505997
1708 2.037653207505997
1709 1.3951340556035743
1710 1.3951340556035743
1711 1.3951340556035743
1712 2.3902797115194914
1713 2.3902797115194914
1714 2.3902797115194914
1715 1.8791643110268195
1716 1.8791643110268195
1717 1.8791643110268195
1718 1.1031606335677047
1719 1.1031606335677047
1720 1.1031606335677047
1721 1.4474311877852568
1722 1.4474311877852568
1723 1.4474311877852568
1724 0.5833919837000245
1725 0.5833919837000245
1726 0.5833919837000245
1727 1.8300142681756975
1728 1.8300142681756975
1729 1.8300142681756975
1730 1.5910682226124933
1731 1.5910682226124933
1732 1.5910682226124933
1733 1.184534177792022
1734 1.184534177792022
1735 1.184534177792022
1736 0.14856833575410056
1737 0.14856833575410056
1738 0.14856833575410056
1739 1.872515527534159
1740 1.872515527534159
1741 1.872515527534159
1742 2.367396051841178
1743 2.367396051841178
1744 2.367396051841178
1745 1.0833023788748015
1746 1.0833023788748015
1747 1.0833023788748015
1748 1.9042229124257513
1749 1.9042229124257513
1750 1.9042229124257513
1751 0.7049769699820971
1752 0.7049769699820971
1753 0.7049769699820971
1754 1.6960060043684622
1755 1.6960060043684622
1756 1.6960060043684622
1757 1.7338095342780582
1758 1.7338095342780582
1759 1.7338095342780582
1760 2.1927533381932154
1761 2.1927533381932154
1762 2.1927533381932154
1763 1.035782814328988
1764 1.035782814328988
1765 1.035782814328988
1766 0.7779022412905837
1767 0.7779022412905837
1768 0.7779022412905837
1769 0.8620396646367583
1770 0.8620396646367583
1771 0.8620396646367583
1772 1.944947658208282
1773 1.944947658208282
1774 1.944947658208282
1775 1.2922784752246108
1776 1.2922784752246108
1777 1.2922784752246108
1778 1.6427598318313124
1779 1.6427598318313124
1780 1.6427598318313124
1781 0.8702325115182191
1782 0.8702325115182191
1783 0.8702325115182191
1784 2.3036810887831938
1785 2.3036810887831938
1786 2.3036810887831938
1787 2.9954964229077663
1788 2.9954964229077663
1789 2.9954964229077663
1790 2.725196466522184
1791 2.725196466522184
1792 2.725196466522184
1793 1.9517555542149567
1794 1.9517555542149567
1795 1.9517555542149567
1796 1.6520191000890823
1797 1.6520191000890823
1798 1.6520191000890823
1799 1.4722586850479527
1800 1.4722586850479527
1801 1.4722586850479527
1802 0.7325902848716814
1803 0.7325902848716814
1804 0.7325902848716814
1805 0.9735221079324081
1806 0.9735221079324081
1807 0.9735221079324081
1808 2.623346078016877
1809 2.623346078016877
1810 2.623346078016877
1811 1.0652185672094303
1812 1.0652185672094303
1813 1.0652185672094303
1814 0.5885456683108681
1815 0.5885456683108681
1816 0.5885456683108681
1817 1.4947131871472852
1818 1.4947131871472852
1819 1.4947131871472852
1820 2.248100745058726
1821 2.248100745058726
1822 2.248100745058726
1823 1.8708321230133194
1824 1.8708321230133194
1825 1.8708321230133194
1826 2.1622629544730354
1827 2.1622629544730354
1828 2.1622629544730354
1829 2.4580874049275803
1830 2.4580874049275803
1831 2.4580874049275803
1832 1.4811298831861466
1833 1.4811298831861466
1834 1.4811298831861466
1835 1.7974857225536085
1836 1.7974857225536085
1837 1.7974857225536085
1838 1.4064360115744756
1839 1.4064360115744756
1840 1.4064360115744756
1841 1.8813461459726644
1842 1.8813461459726644
1843 1.8813461459726644
1844 1.3197031189375887
1845 1.3197031189375887
1846 1.3197031189375887
1847 1.971877706665951
1848 1.971877706665951
1849 1.971877706665951
1850 0.9489862073104255
1851 0.9489862073104255
1852 0.9489862073104255
1853 2.1480158001272036
1854 2.1480158001272036
1855 2.1480158001272036
1856 1.6561193282313407
1857 1.6561193282313407
1858 1.6561193282313407
1859 1.1310049249341507
1860 1.1310049249341507
1861 1.1310049249341507
1862 1.2659513601993928
1863 1.2659513601993928
1864 1.2659513601993928
1865 1.0558684932604196
1866 1.0558684932604196
1867 1.0558684932604196
1868 1.4635902938277423
1869 1.4635902938277423
1870 1.4635902938277423
1871 1.5333706663282616
1872 1.5333706663282616
1873 1.5333706663282616
1874 0.5163229711158661
1875 0.5163229711158661
1876 0.5163229711158661
1877 0.9215988187576736
1878 0.9215988187576736
1879 0.9215988187576736
1880 1.6438098623017345
1881 1.6438098623017345
1882 1.6438098623017345
1883 1.6316821540965574
1884 1.6316821540965574
1885 1.6316821540965574
1886 1.3076005608783932
1887 1.3076005608783932
1888 1.3076005608783932
1889 1.835830934595716
1890 1.835830934595716
1891 1.835830934595716
1892 1.5021862714091034
1893 1.5021862714091034
1894 1.5021862714091034
1895 1.1119239044194622
1896 1.1119239044194622
1897 1.1119239044194622
1898 0.856649726606163
1899 0.856649726606163
1900 0.856649726606163
1901 2.4462502004653577
1902 2.4462502004653577
1903 2.4462502004653577
1904 1.3590773613797054
1905 1.3590773613797054
1906 1.3590773613797054
1907 0.6675725386688689
1908 0.14584756204757687
1909 0.14584756204757687
1910 0.14584756204757687
1911 0.13721175752028025
1912 0.13721175752028025
1913 0.13721175752028025
1914 0.25586726652734737
1915 0.25586726652734737
1916 0.25586726652734737
1917 0.19780942095423204
1918 0.19780942095423204
1919 0.19780942095423204
1920 0.13933119274289513
1921 0.13933119274289513
1922 0.13933119274289513
1923 0.23209216377008238
1924 0.23209216377008238
1925 0.23209216377008238
1926 0.15089532934863903
1927 0.15089532934863903
1928 0.15089532934863903
1929 0.18511462056770267
1930 0.18511462056770267
1931 0.18511462056770267
1932 0.17465440513405658
1933 0.17465440513405658
1934 0.17465440513405658
1935 0.18377801119632017
1936 0.18377801119632017
1937 0.18377801119632017
1938 0.22035653075045053
1939 0.22035653075045053
1940 0.22035653075045053
1941 0.14725420843128956
1942 0.14725420843128956
1943 0.14725420843128956
1944 0.3228715684341698
1945 0.3228715684341698
1946 0.3228715684341698
1947 0.14813309348150377
1948 0.14813309348150377
1949 0.14813309348150377
1950 0.13981901102477784
1951 0.13981901102477784
1952 0.13981901102477784
1953 0.20386266761629346
1954 0.20386266761629346
1955 0.20386266761629346
1956 0.19718821409818207
1957 0.19718821409818207
1958 0.19718821409818207
1959 0.21061635445762475
1960 0.21061635445762475
1961 0.21061635445762475
1962 0.2407733392744087
1963 0.2407733392744087
1964 0.2407733392744087
1965 0.19341466808530533
1966 0.19341466808530533
1967 0.19341466808530533
1968 0.27207834928641117
1969 0.27207834928641117
1970 0.27207834928641117
1971 0.21743853539117838
1972 0.21743853539117838
1973 0.21743853539117838
1974 0.26496741351838743
1975 0.26496741351838743
1976 0.26496741351838743
1977 0.1
1978 0.1
1979 0.1
1980 0.27307202278570686
1981 0.27307202278570686
1982 0.27307202278570686
1983 0.18218087777851688
1984 0.18218087777851688
1985 0.18218087777851688
1986 0.21306305544146237
1987 0.21306305544146237
1988 0.21306305544146237
1989 0.23544642837321317
1990 0.23544642837321317
1991 0.23544642837321317
1992 0.315995634230837
1993 0.315995634230837
1994 0.315995634230837
1995 0.22002251113614796
1996 0.22002251113614796
1997 0.22002251113614796
1998 0.21860214206381604
1999 0.21860214206381604
