0 3.4323465221299054
1 3.4323465221299054
2 3.4323465221299054
3 3.6998731246809924
4 3.6998731246809924
5 3.6998731246809924
6 3.7712899418263386
7 3.7712899418263386
8 3.7712899418263386
9 3.4094352587434384
10 3.4094352587434384
11 3.4094352587434384
12 3.264369430832359
13 3.264369430832359
14 3.264369430832359
15 3.05731132776748
16 3.05731132776748
17 3.05731132776748
18 3.7442045828098465
19 3.7442045828098465
20 3.7442045828098465
21 3.4637495024706473
22 3.4637495024706473
23 3.4637495024706473
24 3.4234476742542044
25 3.4234476742542044
26 3.4234476742542044
27 4.108422693527908
28 4.108422693527908
29 4.108422693527908
30 2.977198042968964
31 2.977198042968964
32 2.977198042968964
33 3.761937829661747
34 3.761937829661747
35 3.761937829661747
36 4.021746492588056
37 4.021746492588056
38 4.021746492588056
39 3.4291321761422364
40 3.4291321761422364
41 3.4291321761422364
42 4.157338563928114
43 4.157338563928114
44 4.157338563928114
45 3.250540401148434
46 3.250540401148434
47 3.250540401148434
48 2.242353895311572
49 2.242353895311572
50 2.242353895311572
51 3.123413852432546
52 3.123413852432546
53 3.123413852432546
54 3.3978188653256844
55 3.3978188653256844
56 3.3978188653256844
57 2.9252353434427913
58 2.9252353434427913
59 2.9252353434427913
60 3.3035265860667544
61 3.3035265860667544
62 3.3035265860667544
63 3.4222903379509444
64 3.4222903379509444
65 3.4222903379509444
66 3.7656851292872298
67 3.7656851292872298
68 3.7656851292872298
69 3.5304972042932046
70 3.5304972042932046
71 3.5304972042932046
72 2.4062277933018863
73 2.4062277933018863
74 2.4062277933018863
75 3.3154132223578965
76 3.3154132223578965
77 3.3154132223578965
78 2.9281581075646104
79 2.9281581075646104
80 2.9281581075646104
81 3.8870140386438843
82 3.8870140386438843
83 3.8870140386438843
84 3.2030802312004285
85 3.2030802312004285
86 3.2030802312004285
87 3.582890589156181
88 3.582890589156181
89 3.582890589156181
90 3.750633455060404
91 3.750633455060404
92 3.750633455060404
93 4.533184513401533
94 4.533184513401533
95 4.533184513401533
96 2.9762612515082663
97 2.9762612515082663
98 2.9762612515082663
99 2.8676646898195703
100 2.8676646898195703
101 2.8676646898195703
102 3.393029844548287
103 3.393029844548287
104 3.393029844548287
105 3.3312197664819347
106 3.3312197664819347
107 3.3312197664819347
108 3.158430711321283
109 3.158430711321283
110 3.158430711321283
111 3.5866734885496627
112 3.5866734885496627
113 3.5866734885496627
114 3.0870765822136215
115 3.0870765822136215
116 3.0870765822136215
117 2.945382786680443
118 2.945382786680443
119 2.945382786680443
120 3.6934686399910097
121 3.6934686399910097
122 3.6934686399910097
123 3.8393414800862184
124 3.8393414800862184
125 3.8393414800862184
126 3.872678237022432
127 3.872678237022432
128 3.872678237022432
129 3.3825027733691084
130 3.3825027733691084
131 3.3825027733691084
132 3.8490246872251745
133 3.8490246872251745
134 3.8490246872251745
135 4.3956453468088625
136 4.3956453468088625
137 4.3956453468088625
138 2.797115094226001
139 2.797115094226001
140 2.797115094226001
141 3.4905252991826363
142 3.4905252991826363
143 3.4905252991826363
144 3.6334271564673237
145 3.6334271564673237
146 3.6334271564673237
147 3.571176167259538
148 3.571176167259538
149 3.571176167259538
150 3.360878498008058
151 3.360878498008058
152 3.360878498008058
153 4.0275415601865
154 4.0275415601865
155 4.0275415601865
156 3.8442081701348245
157 3.8442081701348245
158 3.8442081701348245
159 3.7427080189303767
160 3.7427080189303767
161 3.7427080189303767
162 3.415971983842436
163 3.415971983842436
164 3.415971983842436
165 3.3407634308653305
166 3.3407634308653305
167 3.3407634308653305
168 3.95811321228952
169 3.95811321228952
170 3.95811321228952
171 2.813128270031422
172 2.813128270031422
173 2.813128270031422
174 3.771004518988797
175 3.771004518988797
176 3.771004518988797
177 2.7769015880207943
178 2.7769015880207943
179 2.7769015880207943
180 3.4425528647739747
181 3.4425528647739747
182 3.4425528647739747
183 3.0207141644391133
184 3.0207141644391133
185 3.0207141644391133
186 3.9314097690223475
187 3.9314097690223475
188 3.9314097690223475
189 2.7684725176807943
190 2.7684725176807943
191 2.7684725176807943
192 2.6387455082283466
193 2.6387455082283466
194 2.6387455082283466
195 3.1260134290506136
196 3.1260134290506136
197 3.1260134290506136
198 3.6596005747873215
199 3.6596005747873215
200 3.6596005747873215
201 3.9373038549080377
202 3.9373038549080377
203 3.9373038549080377
204 2.9825081377745812
205 2.9825081377745812
206 2.9825081377745812
207 3.603801385714135
208 3.603801385714135
209 3.603801385714135
210 3.7400996426534094
211 3.7400996426534094
212 3.7400996426534094
213 4.173741093380697
214 4.173741093380697
215 4.173741093380697
216 3.0935488855791102
217 3.0935488855791102
218 3.0935488855791102
219 3.1175534957300703
220 3.1175534957300703
221 3.1175534957300703
222 3.8531119519573394
223 3.8531119519573394
224 3.8531119519573394
225 3.101574851472911
226 3.101574851472911
227 3.101574851472911
228 3.3018969976175914
229 3.3018969976175914
230 3.3018969976175914
231 3.3085085835544112
232 3.3085085835544112
233 3.3085085835544112
234 3.5675920259410616
235 3.5675920259410616
236 3.5675920259410616
237 3.8258094844802746
238 3.8258094844802746
239 3.8258094844802746
240 2.97118701935415
241 2.97118701935415
242 2.97118701935415
243 3.512529991907808
244 3.512529991907808
245 3.512529991907808
246 3.157769755426106
247 3.157769755426106
248 3.157769755426106
249 3.037344902884111
250 3.037344902884111
251 3.037344902884111
252 3.7111726095777637
253 3.7111726095777637
254 3.7111726095777637
255 3.396744330818758
256 3.396744330818758
257 3.396744330818758
258 3.193750353680837
259 3.193750353680837
260 3.193750353680837
261 4.2893377873141105
262 4.2893377873141105
263 4.2893377873141105
264 3.138755327081177
265 3.138755327081177
266 3.138755327081177
267 2.950040838574917
268 2.950040838574917
269 2.950040838574917
270 3.5391232343407575
271 3.5391232343407575
272 3.5391232343407575
273 3.263286966748073
274 3.263286966748073
275 3.263286966748073
276 3.403891591933608
277 3.403891591933608
278 3.403891591933608
279 4.078579204737895
280 4.078579204737895
281 4.078579204737895
282 3.322526670273461
283 3.322526670273461
284 3.322526670273461
285 3.6906909273672834
286 3.6906909273672834
287 3.6906909273672834
288 4.700220908617852
289 4.700220908617852
290 4.700220908617852
291 5.055456740760478
292 5.055456740760478
293 5.055456740760478
294 4.744880720195442
295 4.744880720195442
296 4.744880720195442
297 3.2706802776381925
298 3.2706802776381925
299 3.2706802776381925
300 3.7257018153854213
301 3.7257018153854213
302 3.7257018153854213
303 4.3701985838164354
304 4.3701985838164354
305 4.3701985838164354
306 3.817220675642174
307 3.817220675642174
308 3.817220675642174
309 3.984849284214199
310 3.984849284214199
311 3.984849284214199
312 4.0931590889913725
313 4.0931590889913725
314 4.0931590889913725
315 5.11030771350907
316 1.2270201978347535
317 1.2270201978347535
318 1.2270201978347535
319 1.2359108342485612
320 1.2359108342485612
321 1.2359108342485612
322 1.166725515697297
323 1.166725515697297
324 1.166725515697297
325 1.190756321272084
326 1.190756321272084
327 1.190756321272084
328 1.2243512064535014
329 1.2243512064535014
330 1.2243512064535014
331 0.9908101529386603
332 0.9908101529386603
333 0.9908101529386603
334 0.9391699245309219
335 0.9391699245309219
336 0.9391699245309219
337 1.1308930538964166
338 1.1308930538964166
339 1.1308930538964166
340 1.0831001676009622
341 1.0831001676009622
342 1.0831001676009622
343 1.2865022480562776
344 1.2865022480562776
345 1.2865022480562776
346 1.077792921814256
347 1.077792921814256
348 1.077792921814256
349 1.152937135762434
350 1.152937135762434
351 1.152937135762434
352 1.0553753284801348
353 1.0553753284801348
354 1.0553753284801348
355 1.1212870968012831
356 1.1212870968012831
357 1.1212870968012831
358 1.1521098346478877
359 1.1521098346478877
360 1.1521098346478877
361 1.1176921543088396
362 1.1176921543088396
363 1.1176921543088396
364 1.101465512805737
365 1.101465512805737
366 1.101465512805737
367 1.0827326829942243
368 1.0827326829942243
369 1.0827326829942243
370 0.9911737078539771
371 0.9911737078539771
372 0.9911737078539771
373 1.1096096852443573
374 1.1096096852443573
375 1.1096096852443573
376 1.0818817488390235
377 1.0818817488390235
378 1.0818817488390235
379 1.3187515102549519
380 1.3187515102549519
381 1.3187515102549519
382 1.3076419929804737
383 1.3076419929804737
384 1.3076419929804737
385 1.1250633333615443
386 1.1250633333615443
387 1.1250633333615443
388 0.9817503081340764
389 0.9817503081340764
390 0.9817503081340764
391 1.4161769534856434
392 1.4161769534856434
393 1.4161769534856434
394 1.0288482412933264
395 1.0288482412933264
396 3.558807268191358
397 3.558807268191358
398 3.558807268191358
399 2.445495424643944
400 2.445495424643944
401 2.445495424643944
402 3.230560501416702
403 3.230560501416702
404 3.230560501416702
405 3.4435441450036146
406 3.4435441450036146
407 3.4435441450036146
408 3.0207882037152265
409 3.0207882037152265
410 3.0207882037152265
411 3.170481423407574
412 3.170481423407574
413 3.170481423407574
414 3.90986517357205
415 3.90986517357205
416 3.90986517357205
417 3.69460964484104
418 3.69460964484104
419 3.69460964484104
420 3.6094618723113236
421 3.6094618723113236
422 3.6094618723113236
423 3.4812107647914012
424 3.4812107647914012
425 3.4812107647914012
426 3.740058862376118
427 2.9195996981309076
428 2.9195996981309076
429 2.9195996981309076
430 3.4317098431071598
431 3.4317098431071598
432 3.4317098431071598
433 2.6760950953468936
434 2.6760950953468936
435 2.6760950953468936
436 2.838700058640309
437 2.838700058640309
438 2.838700058640309
439 3.0965863205186333
440 3.0965863205186333
441 3.0965863205186333
442 2.833746304017553
443 2.833746304017553
444 2.833746304017553
445 2.8197236516765636
446 2.8197236516765636
447 2.8197236516765636
448 3.0510343643940785
449 3.0510343643940785
450 3.0510343643940785
451 2.524550984267582
452 2.524550984267582
453 2.524550984267582
454 3.0056093656655887
455 3.0056093656655887
456 3.0056093656655887
457 3.272752655009378
458 3.272752655009378
459 3.272752655009378
460 2.6396254918133146
461 2.6396254918133146
462 2.6396254918133146
463 3.112759216623013
464 3.112759216623013
465 3.112759216623013
466 3.581185264325148
467 3.581185264325148
468 3.581185264325148
469 3.0611750022525226
470 3.0611750022525226
471 3.0611750022525226
472 2.535971563913822
473 2.535971563913822
474 2.535971563913822
475 3.210547888101026
476 3.210547888101026
477 3.210547888101026
478 3.088709921108379
479 3.088709921108379
480 3.088709921108379
481 2.963401379040578
482 2.963401379040578
483 2.963401379040578
484 3.0633023305722284
485 3.0633023305722284
486 3.0633023305722284
487 2.7216947563678935
488 2.7216947563678935
489 2.7216947563678935
490 2.695973885090612
491 2.695973885090612
492 2.695973885090612
493 2.6663205114821977
494 2.6663205114821977
495 2.6663205114821977
496 2.9675897603394175
497 2.9675897603394175
498 2.9675897603394175
499 2.7570034544364823
500 2.7570034544364823
501 2.7570034544364823
502 1.8888010689767043
503 1.8888010689767043
504 1.8888010689767043
505 3.098773247893004
506 3.098773247893004
507 3.098773247893004
508 2.355614918780387
509 2.355614918780387
510 2.355614918780387
511 2.6771806102612565
512 2.6771806102612565
513 2.6771806102612565
514 3.3367246727119158
515 3.3367246727119158
516 3.3367246727119158
517 2.8082029616874093
518 2.8082029616874093
519 2.8082029616874093
520 3.4074354329012193
521 3.4074354329012193
522 3.4074354329012193
523 2.8525221798395837
524 2.8525221798395837
525 2.8525221798395837
526 2.720338757684425
527 2.720338757684425
528 2.720338757684425
529 2.352597670579793
530 2.352597670579793
531 2.352597670579793
532 3.198685999057391
533 3.198685999057391
534 3.198685999057391
535 3.1981562647018777
536 3.1981562647018777
537 3.1981562647018777
538 2.7932458555752198
539 2.7932458555752198
540 2.7932458555752198
541 2.6215941486849696
542 2.6215941486849696
543 2.6215941486849696
544 2.41926117025106
545 2.41926117025106
546 2.41926117025106
547 2.8835087471739067
548 2.8835087471739067
549 2.8835087471739067
550 2.5568010147397144
551 2.5568010147397144
552 2.5568010147397144
553 2.9110333334487875
554 2.9110333334487875
555 2.9110333334487875
556 2.428640275159527
557 2.428640275159527
558 2.428640275159527
559 2.906470710735634
560 2.906470710735634
561 2.906470710735634
562 2.8742850715655472
563 2.8742850715655472
564 2.8742850715655472
565 2.6646206980961704
566 2.6646206980961704
567 2.6646206980961704
568 2.876560983207052
569 2.876560983207052
570 2.876560983207052
571 2.458247562105049
572 2.458247562105049
573 2.458247562105049
574 3.0852151720276977
575 3.0852151720276977
576 3.0852151720276977
577 2.6889562278215067
578 2.6889562278215067
579 2.6889562278215067
580 3.6815524338556838
581 3.6815524338556838
582 3.6815524338556838
583 3.129698666319722
584 3.129698666319722
585 3.129698666319722
586 2.809256501178229
587 2.809256501178229
588 2.809256501178229
589 3.018609965615699
590 3.018609965615699
591 3.018609965615699
592 2.4551465784670086
593 2.4551465784670086
594 2.4551465784670086
595 3.3077669617204366
596 3.3077669617204366
597 3.3077669617204366
598 2.574592037235389
599 2.574592037235389
600 2.574592037235389
601 3.0985262563673883
602 3.0985262563673883
603 3.0985262563673883
604 2.903905612996991
605 2.903905612996991
606 2.903905612996991
607 2.818413617097284
608 2.818413617097284
609 2.818413617097284
610 2.9695806975201435
611 2.9695806975201435
612 2.9695806975201435
613 3.592687856707604
614 3.592687856707604
615 3.592687856707604
616 2.7322953465233333
617 2.7322953465233333
618 2.7322953465233333
619 0.6568646534592828
620 0.6568646534592828
621 0.6568646534592828
622 0.76535230859771
623 0.76535230859771
624 0.76535230859771
625 0.7286058607313971
626 0.7286058607313971
627 0.7286058607313971
628 0.7016974181453337
629 0.7016974181453337
630 0.7016974181453337
631 0.6062512716620659
632 0.6062512716620659
633 0.6062512716620659
634 0.7667788863853916
635 0.7667788863853916
636 0.7667788863853916
637 0.7184006765226685
638 0.7184006765226685
639 0.7184006765226685
640 0.5137732011648415
641 0.5137732011648415
642 0.5137732011648415
643 0.5990846233244862
644 0.5990846233244862
645 0.5990846233244862
646 0.6621159252509485
647 0.6621159252509485
648 0.6621159252509485
649 0.6595129573561949
650 0.6595129573561949
651 0.6595129573561949
652 0.4727951924482213
653 0.4727951924482213
654 0.4727951924482213
655 0.5769434129191515
656 0.5769434129191515
657 0.5769434129191515
658 0.6313268316540899
659 0.6313268316540899
660 0.6313268316540899
661 0.6534528176065977
662 0.6534528176065977
663 0.6534528176065977
664 0.5954701613634492
665 0.5954701613634492
666 0.5954701613634492
667 0.6359733268675638
668 0.6359733268675638
669 0.6359733268675638
670 0.5241458292722173
671 0.5241458292722173
672 0.5241458292722173
673 0.6191527381711734
674 0.6191527381711734
675 0.6191527381711734
676 0.6384913478767948
677 0.6384913478767948
678 0.6384913478767948
679 0.6690288359904493
680 0.6690288359904493
681 0.6690288359904493
682 0.7254997243012937
683 0.7254997243012937
684 0.7254997243012937
685 0.675895744127418
686 0.675895744127418
687 0.675895744127418
688 0.7677075049968078
689 0.7677075049968078
690 0.7677075049968078
691 0.673572634230699
692 0.673572634230699
693 0.673572634230699
694 0.6686239033871343
695 0.6686239033871343
696 0.6686239033871343
697 0.6995308380322165
698 0.6995308380322165
699 0.6995308380322165
700 0.6837470994333171
701 0.6837470994333171
702 0.6837470994333171
703 0.6654843840008876
704 0.6654843840008876
705 0.6654843840008876
706 0.7224847395501173
707 0.7224847395501173
708 0.7224847395501173
709 0.6655077023954422
710 2.6611666890842867
711 2.6611666890842867
712 2.6611666890842867
713 2.3789551548937435
714 3.8714765914376326
715 3.8714765914376326
716 3.8714765914376326
717 3.719631911624875
718 3.719631911624875
719 3.719631911624875
720 5.122509766187088
721 5.122509766187088
722 5.122509766187088
723 4.44889392682626
724 4.44889392682626
725 4.44889392682626
726 4.405593909645109
727 4.405593909645109
728 4.405593909645109
729 3.877701976047799
730 3.877701976047799
731 3.877701976047799
732 4.690262094209156
733 4.690262094209156
734 4.690262094209156
735 4.499366451521593
736 4.499366451521593
737 4.499366451521593
738 5.228192805859385
739 5.228192805859385
740 5.228192805859385
741 4.381841028952024
742 4.381841028952024
743 4.381841028952024
744 4.385185514739769
745 4.385185514739769
746 4.385185514739769
747 4.39087247211155
748 4.39087247211155
749 4.39087247211155
750 3.7230748122558874
751 3.7230748122558874
752 3.7230748122558874
753 4.3341866490988314
754 4.3341866490988314
755 4.3341866490988314
756 3.6100671696404114
757 3.6100671696404114
758 3.6100671696404114
759 4.9713060433730565
760 4.9713060433730565
761 4.9713060433730565
762 4.500999361486433
763 4.500999361486433
764 4.500999361486433
765 3.9792460452613216
766 3.9792460452613216
767 3.9792460452613216
768 3.488150462825027
769 3.488150462825027
770 3.488150462825027
771 3.147853130721417
772 3.147853130721417
773 3.147853130721417
774 5.676207367043401
775 5.676207367043401
776 5.676207367043401
777 4.7055513744572215
778 4.7055513744572215
779 4.7055513744572215
780 4.608432555703967
781 4.608432555703967
782 4.608432555703967
783 4.41441771069233
784 4.41441771069233
785 4.41441771069233
786 4.243422628746482
787 4.243422628746482
788 4.243422628746482
789 3.0966476990171845
790 3.0966476990171845
791 3.0966476990171845
792 3.7124491734567724
793 3.7124491734567724
794 3.7124491734567724
795 4.168750286455421
796 4.168750286455421
797 4.168750286455421
798 3.8396208752920296
799 3.8396208752920296
800 3.8396208752920296
801 3.8822860413961573
802 3.8822860413961573
803 3.8822860413961573
804 4.468188154210923
805 4.468188154210923
806 4.468188154210923
807 5.217307189451865
808 5.217307189451865
809 5.217307189451865
810 4.463503981270298
811 4.463503981270298
812 4.463503981270298
813 4.44747863092137
814 4.44747863092137
815 4.44747863092137
816 4.38261047344397
817 4.38261047344397
818 4.38261047344397
819 5.288400368616916
820 5.288400368616916
821 5.288400368616916
822 3.198087603275428
823 3.198087603275428
824 3.198087603275428
825 4.674275648868292
826 4.674275648868292
827 4.674275648868292
828 4.019991520376806
829 4.019991520376806
830 4.019991520376806
831 4.0420315172166665
832 4.0420315172166665
833 4.0420315172166665
834 4.580402134163483
835 4.580402134163483
836 4.580402134163483
837 3.7090794645569387
838 3.7090794645569387
839 3.7090794645569387
840 3.7947937502084077
841 3.7947937502084077
842 3.7947937502084077
843 4.876636478332508
844 4.876636478332508
845 4.876636478332508
846 3.4112635108244174
847 3.4112635108244174
848 3.4112635108244174
849 4.828195839749913
850 4.828195839749913
851 4.828195839749913
852 4.900033833490619
853 4.900033833490619
854 4.900033833490619
855 4.540930575879287
856 4.540930575879287
857 4.540930575879287
858 5.028200035762458
859 5.028200035762458
860 5.028200035762458
861 4.709031716232899
862 4.709031716232899
863 4.709031716232899
864 3.9091031092730275
865 3.9091031092730275
866 3.9091031092730275
867 4.263683428374137
868 4.263683428374137
869 4.263683428374137
870 4.652554916417776
871 4.652554916417776
872 4.652554916417776
873 4.813879398440487
874 4.813879398440487
875 4.813879398440487
876 4.410711642077514
877 4.410711642077514
878 4.410711642077514
879 3.8353538969422125
880 3.8353538969422125
881 3.8353538969422125
882 4.177005712342599
883 4.177005712342599
884 4.177005712342599
885 3.8016308354618134
886 3.8016308354618134
887 3.8016308354618134
888 4.345160111873917
889 4.345160111873917
890 4.345160111873917
891 3.9138773170618113
892 3.9138773170618113
893 3.9138773170618113
894 4.419698754204934
895 4.419698754204934
896 4.419698754204934
897 4.939936387399375
898 4.939936387399375
899 4.939936387399375
900 4.530431522042388
901 4.530431522042388
902 4.530431522042388
903 4.419795250520742
904 4.419795250520742
905 4.419795250520742
906 3.3354941839433536
907 3.3354941839433536
908 3.3354941839433536
909 4.187394884358258
910 4.187394884358258
911 4.187394884358258
912 4.33996149215958
913 4.33996149215958
914 4.33996149215958
915 4.025850822335138
916 4.025850822335138
917 4.025850822335138
918 5.168550677589523
919 5.168550677589523
920 5.168550677589523
921 4.323642490291194
922 4.323642490291194
923 4.323642490291194
924 3.997185453728956
925 3.997185453728956
926 3.997185453728956
927 3.9494634174731944
928 3.9494634174731944
929 3.9494634174731944
930 4.339511147033549
931 4.339511147033549
932 4.339511147033549
933 4.602951273985636
934 4.602951273985636
935 4.602951273985636
936 4.102551672696712
937 4.102551672696712
938 4.102551672696712
939 4.480442216564126
940 4.480442216564126
941 4.480442216564126
942 4.678168255302837
943 4.678168255302837
944 4.678168255302837
945 3.700294178011312
946 3.700294178011312
947 3.700294178011312
948 3.6600198958527335
949 3.6600198958527335
950 3.6600198958527335
951 4.080508636248312
952 4.080508636248312
953 4.080508636248312
954 3.731476626169901
955 3.731476626169901
956 3.731476626169901
957 3.1890971226014777
958 3.1890971226014777
959 3.1890971226014777
960 4.00588014881851
961 4.00588014881851
962 4.00588014881851
963 5.06917055068487
964 5.06917055068487
965 5.06917055068487
966 4.247877037652191
967 4.247877037652191
968 4.247877037652191
969 3.178080676304379
970 3.178080676304379
971 3.178080676304379
972 5.076322365131114
973 5.076322365131114
974 5.076322365131114
975 4.3461011515184005
976 4.3461011515184005
977 4.3461011515184005
978 4.833303337671131
979 4.833303337671131
980 4.833303337671131
981 4.889823698975325
982 4.889823698975325
983 4.889823698975325
984 4.562140491729295
985 4.562140491729295
986 4.562140491729295
987 3.6754491496492525
988 3.6754491496492525
989 3.6754491496492525
990 4.707474336246648
991 4.707474336246648
992 4.707474336246648
993 4.793697430058188
994 4.793697430058188
995 4.793697430058188
996 4.325095709146795
997 4.325095709146795
998 4.325095709146795
999 4.583342479244906
1000 4.583342479244906
1001 4.583342479244906
1002 4.050697755177918
1003 4.050697755177918
1004 4.050697755177918
1005 3.949180028884235
1006 3.949180028884235
1007 3.949180028884235
1008 2.8730334825503663
1009 2.8730334825503663
1010 2.8730334825503663
1011 4.8590579243578915
1012 4.8590579243578915
1013 4.8590579243578915
1014 4.59942242612952
1015 4.59942242612952
1016 4.59942242612952
1017 4.648350931406665
1018 4.648350931406665
1019 4.648350931406665
1020 4.293104300806999
1021 4.293104300806999
1022 4.293104300806999
1023 4.624533693483967
1024 4.624533693483967
1025 3.963450487345003
1026 3.963450487345003
1027 3.963450487345003
1028 3.9765017923737815
1029 3.9765017923737815
1030 3.9765017923737815
1031 3.527708339749171
1032 3.527708339749171
1033 3.527708339749171
1034 3.9092111428334864
1035 3.9092111428334864
1036 3.9092111428334864
1037 3.9348023520234916
1038 3.9348023520234916
1039 3.9348023520234916
1040 4.227668440638931
1041 4.227668440638931
1042 4.227668440638931
1043 3.586039697956222
1044 3.586039697956222
1045 3.586039697956222
1046 4.027382929447966
1047 4.027382929447966
1048 4.027382929447966
1049 3.1697997018531945
1050 3.1697997018531945
1051 3.1697997018531945
1052 3.8172379557197456
1053 3.8172379557197456
1054 3.8172379557197456
1055 4.3568641601359905
1056 4.3568641601359905
1057 4.3568641601359905
1058 4.137442928021669
1059 4.137442928021669
1060 4.137442928021669
1061 4.128305017027492
1062 4.128305017027492
1063 4.128305017027492
1064 4.411397738816036
1065 4.411397738816036
1066 4.411397738816036
1067 3.5656218626595733
1068 3.5656218626595733
1069 3.5656218626595733
1070 2.9383225257233963
1071 2.9383225257233963
1072 2.9383225257233963
1073 4.38222180947815
1074 4.38222180947815
1075 4.38222180947815
1076 4.063738899038401
1077 4.063738899038401
1078 4.063738899038401
1079 4.295394202273797
1080 4.295394202273797
1081 4.295394202273797
1082 4.009195720020778
1083 4.009195720020778
1084 4.009195720020778
1085 3.3953093338553364
1086 3.3953093338553364
1087 3.3953093338553364
1088 3.6657173964997973
1089 3.6657173964997973
1090 3.6657173964997973
1091 3.9943714010050533
1092 3.9943714010050533
1093 3.9943714010050533
1094 3.305851058364395
1095 3.305851058364395
1096 3.305851058364395
1097 2.7086511315291806
1098 2.7086511315291806
1099 2.7086511315291806
1100 3.1530264841974227
1101 3.1530264841974227
1102 3.1530264841974227
1103 3.5559330351898755
1104 3.5559330351898755
1105 3.5559330351898755
1106 3.3989857093245495
1107 3.3989857093245495
1108 3.3989857093245495
1109 3.179380044438672
1110 3.179380044438672
1111 3.179380044438672
1112 3.555706054829627
1113 3.555706054829627
1114 3.555706054829627
1115 3.4070201347920923
1116 3.4070201347920923
1117 3.4070201347920923
1118 3.2950989275724263
1119 3.2950989275724263
1120 3.2950989275724263
1121 3.403588503264653
1122 3.403588503264653
1123 3.403588503264653
1124 3.0673676814225925
1125 3.0673676814225925
1126 3.0673676814225925
1127 4.234670598187835
1128 4.234670598187835
1129 4.234670598187835
1130 3.711408627857924
1131 3.711408627857924
1132 3.711408627857924
1133 3.625175752725074
1134 3.625175752725074
1135 3.625175752725074
1136 2.8174695678470227
1137 2.8174695678470227
1138 2.8174695678470227
1139 3.1178510260917336
1140 3.1178510260917336
1141 3.1178510260917336
1142 3.616080246259839
1143 3.616080246259839
1144 3.616080246259839
1145 3.054973938483051
1146 3.054973938483051
1147 3.054973938483051
1148 3.5520946714634376
1149 3.5520946714634376
1150 3.5520946714634376
1151 3.3273152999599462
1152 3.3273152999599462
1153 3.3273152999599462
1154 3.798112809091994
1155 3.798112809091994
1156 3.798112809091994
1157 3.025313221486281
1158 3.025313221486281
1159 3.025313221486281
1160 4.371222862871655
1161 4.371222862871655
1162 4.371222862871655
1163 3.286699366208294
1164 3.286699366208294
1165 3.286699366208294
1166 3.557772175858195
1167 3.557772175858195
1168 3.557772175858195
1169 3.01893625400733
1170 3.01893625400733
1171 3.01893625400733
1172 3.4152317875902303
1173 3.4152317875902303
1174 3.4152317875902303
1175 2.6760849506358912
1176 2.6760849506358912
1177 2.6760849506358912
1178 3.999277524274227
1179 3.999277524274227
1180 3.999277524274227
1181 4.104513362135111
1182 4.104513362135111
1183 4.104513362135111
1184 3.528482199652607
1185 3.528482199652607
1186 3.9492889926651222
1187 3.9492889926651222
1188 3.9492889926651222
1189 2.7088810518441475
1190 2.7088810518441475
1191 2.7088810518441475
1192 3.708796611772632
1193 3.708796611772632
1194 3.708796611772632
1195 4.274780852906417
1196 4.274780852906417
1197 4.274780852906417
1198 2.96938162896466
1199 2.96938162896466
1200 2.96938162896466
1201 3.236326217030378
1202 3.236326217030378
1203 3.236326217030378
1204 3.3566064986916
1205 3.3566064986916
1206 3.3566064986916
1207 3.8383302896379274
1208 3.8383302896379274
1209 3.8383302896379274
1210 3.8737377843743115
1211 3.8737377843743115
1212 3.8737377843743115
1213 4.101133959440377
1214 4.101133959440377
1215 4.101133959440377
1216 4.088477223550043
1217 4.088477223550043
1218 4.088477223550043
1219 3.2742467619237106
1220 3.2742467619237106
1221 3.2742467619237106
1222 4.077473484562511
1223 4.077473484562511
1224 4.077473484562511
1225 3.901450616282714
1226 3.901450616282714
1227 3.901450616282714
1228 2.9895172052841583
1229 2.9895172052841583
1230 2.9895172052841583
1231 3.641191971890333
1232 3.641191971890333
1233 3.641191971890333
1234 4.545273196834594
1235 4.545273196834594
1236 4.545273196834594
1237 3.878833727877943
1238 3.878833727877943
1239 3.878833727877943
1240 3.719526320995924
1241 3.719526320995924
1242 3.719526320995924
1243 3.3300594003490405
1244 3.3300594003490405
1245 3.3300594003490405
1246 4.2218590060280174
1247 4.2218590060280174
1248 4.2218590060280174
1249 3.7396828540572433
1250 3.7396828540572433
1251 3.7396828540572433
1252 3.283370458512444
1253 3.283370458512444
1254 3.283370458512444
1255 3.976606251533425
1256 3.976606251533425
1257 3.976606251533425
1258 4.117819734968817
1259 4.117819734968817
1260 4.117819734968817
1261 3.679765354621532
1262 3.679765354621532
1263 3.679765354621532
1264 4.448064093011087
1265 4.448064093011087
1266 4.448064093011087
1267 3.2856040817781027
1268 3.2856040817781027
1269 3.2856040817781027
1270 2.649415254930444
1271 2.649415254930444
1272 2.649415254930444
1273 4.275988167732311
1274 4.275988167732311
1275 4.275988167732311
1276 3.0948087589455424
1277 3.0948087589455424
1278 3.0948087589455424
1279 3.9857769894620234
1280 3.9857769894620234
1281 3.9857769894620234
1282 3.2383419605081016
1283 3.2383419605081016
1284 3.2383419605081016
1285 4.08596707588681
1286 4.08596707588681
1287 4.08596707588681
1288 4.144216661038499
1289 4.144216661038499
1290 4.144216661038499
1291 3.1550298302239
1292 3.1550298302239
1293 3.1550298302239
1294 3.8959956256691473
1295 3.8959956256691473
1296 3.8959956256691473
1297 3.1642815380274567
1298 3.1642815380274567
1299 3.1642815380274567
1300 3.713666972323533
1301 3.713666972323533
1302 3.713666972323533
1303 4.232480417342491
1304 4.232480417342491
1305 4.232480417342491
1306 3.4634739364760327
1307 3.4634739364760327
1308 3.4634739364760327
1309 4.4320162286024125
1310 4.4320162286024125
1311 4.4320162286024125
1312 4.695257949543452
1313 4.695257949543452
1314 4.695257949543452
1315 3.7152126371438725
1316 3.7152126371438725
1317 3.7152126371438725
1318 4.1010201564808515
1319 4.1010201564808515
1320 4.1010201564808515
1321 3.2027800391537147
1322 3.2027800391537147
1323 3.2027800391537147
1324 3.2828880699901717
1325 3.2828880699901717
1326 3.2828880699901717
1327 4.416390416994025
1328 4.416390416994025
1329 4.416390416994025
1330 3.568139820813949
1331 3.568139820813949
1332 3.568139820813949
1333 4.167199186737747
1334 4.167199186737747
1335 4.167199186737747
1336 4.629177957620229
1337 4.629177957620229
1338 4.629177957620229
1339 3.8427332612134664
1340 3.8427332612134664
1341 3.8427332612134664
1342 3.1760252564009184
1343 3.1760252564009184
1344 3.1760252564009184
1345 4.03275106101081
1346 4.03275106101081
1347 4.03275106101081
1348 4.521585322588303
1349 4.521585322588303
1350 0.9850479304265494
1351 0.9850479304265494
1352 0.9850479304265494
1353 0.989512182059851
1354 0.989512182059851
1355 0.989512182059851
1356 0.9186600261954662
1357 0.9186600261954662
1358 0.9186600261954662
1359 1.1433775581338337
1360 1.1433775581338337
1361 1.1433775581338337
1362 1.2336079552262122
1363 1.2336079552262122
1364 1.2336079552262122
1365 0.9401187536884115
1366 0.9401187536884115
1367 0.9401187536884115
1368 1.2884079203277643
1369 1.2884079203277643
1370 1.2884079203277643
1371 1.0741048877973642
1372 1.0741048877973642
1373 1.0741048877973642
1374 1.2826117909524082
1375 1.2826117909524082
1376 1.2826117909524082
1377 1.1486770765136483
1378 1.1486770765136483
1379 1.1486770765136483
1380 1.0974511404029106
1381 1.0974511404029106
1382 1.0974511404029106
1383 0.984613031601584
1384 0.984613031601584
1385 0.984613031601584
1386 1.0513809803965057
1387 1.0513809803965057
1388 1.0513809803965057
1389 1.110249369477788
1390 1.110249369477788
1391 1.110249369477788
1392 1.2118073145412498
1393 1.2118073145412498
1394 1.2118073145412498
1395 0.9898735889117598
1396 0.9898735889117598
1397 0.9898735889117598
1398 1.1465789309457803
1399 1.1465789309457803
1400 1.1465789309457803
1401 1.1835045615390958
1402 1.1835045615390958
1403 1.1835045615390958
1404 1.0662421424423603
1405 1.0662421424423603
1406 1.0662421424423603
1407 1.230581335814643
1408 1.230581335814643
1409 1.230581335814643
1410 1.3836169073077125
1411 1.3836169073077125
1412 1.3836169073077125
1413 1.4867602736478154
1414 1.4867602736478154
1415 1.4867602736478154
1416 1.013098137508563
1417 1.013098137508563
1418 1.013098137508563
1419 0.9606921816677308
1420 0.9606921816677308
1421 0.9606921816677308
1422 0.94186464165705
1423 0.94186464165705
1424 0.94186464165705
1425 0.9731018070548458
1426 0.9731018070548458
1427 0.9731018070548458
1428 1.0465200262562016
1429 1.0465200262562016
1430 1.0465200262562016
1431 1.1209322887079498
1432 1.1209322887079498
1433 1.1209322887079498
1434 1.0057797647210767
1435 1.0057797647210767
1436 1.0057797647210767
1437 0.9000811390788424
1438 0.9000811390788424
1439 0.9000811390788424
1440 1.109677811547382
1441 1.109677811547382
1442 1.109677811547382
1443 0.9063090547916922
1444 0.9063090547916922
1445 0.9063090547916922
1446 0.9089340777476
1447 0.9089340777476
1448 0.9089340777476
1449 1.0536517566105106
1450 1.0536517566105106
1451 1.0536517566105106
1452 1.0593838514064169
1453 1.0593838514064169
1454 1.0593838514064169
1455 1.2557846888127826
1456 1.2557846888127826
1457 1.2557846888127826
1458 1.09070163718117
1459 1.09070163718117
1460 1.09070163718117
1461 1.1589356435371252
1462 1.1589356435371252
1463 1.1589356435371252
1464 1.0166966968610656
1465 1.0166966968610656
1466 1.0166966968610656
1467 0.897374339548718
1468 0.897374339548718
1469 0.897374339548718
1470 1.4021291926621373
1471 1.4021291926621373
1472 1.4021291926621373
1473 1.1971256635354506
1474 1.1971256635354506
1475 1.1971256635354506
1476 0.8498826241394407
1477 0.8498826241394407
1478 0.8498826241394407
1479 0.9085151240115629
1480 0.9085151240115629
1481 0.9085151240115629
1482 1.1533326811738593
1483 1.1533326811738593
1484 1.1533326811738593
1485 1.0458481893403884
1486 1.0458481893403884
1487 1.0458481893403884
1488 1.1474998044500142
1489 1.1474998044500142
1490 1.1474998044500142
1491 1.1543828634242856
1492 1.1543828634242856
1493 1.1543828634242856
1494 1.0430781208120117
1495 1.0430781208120117
1496 1.0430781208120117
1497 1.2198114586033297
1498 1.2198114586033297
1499 1.2198114586033297
1500 0.9789707379639319
1501 0.9789707379639319
1502 0.9789707379639319
1503 1.0719126886301937
1504 1.0719126886301937
1505 1.0719126886301937
1506 1.1799611137036423
1507 1.1799611137036423
1508 1.1799611137036423
1509 1.1271981083636786
1510 1.1271981083636786
1511 1.1271981083636786
1512 0.9447902372701589
1513 0.9447902372701589
1514 0.9447902372701589
1515 1.0593584925492079
1516 1.0593584925492079
1517 1.0593584925492079
1518 1.0287487699542703
1519 1.0287487699542703
1520 1.0287487699542703
1521 1.1742373688451666
1522 1.1742373688451666
1523 1.1742373688451666
1524 1.285613728491121
1525 1.285613728491121
1526 1.285613728491121
1527 0.9865514515055802
1528 0.9865514515055802
1529 0.9865514515055802
1530 0.9905301969232958
1531 0.9905301969232958
1532 0.9905301969232958
1533 1.2324812920369885
1534 1.2324812920369885
1535 1.2324812920369885
1536 1.0749735240175051
1537 1.0749735240175051
1538 1.0749735240175051
1539 1.1865360443535096
1540 1.1865360443535096
1541 1.1865360443535096
1542 1.1224765455804053
1543 1.1224765455804053
1544 1.1224765455804053
1545 1.1029490127048953
1546 1.1029490127048953
1547 1.1029490127048953
1548 1.1287735379721262
1549 1.1287735379721262
1550 1.1287735379721262
1551 1.2170766785631573
1552 1.2170766785631573
1553 1.2170766785631573
1554 1.2197157165824177
1555 1.2197157165824177
1556 1.2197157165824177
1557 0.9749595060712188
1558 0.9749595060712188
1559 0.9749595060712188
1560 1.1302354315032141
1561 1.1302354315032141
1562 1.1302354315032141
1563 1.1627898765542162
1564 1.1627898765542162
1565 1.1627898765542162
1566 0.9410359493614071
1567 0.9410359493614071
1568 0.9410359493614071
1569 1.1016144485157051
1570 1.1016144485157051
1571 1.1016144485157051
1572 1.0396979241208255
1573 1.0396979241208255
1574 1.0396979241208255
1575 1.2637902374397485
1576 1.2637902374397485
1577 1.2637902374397485
1578 1.1774500940729975
1579 1.1774500940729975
1580 1.1774500940729975
1581 1.2814721913985507
1582 1.2814721913985507
1583 1.2814721913985507
1584 1.279843724389302
1585 1.279843724389302
1586 1.279843724389302
1587 1.0926758207580625
1588 1.0926758207580625
1589 1.0926758207580625
1590 1.2185353896101254
1591 1.2185353896101254
1592 1.2185353896101254
1593 1.000053125858599
1594 1.000053125858599
1595 1.000053125858599
1596 1.155400099454438
1597 1.155400099454438
1598 1.155400099454438
1599 1.1954416816279236
1600 1.1954416816279236
1601 1.1954416816279236
1602 1.0726129543764786
1603 1.0726129543764786
1604 1.0726129543764786
1605 1.2668608284253133
1606 1.2668608284253133
1607 1.2668608284253133
1608 1.1717114885626858
1609 1.1717114885626858
1610 1.1717114885626858
1611 1.04195492554899
1612 1.04195492554899
1613 1.04195492554899
1614 1.2508438919277347
1615 1.2508438919277347
1616 1.2508438919277347
1617 0.8256329318250961
1618 0.8256329318250961
1619 0.8256329318250961
1620 1.0536801289578863
1621 1.0536801289578863
1622 1.0536801289578863
1623 0.9987745904075238
1624 0.9987745904075238
1625 0.9987745904075238
1626 0.8401518736498437
1627 0.8401518736498437
1628 0.8401518736498437
1629 1.0991634147660219
1630 1.0991634147660219
1631 1.0991634147660219
1632 1.1275201352642437
1633 1.1275201352642437
1634 1.1275201352642437
1635 1.0907163095729178
1636 1.0907163095729178
1637 1.0907163095729178
1638 1.035221958726987
1639 1.035221958726987
1640 1.035221958726987
1641 1.313569683184375
1642 1.313569683184375
1643 1.313569683184375
1644 1.18813995497853
1645 1.18813995497853
1646 1.18813995497853
1647 1.0048353252357352
1648 1.0048353252357352
1649 1.0048353252357352
1650 0.8393392040022032
1651 0.8393392040022032
1652 0.8393392040022032
1653 1.2206153741633547
1654 1.2206153741633547
1655 1.2206153741633547
1656 1.2290098019338875
1657 1.2290098019338875
1658 1.2290098019338875
1659 0.9654376510559799
1660 0.9654376510559799
1661 0.9654376510559799
1662 1.0797780975763727
1663 1.0797780975763727
1664 1.0797780975763727
1665 1.1382998348150595
1666 1.1382998348150595
1667 1.1382998348150595
1668 1.1796721869670739
1669 1.1796721869670739
1670 1.1796721869670739
1671 1.1987539621160683
1672 1.1987539621160683
1673 1.1987539621160683
1674 1.3001209203796544
1675 1.3001209203796544
1676 1.3001209203796544
1677 1.0275609118738434
1678 1.0275609118738434
1679 1.0275609118738434
1680 1.0078446430587966
1681 1.0078446430587966
1682 1.0078446430587966
1683 1.073842870484966
1684 1.073842870484966
1685 1.073842870484966
1686 0.8717307843252398
1687 0.8717307843252398
1688 0.8717307843252398
1689 1.1685407411459083
1690 1.1685407411459083
1691 1.1685407411459083
1692 1.2245778106048832
1693 1.2245778106048832
1694 1.2245778106048832
1695 1.150665050812689
1696 1.150665050812689
1697 1.150665050812689
1698 1.1655704604200314
1699 1.1655704604200314
1700 1.1655704604200314
1701 0.9060026261316456
1702 0.9060026261316456
1703 0.9060026261316456
1704 0.8971975289245764
1705 0.8971975289245764
1706 0.8971975289245764
1707 1.233730009269959
1708 1.233730009269959
1709 1.233730009269959
1710 1.0747667123620883
1711 1.0747667123620883
1712 1.0747667123620883
1713 1.0330019002827613
1714 1.0330019002827613
1715 1.0330019002827613
1716 1.2159703993279365
1717 1.2159703993279365
1718 1.2159703993279365
1719 1.355123878325353
1720 1.355123878325353
1721 1.355123878325353
1722 1.226297933839612
1723 1.226297933839612
1724 1.226297933839612
1725 1.2130665794039046
1726 1.2130665794039046
1727 1.2130665794039046
1728 1.361877387147868
1729 1.361877387147868
1730 1.361877387147868
1731 1.096139413601572
1732 1.096139413601572
1733 1.096139413601572
1734 1.2997357459650953
1735 1.2997357459650953
1736 1.2997357459650953
1737 1.0091194638703682
1738 1.0091194638703682
1739 1.0091194638703682
1740 1.2029431605584815
1741 1.2029431605584815
1742 1.2029431605584815
1743 1.0483162911718682
1744 1.0483162911718682
1745 1.0483162911718682
1746 0.8877947674600201
1747 0.8877947674600201
1748 0.8877947674600201
1749 1.3089442864628218
1750 1.3089442864628218
1751 1.3089442864628218
1752 1.0830850040245208
1753 1.0830850040245208
1754 1.0830850040245208
1755 1.1402137699631594
1756 1.1402137699631594
1757 1.1402137699631594
1758 0.9289548660400176
1759 0.9289548660400176
1760 0.9289548660400176
1761 1.0215479889040857
1762 1.0215479889040857
1763 1.0215479889040857
1764 1.2228463226501118
1765 1.2228463226501118
1766 1.2228463226501118
1767 1.2684732749207042
1768 1.2684732749207042
1769 1.2684732749207042
1770 0.9006343875223124
1771 0.9006343875223124
1772 0.9006343875223124
1773 1.1145690865122373
1774 1.1145690865122373
1775 1.1145690865122373
1776 1.0800363049597541
1777 2.281847462017892
1778 2.281847462017892
1779 2.281847462017892
1780 2.9068148949940498
1781 2.9068148949940498
1782 2.9068148949940498
1783 2.3013209438760556
1784 2.3013209438760556
1785 2.3013209438760556
1786 2.8215965869556756
1787 2.8215965869556756
1788 2.8215965869556756
1789 2.6101215742932316
1790 2.6101215742932316
1791 2.6101215742932316
1792 2.2584418424949355
1793 2.2584418424949355
1794 2.2584418424949355
1795 2.3556221095080474
1796 2.3556221095080474
1797 2.3556221095080474
1798 2.6149731097558133
1799 2.6149731097558133
1800 2.6149731097558133
1801 2.6951286682075026
1802 2.6951286682075026
1803 2.6951286682075026
1804 2.4136114223333704
1805 2.4136114223333704
1806 2.4136114223333704
1807 2.2994177255905255
1808 2.2994177255905255
1809 2.2994177255905255
1810 2.653339175577633
1811 2.653339175577633
1812 2.653339175577633
1813 2.5433889466668553
1814 2.5433889466668553
1815 2.5433889466668553
1816 2.9413610859682002
1817 2.9413610859682002
1818 2.9413610859682002
1819 2.7509348400630067
1820 2.7509348400630067
1821 2.7509348400630067
1822 2.7222853068128083
1823 2.7222853068128083
1824 2.7222853068128083
1825 2.259160105236521
1826 2.259160105236521
1827 2.259160105236521
1828 2.3421404423916763
1829 2.3421404423916763
1830 1.8201131092801703
1831 1.8201131092801703
1832 1.8201131092801703
1833 2.546174313702134
1834 2.546174313702134
1835 2.546174313702134
1836 2.497148529675005
1837 2.497148529675005
1838 2.497148529675005
1839 1.7594130325248152
1840 1.7594130325248152
1841 1.7594130325248152
1842 1.9845723876719088
1843 1.9845723876719088
1844 1.9845723876719088
1845 2.1163359762783385
1846 2.1163359762783385
1847 2.1163359762783385
1848 1.8408011173357548
1849 1.8408011173357548
1850 1.8408011173357548
1851 1.5549694922484023
1852 1.5549694922484023
1853 1.5549694922484023
1854 2.13749799968232
1855 2.13749799968232
1856 2.13749799968232
1857 1.960087538457322
1858 1.960087538457322
1859 1.960087538457322
1860 1.7726116480897849
1861 1.7726116480897849
1862 1.7726116480897849
1863 2.0555658550396023
1864 2.0555658550396023
1865 2.0555658550396023
1866 2.051614525112056
1867 2.051614525112056
1868 2.051614525112056
1869 1.877199837377959
1870 1.877199837377959
1871 1.877199837377959
1872 2.0087931168776856
1873 2.0087931168776856
1874 2.0087931168776856
1875 2.12863072339856
1876 2.12863072339856
1877 2.12863072339856
1878 2.0483768361996733
1879 2.0483768361996733
1880 2.0483768361996733
1881 2.033317840744326
1882 2.033317840744326
1883 2.033317840744326
1884 2.066052699440053
1885 2.066052699440053
1886 2.066052699440053
1887 1.6883522252591545
1888 1.6883522252591545
1889 1.6883522252591545
1890 2.0412345288532867
1891 2.0412345288532867
1892 2.0412345288532867
1893 1.7298521181086521
1894 1.7298521181086521
1895 1.7298521181086521
1896 1.7759925304659427
1897 1.7759925304659427
1898 1.7759925304659427
1899 1.3888220774245277
1900 1.3888220774245277
1901 1.3888220774245277
1902 2.2695622115377794
1903 2.2695622115377794
1904 2.2695622115377794
1905 2.1503220175788833
1906 2.1503220175788833
1907 2.1503220175788833
1908 2.085793092412535
1909 2.085793092412535
1910 2.085793092412535
1911 1.9691893103803069
1912 1.9691893103803069
1913 1.9691893103803069
1914 1.77150049227034
1915 1.77150049227034
1916 1.77150049227034
1917 1.9544211334747912
1918 1.9544211334747912
1919 1.9544211334747912
1920 1.9437504685585614
1921 1.9437504685585614
1922 1.9437504685585614
1923 2.134560083600992
1924 2.134560083600992
1925 2.134560083600992
1926 2.0959388822582636
1927 2.0959388822582636
1928 2.0959388822582636
1929 2.1152578818598675
1930 2.1152578818598675
1931 2.1152578818598675
1932 1.9361533232739137
1933 1.9361533232739137
1934 1.9361533232739137
1935 1.7363526692995292
1936 1.7363526692995292
1937 1.7363526692995292
1938 2.2141740891613013
1939 2.2141740891613013
1940 2.2141740891613013
1941 2.1573074950369473
1942 2.1573074950369473
1943 2.1573074950369473
1944 2.036685881176004
1945 2.036685881176004
1946 2.036685881176004
1947 1.8073044624316408
1948 1.8073044624316408
1949 1.8073044624316408
1950 1.960372632828582
1951 1.960372632828582
1952 1.960372632828582
1953 2.200517373853461
1954 2.200517373853461
1955 2.200517373853461
1956 2.1267860640639524
1957 2.1267860640639524
1958 2.1267860640639524
1959 2.0626315304999476
1960 2.0626315304999476
1961 2.0626315304999476
1962 1.9144126216204997
1963 1.9144126216204997
1964 1.9144126216204997
1965 2.0261794597220133
1966 2.0261794597220133
1967 2.0261794597220133
1968 2.1347328378320176
1969 2.1347328378320176
1970 2.1347328378320176
1971 1.6942662568585227
1972 1.6942662568585227
1973 1.6942662568585227
1974 1.9525384820916962
1975 1.9525384820916962
1976 1.9525384820916962
1977 2.1800004089057996
1978 2.1800004089057996
1979 2.1800004089057996
1980 2.6071266359441063
1981 2.6071266359441063
1982 2.6071266359441063
1983 2.0745759409547238
1984 2.0745759409547238
1985 2.0745759409547238
1986 2.5104866538622828
1987 2.5104866538622828
1988 2.5104866538622828
1989 1.700783906017524
1990 1.700783906017524
1991 1.700783906017524
1992 2.2228374928691776
1993 2.2228374928691776
1994 2.2228374928691776
1995 1.5025631690190095
1996 1.5025631690190095
1997 1.5025631690190095
1998 2.0284987877734535
1999 2.0284987877734535
