0 2.2056134783706973
1 2.2056134783706973
2 2.2056134783706973
3 2.2056134783706973
4 0.1321344506695903
5 0.1321344506695903
6 0.1321344506695903
7 0.1321344506695903
8 0.17968509604585947
9 0.17968509604585947
10 0.17968509604585947
11 0.17968509604585947
12 0.3172439358672816
13 0.3172439358672816
14 0.3172439358672816
15 0.3172439358672816
16 0.16449374055213412
17 0.16449374055213412
18 0.16449374055213412
19 0.16449374055213412
20 0.297691399306077
21 0.297691399306077
22 0.297691399306077
23 0.297691399306077
24 0.20585804855085438
25 0.20585804855085438
26 0.20585804855085438
27 0.20585804855085438
28 0.350707903447312
29 0.350707903447312
30 0.350707903447312
31 0.350707903447312
32 0.1
33 0.1
34 0.1
35 0.1
36 0.23192044562577108
37 0.23192044562577108
38 0.23192044562577108
39 0.23192044562577108
40 0.1
41 0.1
42 0.1
43 0.1
44 0.2197789998196825
45 0.2197789998196825
46 0.2197789998196825
47 0.2197789998196825
48 0.29305186215147466
49 0.29305186215147466
50 0.29305186215147466
51 0.29305186215147466
52 0.11961540384284187
53 0.11961540384284187
54 0.11961540384284187
55 0.11961540384284187
56 0.31428415409181454
57 0.31428415409181454
58 0.31428415409181454
59 0.31428415409181454
60 0.16657853506785014
61 0.16657853506785014
62 0.16657853506785014
63 0.16657853506785014
64 0.2864702836452494
65 0.2864702836452494
66 0.2864702836452494
67 0.2864702836452494
68 0.18821772776620604
69 0.18821772776620604
70 0.18821772776620604
71 0.18821772776620604
72 0.1561364821085161
73 0.1561364821085161
74 0.1561364821085161
75 0.1561364821085161
76 0.2640714437104441
77 0.2640714437104441
78 0.2640714437104441
79 0.2640714437104441
80 0.25296345974287227
81 0.25296345974287227
82 0.25296345974287227
83 0.25296345974287227
84 2.224632968570853
85 2.224632968570853
86 2.224632968570853
87 2.224632968570853
88 3.425310020981727
89 3.425310020981727
90 3.425310020981727
91 3.425310020981727
92 3.3411201856265067
93 3.3411201856265067
94 3.3411201856265067
95 3.3411201856265067
96 1.0963256252871934
97 1.0963256252871934
98 1.0963256252871934
99 1.0963256252871934
100 1.425928737064467
101 1.425928737064467
102 1.425928737064467
103 1.425928737064467
104 2.2857105311490793
105 2.2857105311490793
106 0.5239536333826721
107 0.5239536333826721
108 0.5239536333826721
109 0.5239536333826721
110 0.4130286485840997
111 0.4130286485840997
112 0.4130286485840997
113 2.900311840251086
114 2.900311840251086
115 2.900311840251086
116 2.900311840251086
117 1.954012213808029
118 1.954012213808029
119 1.954012213808029
120 1.954012213808029
121 3.580569000180283
122 3.580569000180283
123 3.580569000180283
124 3.580569000180283
125 1.5689376276571139
126 1.5689376276571139
127 1.5689376276571139
128 1.5689376276571139
129 2.4862051068676223
130 2.4862051068676223
131 2.4862051068676223
132 2.4862051068676223
133 3.855969249171344
134 3.855969249171344
135 3.855969249171344
136 3.855969249171344
137 1.9282146290476527
138 1.9282146290476527
139 1.9282146290476527
140 1.9282146290476527
141 2.539812251699845
142 2.539812251699845
143 2.539812251699845
144 2.539812251699845
145 2.6520894724564035
146 2.6520894724564035
147 2.6520894724564035
148 2.6520894724564035
149 1.230325993897521
150 2.587855864436386
151 2.587855864436386
152 2.587855864436386
153 2.587855864436386
154 1.9682581719392245
155 1.9682581719392245
156 1.9682581719392245
157 1.9682581719392245
158 2.0211400785352023
159 2.0211400785352023
160 2.0211400785352023
161 2.0211400785352023
162 2.228015410033964
163 2.228015410033964
164 2.228015410033964
165 2.228015410033964
166 4.956646506204365
167 4.956646506204365
168 4.956646506204365
169 4.956646506204365
170 2.8720328918231424
171 2.8720328918231424
172 2.8720328918231424
173 2.8720328918231424
174 6.710442628402332
175 6.710442628402332
176 6.710442628402332
177 6.710442628402332
178 1.4596873588626074
179 1.4596873588626074
180 2.3583835594824585
181 2.3583835594824585
182 2.3583835594824585
183 2.632598880583318
184 2.632598880583318
185 2.632598880583318
186 2.632598880583318
187 3.5149328762822947
188 3.5149328762822947
189 3.5149328762822947
190 3.5149328762822947
191 1.5488732088633002
192 1.5488732088633002
193 1.5488732088633002
194 1.5488732088633002
195 3.2529878880757317
196 3.2529878880757317
197 3.2529878880757317
198 3.2529878880757317
199 2.464583658082389
200 2.464583658082389
201 2.464583658082389
202 2.464583658082389
203 2.10151381927271
204 2.10151381927271
205 2.10151381927271
206 2.10151381927271
207 2.4469905166795702
208 2.4469905166795702
209 2.4469905166795702
210 2.4469905166795702
211 3.327458290813251
212 3.327458290813251
213 3.327458290813251
214 3.327458290813251
215 2.6817900290930594
216 2.6817900290930594
217 2.6817900290930594
218 2.6817900290930594
219 2.663202942258606
220 2.663202942258606
221 2.663202942258606
222 2.663202942258606
223 1.5047517458929922
224 1.5047517458929922
225 0.8756643760805786
226 0.8756643760805786
227 0.8756643760805786
228 0.8756643760805786
229 1.7375460673421244
230 1.7375460673421244
231 1.7375460673421244
232 1.7375460673421244
233 0.4063554777258229
234 0.4063554777258229
235 0.4063554777258229
236 0.4063554777258229
237 1.1234393851166704
238 1.1234393851166704
239 1.1234393851166704
240 1.1234393851166704
241 2.5498846711633525
242 2.5498846711633525
243 2.5498846711633525
244 2.5498846711633525
245 0.42843701960875613
246 0.42843701960875613
247 0.42843701960875613
248 0.42843701960875613
249 0.9234563960399133
250 0.9234563960399133
251 0.9234563960399133
252 0.9234563960399133
253 1.4686336470919057
254 1.4686336470919057
255 1.4686336470919057
256 1.4686336470919057
257 1.627765522312525
258 3.8978454867429218
259 3.8978454867429218
260 3.8978454867429218
261 3.8978454867429218
262 1.1635330033932347
263 1.1635330033932347
264 1.1635330033932347
265 1.1635330033932347
266 3.769532706016556
267 3.769532706016556
268 3.769532706016556
269 3.769532706016556
270 4.950346879629972
271 4.950346879629972
272 4.950346879629972
273 4.950346879629972
274 3.512452219253678
275 3.512452219253678
276 3.512452219253678
277 3.512452219253678
278 2.1190517419210853
279 2.1190517419210853
280 2.1190517419210853
281 2.1190517419210853
282 1.6242764071005718
283 1.6242764071005718
284 1.6242764071005718
285 1.6242764071005718
286 2.467455875064973
287 2.467455875064973
288 2.467455875064973
289 2.467455875064973
290 2.51450927392929
291 2.51450927392929
292 2.51450927392929
293 2.51450927392929
294 3.0934730218169038
295 3.0934730218169038
296 3.0934730218169038
297 3.0934730218169038
298 1.2974319686888287
299 1.2974319686888287
300 1.2974319686888287
301 1.2974319686888287
302 2.60928466578541
303 2.60928466578541
304 2.60928466578541
305 2.60928466578541
306 1.0462958452672502
307 1.0462958452672502
308 1.0462958452672502
309 1.0462958452672502
310 1.9519167197939924
311 1.9519167197939924
312 1.9519167197939924
313 1.9519167197939924
314 3.478424986944562
315 3.478424986944562
316 3.478424986944562
317 3.478424986944562
318 2.89607317912306
319 2.89607317912306
320 2.89607317912306
321 2.89607317912306
322 1.340257317317766
323 1.340257317317766
324 1.340257317317766
325 1.340257317317766
326 0.1
327 0.1
328 0.1
329 0.1
330 2.1189298339911615
331 2.1189298339911615
332 2.1189298339911615
333 2.1189298339911615
334 1.9257744108705335
335 1.9257744108705335
336 1.9257744108705335
337 1.9257744108705335
338 2.0666612228052648
339 2.0666612228052648
340 2.0666612228052648
341 2.0666612228052648
342 1.9939878555882518
343 1.9939878555882518
344 1.9939878555882518
345 1.9939878555882518
346 1.2270487740002702
347 1.2270487740002702
348 1.2270487740002702
349 1.2270487740002702
350 0.249630687529645
351 0.249630687529645
352 0.249630687529645
353 0.249630687529645
354 2.575506230527899
355 2.575506230527899
356 2.575506230527899
357 2.575506230527899
358 1.4280748378663328
359 1.4280748378663328
360 1.4280748378663328
361 1.4280748378663328
362 1.151751715238078
363 1.151751715238078
364 1.151751715238078
365 1.151751715238078
366 2.556564160178806
367 2.556564160178806
368 2.556564160178806
369 2.556564160178806
370 1.756331590733137
371 1.756331590733137
372 1.756331590733137
373 1.756331590733137
374 2.897850055622971
375 2.897850055622971
376 2.897850055622971
377 2.897850055622971
378 1.755990114147108
379 1.755990114147108
380 1.755990114147108
381 1.755990114147108
382 1.6298254410693174
383 1.6298254410693174
384 1.6298254410693174
385 1.6298254410693174
386 2.141080304845592
387 2.141080304845592
388 2.141080304845592
389 2.141080304845592
390 1.3924636299815205
391 1.3924636299815205
392 1.3924636299815205
393 1.3924636299815205
394 1.6154348428549141
395 1.6154348428549141
396 1.6154348428549141
397 1.6154348428549141
398 2.69990258223711
399 2.69990258223711
400 2.69990258223711
401 2.69990258223711
402 1.8857089866894872
403 1.8857089866894872
404 1.8857089866894872
405 1.8857089866894872
406 2.407410212627561
407 2.407410212627561
408 2.407410212627561
409 2.407410212627561
410 2.709337458774044
411 2.709337458774044
412 2.709337458774044
413 2.709337458774044
414 2.725486140223053
415 2.725486140223053
416 2.725486140223053
417 2.725486140223053
418 2.438321103393425
419 1.8988378930712075
420 1.8988378930712075
421 1.8988378930712075
422 1.8988378930712075
423 3.384892898460236
424 3.384892898460236
425 3.384892898460236
426 2.6250395446445154
427 2.6250395446445154
428 2.6250395446445154
429 2.6250395446445154
430 2.547820666407559
431 2.547820666407559
432 2.547820666407559
433 2.547820666407559
434 3.5604871928736284
435 3.5604871928736284
436 3.5604871928736284
437 3.5604871928736284
438 3.5037323235550906
439 3.5037323235550906
440 3.5037323235550906
441 3.5037323235550906
442 3.7530589953455493
443 3.7530589953455493
444 3.7530589953455493
445 3.7530589953455493
446 1.4520954511299615
447 1.4520954511299615
448 1.4997637496347147
449 1.4997637496347147
450 1.4997637496347147
451 1.4997637496347147
452 1.484550824715736
453 1.484550824715736
454 1.484550824715736
455 1.484550824715736
456 1.1160561279254757
457 1.1160561279254757
458 1.1160561279254757
459 1.1160561279254757
460 0.7778460030982971
461 0.7778460030982971
462 0.7778460030982971
463 0.7778460030982971
464 1.5854158084169974
465 1.5854158084169974
466 1.5854158084169974
467 1.5854158084169974
468 1.5196242502684552
469 1.5196242502684552
470 1.5196242502684552
471 1.5196242502684552
472 2.1263103848686606
473 2.1263103848686606
474 2.1263103848686606
475 2.1263103848686606
476 1.7709712465854532
477 1.7709712465854532
478 1.7709712465854532
479 1.0538857138915008
480 1.0538857138915008
481 1.0538857138915008
482 1.0538857138915008
483 3.721213222050417
484 3.721213222050417
485 3.721213222050417
486 3.721213222050417
487 3.50713145460564
488 3.50713145460564
489 3.50713145460564
490 3.50713145460564
491 3.3267951106506737
492 3.3267951106506737
493 3.3267951106506737
494 3.3267951106506737
495 1.4332858328441729
496 1.4332858328441729
497 1.4332858328441729
498 1.4332858328441729
499 1.6463180901451848
500 0.9959047978677043
501 0.9959047978677043
502 0.9959047978677043
503 0.9959047978677043
504 2.196300261268579
505 2.196300261268579
506 2.196300261268579
507 2.196300261268579
508 1.8787505816992232
509 1.8787505816992232
510 1.8787505816992232
511 1.8787505816992232
512 2.9364086644201004
513 2.9364086644201004
514 2.9364086644201004
515 2.9364086644201004
516 1.5462446592273145
517 1.5462446592273145
518 1.5462446592273145
519 1.5462446592273145
520 1.780699710158315
521 1.780699710158315
522 1.780699710158315
523 1.780699710158315
524 1.7704851082700261
525 1.7704851082700261
526 1.7704851082700261
527 1.7704851082700261
528 2.5269401834905643
529 2.5269401834905643
530 2.5269401834905643
531 2.5269401834905643
532 1.42862941257235
533 1.42862941257235
534 1.42862941257235
535 1.42862941257235
536 2.5500049356447883
537 2.5500049356447883
538 2.5500049356447883
539 2.5500049356447883
540 1.341905598060793
541 1.341905598060793
542 1.341905598060793
543 1.341905598060793
544 2.707022228025444
545 2.707022228025444
546 2.707022228025444
547 2.707022228025444
548 2.158982004532622
549 2.158982004532622
550 2.158982004532622
551 2.158982004532622
552 2.36015631968965
553 2.36015631968965
554 2.36015631968965
555 2.36015631968965
556 1.96394898768569
557 1.96394898768569
558 1.96394898768569
559 1.96394898768569
560 2.2552081475757935
561 2.2552081475757935
562 2.2552081475757935
563 2.2552081475757935
564 3.2382559675339984
565 3.2382559675339984
566 3.2382559675339984
567 3.2382559675339984
568 1.3094037988858205
569 1.3094037988858205
570 1.3094037988858205
571 1.3094037988858205
572 1.9695303812900908
573 1.9695303812900908
574 1.9695303812900908
575 1.9695303812900908
576 2.788834859893429
577 2.788834859893429
578 2.788834859893429
579 2.788834859893429
580 1.933604632723182
581 1.933604632723182
582 1.933604632723182
583 2.2941693278127073
584 2.2941693278127073
585 2.2941693278127073
586 2.2941693278127073
587 2.515741662916506
588 2.515741662916506
589 2.515741662916506
590 2.515741662916506
591 3.7416062520137787
592 3.7416062520137787
593 3.7416062520137787
594 3.7416062520137787
595 4.1944718979547435
596 4.1944718979547435
597 4.1944718979547435
598 0.8440538861864123
599 0.8440538861864123
600 0.8440538861864123
601 0.8440538861864123
602 1.213614375289107
603 1.213614375289107
604 1.213614375289107
605 1.213614375289107
606 0.7205314076454189
607 0.7205314076454189
608 0.7205314076454189
609 0.7205314076454189
610 0.6422819127445903
611 0.6422819127445903
612 0.6422819127445903
613 0.6422819127445903
614 0.5037490918968233
615 0.5037490918968233
616 3.998738785008312
617 3.998738785008312
618 3.998738785008312
619 3.998738785008312
620 3.060469955763315
621 3.060469955763315
622 3.060469955763315
623 3.060469955763315
624 2.911382588784762
625 2.911382588784762
626 2.911382588784762
627 2.911382588784762
628 4.136656178654465
629 4.136656178654465
630 4.136656178654465
631 4.136656178654465
632 3.764668117991911
633 3.764668117991911
634 3.764668117991911
635 3.764668117991911
636 5.480078236184288
637 5.480078236184288
638 5.480078236184288
639 5.480078236184288
640 5.301176868754564
641 5.301176868754564
642 5.301176868754564
643 5.301176868754564
644 2.508270583695471
645 2.508270583695471
646 2.508270583695471
647 2.508270583695471
648 5.528871891436861
649 4.598353942054777
650 4.598353942054777
651 4.598353942054777
652 4.598353942054777
653 6.703683478964258
654 6.703683478964258
655 6.703683478964258
656 6.703683478964258
657 5.17723907509115
658 5.17723907509115
659 5.17723907509115
660 5.17723907509115
661 6.271613689130287
662 6.271613689130287
663 6.271613689130287
664 6.271613689130287
665 1.7761830452878717
666 1.7761830452878717
667 1.7761830452878717
668 1.7761830452878717
669 3.304080021258512
670 3.304080021258512
671 3.304080021258512
672 3.304080021258512
673 7.509590436625962
674 7.509590436625962
675 7.509590436625962
676 7.509590436625962
677 4.587589381369591
678 4.587589381369591
679 4.587589381369591
680 4.587589381369591
681 5.5880023796243545
682 5.5880023796243545
683 5.5880023796243545
684 5.5880023796243545
685 0.6152528109670042
686 0.6152528109670042
687 3.911288442195883
688 3.911288442195883
689 3.911288442195883
690 3.911288442195883
691 4.069706450038589
692 4.069706450038589
693 4.069706450038589
694 4.069706450038589
695 3.381256536355776
696 3.381256536355776
697 3.381256536355776
698 3.381256536355776
699 6.151462444414373
700 6.151462444414373
701 6.151462444414373
702 6.151462444414373
703 1.5465597813475784
704 1.5465597813475784
705 1.5465597813475784
706 0.4010343934672023
707 0.4010343934672023
708 0.4010343934672023
709 0.4010343934672023
710 0.31929555710674673
711 0.31929555710674673
712 0.31929555710674673
713 0.31929555710674673
714 0.4951051241009187
715 0.4951051241009187
716 4.350314944469113
717 4.350314944469113
718 4.350314944469113
719 4.350314944469113
720 3.5842224893800507
721 3.5842224893800507
722 3.5842224893800507
723 3.5842224893800507
724 6.168108409457239
725 6.168108409457239
726 6.168108409457239
727 6.168108409457239
728 4.399736837891139
729 4.399736837891139
730 4.399736837891139
731 4.399736837891139
732 1.800890801298533
733 1.800890801298533
734 1.800890801298533
735 1.800890801298533
736 1.265982023422282
737 1.265982023422282
738 1.265982023422282
739 1.265982023422282
740 1.2865568298304146
741 1.2865568298304146
742 1.2865568298304146
743 1.2865568298304146
744 3.7992793039836776
745 3.7992793039836776
746 3.7992793039836776
747 3.7992793039836776
748 4.4412865114773865
749 4.4412865114773865
750 4.4412865114773865
751 4.4412865114773865
752 3.079988959535706
753 3.079988959535706
754 3.079988959535706
755 3.079988959535706
756 3.1139137158411003
757 3.1139137158411003
758 3.1139137158411003
759 3.1139137158411003
760 3.3144890257503747
761 3.3144890257503747
762 3.3144890257503747
763 3.3144890257503747
764 4.289005987265476
765 4.289005987265476
766 4.289005987265476
767 4.289005987265476
768 4.892341750169011
769 4.892341750169011
770 4.892341750169011
771 4.892341750169011
772 4.34259707272939
773 4.34259707272939
774 4.34259707272939
775 4.34259707272939
776 3.3140216704097663
777 3.3140216704097663
778 3.3140216704097663
779 3.3140216704097663
780 3.505277807922079
781 3.505277807922079
782 3.505277807922079
783 3.505277807922079
784 2.3000440746514306
785 2.3000440746514306
786 2.3000440746514306
787 2.3000440746514306
788 1.472626535036904
789 1.472626535036904
790 1.472626535036904
791 1.472626535036904
792 3.7376011537084217
793 3.7376011537084217
794 3.7376011537084217
795 3.7376011537084217
796 2.8847510775249674
797 2.8847510775249674
798 2.8847510775249674
799 2.8847510775249674
800 2.1640295757135988
801 2.1640295757135988
802 2.1640295757135988
803 2.1640295757135988
804 1.8635113787725863
805 1.8635113787725863
806 1.8635113787725863
807 1.8635113787725863
808 3.6639506785015934
809 3.6639506785015934
810 3.6639506785015934
811 3.6639506785015934
812 3.641925323236733
813 3.641925323236733
814 3.641925323236733
815 3.641925323236733
816 3.9523084767311545
817 3.9523084767311545
818 3.9523084767311545
819 3.9523084767311545
820 3.1669463484447906
821 3.1669463484447906
822 3.1669463484447906
823 3.1669463484447906
824 3.9737542942266417
825 1.9939667786780038
826 1.9939667786780038
827 1.9939667786780038
828 1.9939667786780038
829 0.744182112139089
830 0.744182112139089
831 0.744182112139089
832 0.744182112139089
833 1.8252835921427415
834 1.8252835921427415
835 1.8252835921427415
836 3.1513138318878338
837 3.1513138318878338
838 3.1513138318878338
839 3.1513138318878338
840 3.691198678116445
841 3.691198678116445
842 0.44058404623229186
843 0.44058404623229186
844 0.44058404623229186
845 0.44058404623229186
846 0.5437033027092245
847 0.5437033027092245
848 0.5437033027092245
849 0.5437033027092245
850 0.9002995226593103
851 0.9002995226593103
852 0.9002995226593103
853 0.9002995226593103
854 0.5187237805277918
855 0.5187237805277918
856 0.5187237805277918
857 0.5187237805277918
858 0.7856304942776463
859 0.7856304942776463
860 0.7856304942776463
861 0.7856304942776463
862 0.42917179199632527
863 0.42917179199632527
864 0.42917179199632527
865 0.42917179199632527
866 0.5828964097091509
867 0.5828964097091509
868 0.5828964097091509
869 0.5828964097091509
870 0.9401861375281868
871 0.9401861375281868
872 0.9401861375281868
873 0.9401861375281868
874 0.47710103029698425
875 0.47710103029698425
876 0.47710103029698425
877 0.47710103029698425
878 0.6814808729564863
879 0.6814808729564863
880 0.6814808729564863
881 0.6814808729564863
882 0.8547122920452823
883 0.8547122920452823
884 0.8547122920452823
885 0.8547122920452823
886 0.46441578810166206
887 0.46441578810166206
888 0.46441578810166206
889 0.46441578810166206
890 1.0045679030063024
891 1.0045679030063024
892 1.0045679030063024
893 1.0045679030063024
894 0.5559750041782173
895 0.5559750041782173
896 0.5559750041782173
897 0.5559750041782173
898 0.4777293858131032
899 0.4777293858131032
900 0.4777293858131032
901 0.4777293858131032
902 0.8417790236659514
903 0.8417790236659514
904 0.8417790236659514
905 0.8417790236659514
906 0.2494460625120149
907 0.2494460625120149
908 0.2494460625120149
909 5.848687779655533
910 5.848687779655533
911 5.848687779655533
912 5.848687779655533
913 3.6694399328618204
914 3.6694399328618204
915 3.6694399328618204
916 3.6694399328618204
917 6.1039522900269985
918 3.477095158908017
919 3.477095158908017
920 3.477095158908017
921 3.477095158908017
922 4.758038336957178
923 4.758038336957178
924 4.758038336957178
925 4.758038336957178
926 2.6215374437577665
927 2.6215374437577665
928 2.6215374437577665
929 2.6215374437577665
930 2.7208508830760825
931 2.7208508830760825
932 2.7208508830760825
933 2.7208508830760825
934 4.43503164138065
935 4.43503164138065
936 4.43503164138065
937 4.43503164138065
938 2.74594084732932
939 2.74594084732932
940 2.74594084732932
941 2.74594084732932
942 3.600486971817295
943 1.164893421969201
944 1.164893421969201
945 1.164893421969201
946 1.164893421969201
947 1.452982780031503
948 1.452982780031503
949 1.452982780031503
950 2.23657551625885
951 2.23657551625885
952 2.23657551625885
953 2.23657551625885
954 3.023556745018605
955 3.023556745018605
956 3.023556745018605
957 3.023556745018605
958 4.3680401654784715
959 4.3680401654784715
960 4.3680401654784715
961 4.3680401654784715
962 2.6022204362350156
963 2.6022204362350156
964 2.6022204362350156
965 2.6022204362350156
966 2.7692835792881
967 2.7692835792881
968 2.7692835792881
969 2.7692835792881
970 4.190168167948044
971 4.190168167948044
972 4.190168167948044
973 4.190168167948044
974 3.4530672979229458
975 3.4530672979229458
976 3.4530672979229458
977 3.4530672979229458
978 5.111862132180697
979 5.111862132180697
980 5.111862132180697
981 5.111862132180697
982 4.282466115078606
983 4.282466115078606
984 4.282466115078606
985 4.282466115078606
986 1.4554586667761864
987 1.4554586667761864
988 1.4554586667761864
989 1.4554586667761864
990 2.369649643367401
991 2.369649643367401
992 2.369649643367401
993 2.369649643367401
994 3.2091970413066244
995 3.2091970413066244
996 3.2091970413066244
997 3.2091970413066244
998 5.599711891354952
999 5.599711891354952
1000 5.599711891354952
1001 5.599711891354952
1002 4.168025733419688
1003 4.168025733419688
1004 4.168025733419688
1005 4.168025733419688
1006 3.2922600274699785
1007 3.2922600274699785
1008 3.2922600274699785
1009 3.2922600274699785
1010 3.08659656459188
1011 3.08659656459188
1012 1.6692211034806816
1013 1.6692211034806816
1014 1.6692211034806816
1015 1.6692211034806816
1016 1.224313438194402
1017 1.224313438194402
1018 1.224313438194402
1019 1.224313438194402
1020 0.9409834589771437
1021 0.9409834589771437
1022 0.9409834589771437
1023 0.9409834589771437
1024 1.9714920513898502
1025 1.9714920513898502
1026 1.9714920513898502
1027 1.9714920513898502
1028 1.8817602227914558
1029 1.8817602227914558
1030 1.8817602227914558
1031 1.8817602227914558
1032 3.216849027121864
1033 3.216849027121864
1034 3.216849027121864
1035 0.6743928831089676
1036 0.6743928831089676
1037 0.6743928831089676
1038 0.6743928831089676
1039 0.676523569480954
1040 3.300685184112084
1041 1.0668683052822483
1042 1.0668683052822483
1043 1.0668683052822483
1044 1.0668683052822483
1045 1.1929906698825672
1046 1.1929906698825672
1047 1.1929906698825672
1048 1.1929906698825672
1049 1.3415055940589662
1050 1.3415055940589662
1051 1.3415055940589662
1052 1.3415055940589662
1053 1.582865977925745
1054 1.582865977925745
1055 1.582865977925745
1056 1.582865977925745
1057 1.017855504654
1058 1.017855504654
1059 1.017855504654
1060 1.017855504654
1061 1.5301528060596452
1062 1.5301528060596452
1063 1.5301528060596452
1064 1.5301528060596452
1065 0.7607930390220615
1066 0.7607930390220615
1067 0.7607930390220615
1068 0.7607930390220615
1069 1.2481907812989965
1070 1.2481907812989965
1071 1.2481907812989965
1072 1.2481907812989965
1073 2.3707313402888586
1074 5.8381595485426
1075 5.8381595485426
1076 5.8381595485426
1077 5.8381595485426
1078 4.299642203396633
1079 4.299642203396633
1080 4.299642203396633
1081 4.299642203396633
1082 5.514450067391165
1083 5.514450067391165
1084 5.514450067391165
1085 5.514450067391165
1086 4.098687099016623
1087 4.098687099016623
1088 4.098687099016623
1089 4.098687099016623
1090 4.738955863686056
1091 4.738955863686056
1092 4.738955863686056
1093 4.738955863686056
1094 5.330808283890089
1095 5.330808283890089
1096 5.330808283890089
1097 5.330808283890089
1098 3.269633766011462
1099 1.2748236739877852
1100 1.2748236739877852
1101 1.2748236739877852
1102 2.2582313243815637
1103 2.2582313243815637
1104 2.2582313243815637
1105 2.2582313243815637
1106 3.5256173488799156
1107 3.5256173488799156
1108 3.5256173488799156
1109 3.5256173488799156
1110 1.918059823628618
1111 1.918059823628618
1112 1.918059823628618
1113 1.918059823628618
1114 2.3559650168707384
1115 2.3559650168707384
1116 2.3559650168707384
1117 2.3559650168707384
1118 1.8995378189479013
1119 1.8995378189479013
1120 1.8995378189479013
1121 1.8995378189479013
1122 0.9562375194170392
1123 0.9562375194170392
1124 0.9562375194170392
1125 0.9562375194170392
1126 2.233477443942452
1127 2.233477443942452
1128 2.233477443942452
1129 2.233477443942452
1130 1.0660523329650946
1131 1.0660523329650946
1132 1.0660523329650946
1133 1.0660523329650946
1134 1.450155167779267
1135 1.450155167779267
1136 1.450155167779267
1137 1.450155167779267
1138 2.5270321919283467
1139 2.5270321919283467
1140 2.5270321919283467
1141 2.5270321919283467
1142 0.9956549962691088
1143 0.9956549962691088
1144 0.9956549962691088
1145 0.9956549962691088
1146 2.568375154161769
1147 2.568375154161769
1148 2.568375154161769
1149 2.568375154161769
1150 1.697653024719385
1151 1.697653024719385
1152 0.9469534933573869
1153 0.9469534933573869
1154 0.9469534933573869
1155 0.9469534933573869
1156 1.4586419712529954
1157 1.4586419712529954
1158 1.4586419712529954
1159 1.4586419712529954
1160 1.3091729683165678
1161 1.3091729683165678
1162 1.3091729683165678
1163 1.3091729683165678
1164 1.4731537397321681
1165 1.4731537397321681
1166 1.4731537397321681
1167 1.4731537397321681
1168 1.2080986183919533
1169 1.2080986183919533
1170 1.2080986183919533
1171 1.2080986183919533
1172 1.2604870121274674
1173 1.2604870121274674
1174 1.2604870121274674
1175 1.2604870121274674
1176 0.7903727003763662
1177 0.2731635501728288
1178 0.2731635501728288
1179 0.2731635501728288
1180 0.2731635501728288
1181 0.2788411706497216
1182 0.2788411706497216
1183 0.2788411706497216
1184 0.2788411706497216
1185 0.22287653321288844
1186 0.22287653321288844
1187 0.22287653321288844
1188 0.22287653321288844
1189 0.1
1190 1.3979169884765843
1191 1.3979169884765843
1192 1.3979169884765843
1193 1.3979169884765843
1194 1.9609230665165924
1195 1.9609230665165924
1196 1.9609230665165924
1197 1.9609230665165924
1198 1.3929112644498651
1199 1.3929112644498651
1200 1.3929112644498651
1201 1.3929112644498651
1202 0.8807075028447204
1203 0.8807075028447204
1204 0.8807075028447204
1205 0.8807075028447204
1206 1.461357566114466
1207 1.461357566114466
1208 1.461357566114466
1209 1.461357566114466
1210 1.5397724076006907
1211 1.5397724076006907
1212 1.5397724076006907
1213 1.5397724076006907
1214 0.6571052492109752
1215 0.6571052492109752
1216 1.4630313016234802
1217 1.4630313016234802
1218 1.4630313016234802
1219 1.4630313016234802
1220 2.417613244828358
1221 2.417613244828358
1222 2.417613244828358
1223 2.417613244828358
1224 3.601328272666895
1225 3.601328272666895
1226 3.601328272666895
1227 3.601328272666895
1228 5.398500832391882
1229 5.398500832391882
1230 5.398500832391882
1231 5.398500832391882
1232 1.0328576736651702
1233 1.0328576736651702
1234 1.0328576736651702
1235 1.0328576736651702
1236 3.0410609294250266
1237 3.0410609294250266
1238 3.0410609294250266
1239 3.0410609294250266
1240 1.8811597553557897
1241 1.8811597553557897
1242 1.8811597553557897
1243 1.8811597553557897
1244 2.1740760947869773
1245 2.1740760947869773
1246 2.1740760947869773
1247 2.1740760947869773
1248 1.3264339526630737
1249 1.3264339526630737
1250 1.3264339526630737
1251 1.3264339526630737
1252 2.8563015096823863
1253 2.8563015096823863
1254 2.8563015096823863
1255 2.8563015096823863
1256 1.6864220412797164
1257 1.6864220412797164
1258 1.6864220412797164
1259 1.6864220412797164
1260 2.079812698152856
1261 2.079812698152856
1262 2.079812698152856
1263 2.079812698152856
1264 1.5618388080385484
1265 1.5618388080385484
1266 1.5618388080385484
1267 1.5618388080385484
1268 1.3570266232437505
1269 1.3570266232437505
1270 1.3570266232437505
1271 1.3570266232437505
1272 0.6774063067973009
1273 0.6774063067973009
1274 0.6774063067973009
1275 0.6774063067973009
1276 3.0327455279006656
1277 3.0327455279006656
1278 3.0327455279006656
1279 3.0327455279006656
1280 1.2005850537136271
1281 1.2005850537136271
1282 1.2005850537136271
1283 1.2005850537136271
1284 2.159440051694098
1285 2.159440051694098
1286 2.159440051694098
1287 2.159440051694098
1288 2.1187445992338603
1289 2.1187445992338603
1290 2.1187445992338603
1291 2.1187445992338603
1292 0.8527578483400893
1293 0.8527578483400893
1294 0.8527578483400893
1295 0.8527578483400893
1296 0.31210001611615845
1297 0.31210001611615845
1298 0.31210001611615845
1299 0.31210001611615845
1300 2.042429829857004
1301 2.042429829857004
1302 2.042429829857004
1303 2.042429829857004
1304 1.3154901130741454
1305 1.3154901130741454
1306 1.3154901130741454
1307 1.3154901130741454
1308 1.9145848336781577
1309 1.9145848336781577
1310 1.9145848336781577
1311 1.9145848336781577
1312 0.38980384014626956
1313 0.38980384014626956
1314 0.38980384014626956
1315 0.38980384014626956
1316 1.394988019301348
1317 1.394988019301348
1318 1.394988019301348
1319 1.394988019301348
1320 3.7482900182867045
1321 3.7482900182867045
1322 3.7482900182867045
1323 3.7482900182867045
1324 3.964900460168918
1325 3.964900460168918
1326 3.964900460168918
1327 3.964900460168918
1328 2.7402620979217067
1329 2.7402620979217067
1330 2.2304690576819315
1331 2.2304690576819315
1332 2.2304690576819315
1333 2.952546702134451
1334 2.952546702134451
1335 0.5780480756631178
1336 0.5780480756631178
1337 0.5780480756631178
1338 0.5780480756631178
1339 1.1435356710037201
1340 1.1435356710037201
1341 1.1435356710037201
1342 1.1435356710037201
1343 1.2178284734640203
1344 1.2178284734640203
1345 1.2178284734640203
1346 1.2178284734640203
1347 0.44112206653977637
1348 0.44112206653977637
1349 0.44112206653977637
1350 0.44112206653977637
1351 1.124951711138041
1352 1.124951711138041
1353 1.124951711138041
1354 1.124951711138041
1355 0.49321169353632666
1356 0.49321169353632666
1357 0.49321169353632666
1358 0.49321169353632666
1359 1.7341943782181168
1360 1.7341943782181168
1361 1.7341943782181168
1362 1.7341943782181168
1363 1.2338744100286763
1364 1.2338744100286763
1365 1.2338744100286763
1366 1.2338744100286763
1367 0.9673140272347025
1368 0.9673140272347025
1369 0.9673140272347025
1370 0.9673140272347025
1371 1.2166141461664373
1372 1.2166141461664373
1373 1.2166141461664373
1374 2.5864352923571845
1375 2.5864352923571845
1376 2.5864352923571845
1377 2.5864352923571845
1378 1.9430088312926483
1379 1.9430088312926483
1380 1.9430088312926483
1381 1.9430088312926483
1382 1.3077681987888883
1383 1.3077681987888883
1384 6.683842428117174
1385 6.683842428117174
1386 6.683842428117174
1387 6.683842428117174
1388 1.1678287505461884
1389 1.1678287505461884
1390 1.1678287505461884
1391 1.1678287505461884
1392 3.321755375936671
1393 3.321755375936671
1394 3.321755375936671
1395 3.321755375936671
1396 3.546838620129617
1397 3.546838620129617
1398 3.546838620129617
1399 3.546838620129617
1400 1.127408065109516
1401 1.127408065109516
1402 1.127408065109516
1403 1.127408065109516
1404 5.115503631973417
1405 5.115503631973417
1406 5.115503631973417
1407 5.115503631973417
1408 5.478012417984607
1409 5.478012417984607
1410 5.478012417984607
1411 5.478012417984607
1412 1.871941820834687
1413 1.871941820834687
1414 1.871941820834687
1415 1.871941820834687
1416 0.5695559933775147
1417 0.5695559933775147
1418 0.5695559933775147
1419 0.5695559933775147
1420 1.6915231515936937
1421 1.6915231515936937
1422 1.6915231515936937
1423 1.6915231515936937
1424 4.022511260844721
1425 1.6102585516081183
1426 1.6102585516081183
1427 1.6102585516081183
1428 1.6102585516081183
1429 4.144317076796927
1430 4.144317076796927
1431 4.144317076796927
1432 4.144317076796927
1433 4.730048359365846
1434 4.730048359365846
1435 4.730048359365846
1436 4.730048359365846
1437 1.7843265749911636
1438 1.7843265749911636
1439 1.7843265749911636
1440 1.3525169185903627
1441 1.3525169185903627
1442 2.439598710072631
1443 2.439598710072631
1444 2.439598710072631
1445 2.439598710072631
1446 4.701146674398624
1447 4.701146674398624
1448 4.701146674398624
1449 4.701146674398624
1450 1.9204332429553757
1451 1.9204332429553757
1452 1.9204332429553757
1453 1.9204332429553757
1454 1.7952486058238455
1455 1.7952486058238455
1456 1.7952486058238455
1457 1.7952486058238455
1458 3.907755030422168
1459 3.907755030422168
1460 3.907755030422168
1461 3.907755030422168
1462 1.3615133051181163
1463 1.3615133051181163
1464 1.3615133051181163
1465 1.3615133051181163
1466 2.244792181726666
1467 2.244792181726666
1468 2.244792181726666
1469 2.244792181726666
1470 2.5958350271878734
1471 2.5958350271878734
1472 2.5958350271878734
1473 2.5958350271878734
1474 1.1117760182052814
1475 1.1117760182052814
1476 1.1117760182052814
1477 1.1117760182052814
1478 2.799193207844915
1479 2.799193207844915
1480 2.799193207844915
1481 2.799193207844915
1482 3.423502914216911
1483 3.423502914216911
1484 3.423502914216911
1485 2.508141278065896
1486 2.508141278065896
1487 2.508141278065896
1488 2.508141278065896
1489 2.701605534893341
1490 2.701605534893341
1491 2.701605534893341
1492 2.701605534893341
1493 0.47427254077998793
1494 0.47427254077998793
1495 0.47427254077998793
1496 0.47427254077998793
1497 2.29290766059489
1498 2.29290766059489
1499 2.29290766059489
1500 2.29290766059489
1501 0.7553796632724763
1502 0.7553796632724763
1503 0.7553796632724763
1504 0.7553796632724763
1505 1.922034127153341
1506 1.922034127153341
1507 1.922034127153341
1508 1.922034127153341
1509 1.5731701322521765
1510 1.5731701322521765
1511 1.5731701322521765
1512 1.5731701322521765
1513 1.1182312697655288
1514 1.1182312697655288
1515 1.1182312697655288
1516 1.1182312697655288
1517 1.194379528232402
1518 1.194379528232402
1519 1.194379528232402
1520 1.194379528232402
1521 1.8065175409217966
1522 1.8065175409217966
1523 1.8065175409217966
1524 0.958927628753944
1525 0.958927628753944
1526 0.958927628753944
1527 0.958927628753944
1528 1.6490834323302135
1529 1.6490834323302135
1530 1.6490834323302135
1531 1.6490834323302135
1532 1.5904621734015068
1533 1.5904621734015068
1534 1.5904621734015068
1535 1.5904621734015068
1536 2.4664098625287036
1537 2.4664098625287036
1538 2.4664098625287036
1539 2.4664098625287036
1540 1.099923705412891
1541 1.099923705412891
1542 1.099923705412891
1543 1.099923705412891
1544 1.7601156228610575
1545 1.7601156228610575
1546 1.7601156228610575
1547 1.7601156228610575
1548 2.5377968261977255
1549 2.5377968261977255
1550 2.5377968261977255
1551 2.5377968261977255
1552 3.0304930721144996
1553 3.0304930721144996
1554 3.0304930721144996
1555 3.0304930721144996
1556 5.417963243749244
1557 3.1261008876577416
1558 3.1261008876577416
1559 3.1261008876577416
1560 3.1261008876577416
1561 2.360977643969614
1562 2.360977643969614
1563 2.360977643969614
1564 2.360977643969614
1565 1.7549883493841496
1566 1.7549883493841496
1567 1.7549883493841496
1568 1.7549883493841496
1569 3.186323216060664
1570 3.186323216060664
1571 3.186323216060664
1572 3.186323216060664
1573 2.7655068837101195
1574 2.7655068837101195
1575 0.2485177527351542
1576 0.2485177527351542
1577 0.2485177527351542
1578 0.2485177527351542
1579 0.8943078244728465
1580 0.8943078244728465
1581 0.8943078244728465
1582 0.8943078244728465
1583 1.4936853025020573
1584 1.4936853025020573
1585 1.4936853025020573
1586 1.4936853025020573
1587 1.3236033755472787
1588 0.6079215764040413
1589 0.6079215764040413
1590 0.6079215764040413
1591 0.6079215764040413
1592 2.0108771166023574
1593 2.0108771166023574
1594 2.0108771166023574
1595 2.0108771166023574
1596 2.2395723074576583
1597 2.2395723074576583
1598 2.2395723074576583
1599 2.2395723074576583
1600 2.6550548276084354
1601 2.6550548276084354
1602 2.6550548276084354
1603 2.6550548276084354
1604 1.76932514186831
1605 1.76932514186831
1606 1.76932514186831
1607 1.2057820587189323
1608 1.2057820587189323
1609 1.2057820587189323
1610 1.2057820587189323
1611 1.6451338816168035
1612 1.6451338816168035
1613 1.6451338816168035
1614 0.4857489965502264
1615 0.4857489965502264
1616 0.4857489965502264
1617 0.4857489965502264
1618 0.24689519193947768
1619 0.24689519193947768
1620 0.24689519193947768
1621 0.24689519193947768
1622 0.7179243656893537
1623 0.7179243656893537
1624 0.7179243656893537
1625 0.7179243656893537
1626 0.13910074629312186
1627 0.13910074629312186
1628 0.13910074629312186
1629 0.13910074629312186
1630 0.634800397498744
1631 0.634800397498744
1632 0.634800397498744
1633 0.634800397498744
1634 0.7057038948623267
1635 0.7057038948623267
1636 0.7057038948623267
1637 0.7057038948623267
1638 0.4939636569184471
1639 0.4939636569184471
1640 0.4939636569184471
1641 0.4939636569184471
1642 1.2055285163024665
1643 1.2055285163024665
1644 1.2055285163024665
1645 1.2055285163024665
1646 0.7345567398623462
1647 0.7345567398623462
1648 0.1
1649 2.217355357740127
1650 2.217355357740127
1651 2.217355357740127
1652 2.217355357740127
1653 1.225097207513696
1654 1.225097207513696
1655 1.5621402718941546
1656 1.5621402718941546
1657 1.5621402718941546
1658 1.5621402718941546
1659 1.160618207676508
1660 1.160618207676508
1661 1.160618207676508
1662 1.160618207676508
1663 1.5280192473603647
1664 1.5280192473603647
1665 1.5280192473603647
1666 1.5280192473603647
1667 2.9422518349119544
1668 2.9422518349119544
1669 2.9422518349119544
1670 2.9422518349119544
1671 0.1
1672 0.1
1673 0.1
1674 0.1
1675 2.7911423458637223
1676 2.7911423458637223
1677 2.7911423458637223
1678 2.7911423458637223
1679 4.343640902030369
1680 4.343640902030369
1681 4.343640902030369
1682 4.343640902030369
1683 5.506325845280729
1684 5.506325845280729
1685 5.506325845280729
1686 5.506325845280729
1687 2.860989943562637
1688 2.860989943562637
1689 2.860989943562637
1690 2.860989943562637
1691 2.770501889128572
1692 2.770501889128572
1693 2.770501889128572
1694 2.770501889128572
1695 3.4560230619324845
1696 3.4560230619324845
1697 3.4560230619324845
1698 3.4560230619324845
1699 2.6559947670655655
1700 2.6559947670655655
1701 2.6559947670655655
1702 2.6559947670655655
1703 2.7736597598872215
1704 2.7736597598872215
1705 0.4948145206224851
1706 0.4948145206224851
1707 0.4948145206224851
1708 0.4948145206224851
1709 0.41295002307245887
1710 0.41295002307245887
1711 0.41295002307245887
1712 0.41295002307245887
1713 0.8786999392067416
1714 0.8786999392067416
1715 0.8786999392067416
1716 0.8786999392067416
1717 0.7977045254584934
1718 0.7977045254584934
1719 0.7977045254584934
1720 0.7977045254584934
1721 0.5932842880331406
1722 0.5932842880331406
1723 0.5932842880331406
1724 0.5932842880331406
1725 0.5300166408283004
1726 0.5300166408283004
1727 0.5300166408283004
1728 0.5300166408283004
1729 0.7331363329948373
1730 0.7331363329948373
1731 0.7331363329948373
1732 0.7331363329948373
1733 0.3877072138036111
1734 0.3877072138036111
1735 0.3877072138036111
1736 0.3877072138036111
1737 0.5812266925651168
1738 0.5812266925651168
1739 0.5812266925651168
1740 0.5812266925651168
1741 0.9016081318124685
1742 0.9016081318124685
1743 0.9016081318124685
1744 0.9016081318124685
1745 0.7330681281386849
1746 0.7330681281386849
1747 0.7330681281386849
1748 0.7330681281386849
1749 0.8136612740112963
1750 0.8136612740112963
1751 0.8136612740112963
1752 0.8136612740112963
1753 0.8124330387294669
1754 0.8124330387294669
1755 0.8124330387294669
1756 0.8124330387294669
1757 0.6487707273464908
1758 0.6487707273464908
1759 0.6487707273464908
1760 0.6487707273464908
1761 0.39119383317112055
1762 0.39119383317112055
1763 0.39119383317112055
1764 0.39119383317112055
1765 1.0247352251406494
1766 1.0247352251406494
1767 1.0247352251406494
1768 1.0247352251406494
1769 0.5267935586534787
1770 0.5267935586534787
1771 0.5267935586534787
1772 0.7219048433625259
1773 0.7219048433625259
1774 0.7219048433625259
1775 0.8414174809370444
1776 0.8414174809370444
1777 1.9897049171692887
1778 1.9897049171692887
1779 1.9897049171692887
1780 1.9897049171692887
1781 2.222135791302403
1782 2.222135791302403
1783 2.222135791302403
1784 2.222135791302403
1785 1.8787056270755014
1786 2.9282012966623387
1787 2.9282012966623387
1788 2.9282012966623387
1789 2.9282012966623387
1790 2.2429888490315983
1791 2.2429888490315983
1792 2.2429888490315983
1793 2.2429888490315983
1794 1.8141639818564546
1795 1.8141639818564546
1796 1.8141639818564546
1797 1.8141639818564546
1798 1.664040528802111
1799 1.664040528802111
1800 1.664040528802111
1801 1.664040528802111
1802 3.525281148994114
1803 5.628977775392653
1804 5.628977775392653
1805 2.2189704614559744
1806 2.2189704614559744
1807 0.6110467672987915
1808 0.6110467672987915
1809 0.6110467672987915
1810 0.6110467672987915
1811 0.6910603636980812
1812 0.6910603636980812
1813 0.6910603636980812
1814 1.1475005555156017
1815 1.1475005555156017
1816 1.1475005555156017
1817 1.1475005555156017
1818 2.8834743434863355
1819 2.8834743434863355
1820 2.8834743434863355
1821 2.8834743434863355
1822 0.7297080187894981
1823 0.7297080187894981
1824 0.7297080187894981
1825 0.7297080187894981
1826 0.8807867541532493
1827 0.8807867541532493
1828 2.049735633345534
1829 2.049735633345534
1830 2.049735633345534
1831 2.049735633345534
1832 2.178304862466845
1833 2.178304862466845
1834 2.178304862466845
1835 2.178304862466845
1836 1.9534975328579733
1837 1.9534975328579733
1838 1.9534975328579733
1839 1.9534975328579733
1840 2.254570899566433
1841 2.254570899566433
1842 2.254570899566433
1843 2.254570899566433
1844 1.0994663356759817
1845 1.0994663356759817
1846 1.0994663356759817
1847 1.0994663356759817
1848 2.0757514231542418
1849 2.0757514231542418
1850 2.0757514231542418
1851 2.0757514231542418
1852 3.6249394406224296
1853 3.6249394406224296
1854 3.6249394406224296
1855 3.6249394406224296
1856 1.701363681718694
1857 1.701363681718694
1858 1.701363681718694
1859 1.701363681718694
1860 2.613209174229981
1861 2.613209174229981
1862 2.613209174229981
1863 2.613209174229981
1864 1.669722349746519
1865 1.669722349746519
1866 1.669722349746519
1867 1.669722349746519
1868 2.7279478292152515
1869 2.7279478292152515
1870 2.7279478292152515
1871 2.7279478292152515
1872 2.3727659535163625
1873 2.3727659535163625
1874 2.3727659535163625
1875 2.3727659535163625
1876 2.3008545753392746
1877 2.3008545753392746
1878 2.3008545753392746
1879 2.3008545753392746
1880 2.478938428384199
1881 2.478938428384199
1882 2.478938428384199
1883 2.478938428384199
1884 2.644100765656116
1885 2.644100765656116
1886 2.644100765656116
1887 2.644100765656116
1888 3.053110209677925
1889 3.053110209677925
1890 3.053110209677925
1891 3.053110209677925
1892 0.7235814473210436
1893 0.7235814473210436
1894 0.7235814473210436
1895 0.7235814473210436
1896 1.3997515283881286
1897 1.3997515283881286
1898 5.390168419180851
1899 5.390168419180851
1900 5.390168419180851
1901 0.4334210301804018
1902 0.4334210301804018
1903 0.4334210301804018
1904 0.4334210301804018
1905 1.2140869460955668
1906 0.6127649748686034
1907 0.6127649748686034
1908 0.6127649748686034
1909 0.6127649748686034
1910 0.6958470525148259
1911 0.6958470525148259
1912 0.6958470525148259
1913 0.6958470525148259
1914 1.0082497763224405
1915 1.0082497763224405
1916 1.0082497763224405
1917 1.0082497763224405
1918 0.33814925657113803
1919 0.6749617292733131
1920 0.6749617292733131
1921 0.6749617292733131
1922 0.6749617292733131
1923 0.9210504496452887
1924 0.9210504496452887
1925 0.9210504496452887
1926 0.9210504496452887
1927 0.6035975007102777
1928 0.6035975007102777
1929 0.6035975007102777
1930 0.6035975007102777
1931 0.7072083328099144
1932 0.7072083328099144
1933 0.7072083328099144
1934 0.7072083328099144
1935 1.9536297391873065
1936 1.9536297391873065
1937 1.9536297391873065
1938 1.9536297391873065
1939 1.2326052178460316
1940 1.2326052178460316
1941 1.2326052178460316
1942 2.070586268504583
1943 2.070586268504583
1944 2.070586268504583
1945 2.070586268504583
1946 2.050890508983895
1947 2.050890508983895
1948 2.050890508983895
1949 2.050890508983895
1950 2.6491978158627347
1951 2.6491978158627347
1952 2.6491978158627347
1953 2.6491978158627347
1954 1.6266297478376823
1955 1.6266297478376823
1956 1.6266297478376823
1957 1.6266297478376823
1958 2.7233105853918236
1959 2.7233105853918236
1960 2.7233105853918236
1961 1.5607951777546574
1962 1.5607951777546574
1963 1.5607951777546574
1964 1.5607951777546574
1965 4.990714691519389
1966 4.990714691519389
1967 4.990714691519389
1968 4.990714691519389
1969 1.0456558923633952
1970 1.0456558923633952
1971 1.0456558923633952
1972 1.0456558923633952
1973 4.386717722344661
1974 4.386717722344661
1975 4.386717722344661
1976 4.386717722344661
1977 4.926996379997893
1978 4.926996379997893
1979 4.926996379997893
1980 4.926996379997893
1981 3.98897975826731
1982 3.98897975826731
1983 3.98897975826731
1984 1.199583006405934
1985 1.199583006405934
1986 1.199583006405934
1987 3.4783834456674443
1988 3.4783834456674443
1989 3.4783834456674443
1990 3.4783834456674443
1991 2.743240486518409
1992 2.743240486518409
1993 4.218068902205492
1994 4.218068902205492
1995 4.218068902205492
1996 4.218068902205492
1997 4.267211782815323
1998 4.267211782815323
1999 4.267211782815323
