0 1.3328653733756863
1 1.3328653733756863
2 1.3328653733756863
3 1.3328653733756863
4 1.3328653733756863
5 1.0110867503404015
6 1.0110867503404015
7 1.0110867503404015
8 1.0110867503404015
9 1.0110867503404015
10 1.775353513768696
11 1.775353513768696
12 1.775353513768696
13 1.775353513768696
14 1.775353513768696
15 1.7119496015320248
16 1.7119496015320248
17 1.7119496015320248
18 1.7119496015320248
19 1.7119496015320248
20 1.7472458693638542
21 1.7472458693638542
22 1.7472458693638542
23 1.7472458693638542
24 1.7472458693638542
25 1.683926616352271
26 1.683926616352271
27 1.683926616352271
28 1.683926616352271
29 1.683926616352271
30 1.9709586473237481
31 1.9709586473237481
32 1.9709586473237481
33 1.9709586473237481
34 1.9709586473237481
35 2.6918976109388426
36 2.6918976109388426
37 2.6918976109388426
38 2.6918976109388426
39 2.6918976109388426
40 2.308086101682408
41 2.308086101682408
42 2.308086101682408
43 2.308086101682408
44 2.308086101682408
45 1.1101988250912407
46 1.1101988250912407
47 1.1101988250912407
48 1.1101988250912407
49 1.1101988250912407
50 2.4593928663065117
51 2.4593928663065117
52 2.4593928663065117
53 2.4593928663065117
54 2.4593928663065117
55 1.9680192080000691
56 1.9680192080000691
57 1.9680192080000691
58 1.9680192080000691
59 1.9680192080000691
60 1.4679128658447211
61 1.4679128658447211
62 1.4679128658447211
63 1.4679128658447211
64 1.4679128658447211
65 3.469241747673455
66 3.469241747673455
67 3.469241747673455
68 3.469241747673455
69 3.469241747673455
70 1.4318284682979483
71 1.4318284682979483
72 1.4318284682979483
73 1.4318284682979483
74 1.4318284682979483
75 1.6004278709342683
76 1.6004278709342683
77 1.6004278709342683
78 1.6004278709342683
79 1.6004278709342683
80 1.7083971385282615
81 1.7083971385282615
82 1.7083971385282615
83 1.7083971385282615
84 1.7083971385282615
85 2.888116681782364
86 2.888116681782364
87 2.888116681782364
88 2.888116681782364
89 2.888116681782364
90 1.5348708241742868
91 1.5348708241742868
92 1.5348708241742868
93 1.5348708241742868
94 1.5348708241742868
95 2.3256662251755817
96 2.3256662251755817
97 2.3256662251755817
98 2.3256662251755817
99 2.3256662251755817
100 1.1550336459465125
101 1.1550336459465125
102 1.1550336459465125
103 1.1550336459465125
104 1.1550336459465125
105 1.9279678622745544
106 1.9279678622745544
107 1.9279678622745544
108 1.9279678622745544
109 1.9279678622745544
110 1.3639657034129589
111 1.3639657034129589
112 1.3639657034129589
113 1.3639657034129589
114 1.3639657034129589
115 1.8646028376583852
116 1.8646028376583852
117 1.8646028376583852
118 1.8646028376583852
119 1.8646028376583852
120 0.9895143471527245
121 0.9895143471527245
122 0.9895143471527245
123 0.9895143471527245
124 0.9895143471527245
125 0.3837931667570451
126 0.3837931667570451
127 0.3837931667570451
128 0.3837931667570451
129 0.3837931667570451
130 1.3966875655207422
131 1.3966875655207422
132 1.3966875655207422
133 1.3966875655207422
134 1.3966875655207422
135 1.7971228002299522
136 1.7971228002299522
137 1.7971228002299522
138 1.7971228002299522
139 1.7971228002299522
140 2.324012577108392
141 2.324012577108392
142 2.324012577108392
143 2.324012577108392
144 2.324012577108392
145 1.6383662324258046
146 1.6383662324258046
147 1.6383662324258046
148 1.6383662324258046
149 1.6383662324258046
150 1.96098626858254
151 1.96098626858254
152 1.96098626858254
153 1.96098626858254
154 1.96098626858254
155 1.8736115871249455
156 1.8736115871249455
157 1.8736115871249455
158 1.8736115871249455
159 1.8736115871249455
160 0.9725614730716031
161 0.9725614730716031
162 0.9725614730716031
163 0.9725614730716031
164 0.9725614730716031
165 1.8456258872014109
166 1.8456258872014109
167 1.8456258872014109
168 1.8456258872014109
169 1.8456258872014109
170 3.0341878716458193
171 3.0341878716458193
172 3.0341878716458193
173 3.0341878716458193
174 3.0341878716458193
175 1.8294728383830416
176 1.8294728383830416
177 1.8294728383830416
178 1.8294728383830416
179 1.8294728383830416
180 1.4137465123148405
181 1.4137465123148405
182 1.4137465123148405
183 1.4137465123148405
184 1.4137465123148405
185 1.1363749545687971
186 1.1363749545687971
187 1.1363749545687971
188 1.1363749545687971
189 1.1363749545687971
190 1.3202911076609565
191 1.3202911076609565
192 1.3202911076609565
193 1.3202911076609565
194 1.3202911076609565
195 1.8288765340627866
196 1.8288765340627866
197 1.8288765340627866
198 1.8288765340627866
199 1.8288765340627866
200 1.366992291413156
201 1.366992291413156
202 1.366992291413156
203 1.366992291413156
204 1.366992291413156
205 1.1689960084077373
206 1.1689960084077373
207 1.1689960084077373
208 1.1689960084077373
209 1.1689960084077373
210 2.491016619414463
211 2.491016619414463
212 2.491016619414463
213 2.491016619414463
214 2.491016619414463
215 2.279745622399082
216 2.279745622399082
217 2.279745622399082
218 2.279745622399082
219 2.279745622399082
220 2.652594379250961
221 2.652594379250961
222 2.652594379250961
223 2.652594379250961
224 2.652594379250961
225 2.193902183597842
226 2.193902183597842
227 2.193902183597842
228 2.193902183597842
229 2.193902183597842
230 2.139965095647787
231 2.139965095647787
232 2.139965095647787
233 2.139965095647787
234 2.139965095647787
235 1.3786938887586633
236 1.3786938887586633
237 1.3786938887586633
238 1.3786938887586633
239 1.3786938887586633
240 1.6752038238231688
241 1.6752038238231688
242 1.6752038238231688
243 1.6752038238231688
244 1.6752038238231688
245 1.4796690951880687
246 1.4796690951880687
247 1.4796690951880687
248 1.4796690951880687
249 1.4796690951880687
250 1.2991684620271746
251 1.2991684620271746
252 1.2991684620271746
253 1.2991684620271746
254 1.2991684620271746
255 1.9548545701640814
256 1.9548545701640814
257 1.9548545701640814
258 1.9548545701640814
259 1.9548545701640814
260 3.2518595888410533
261 3.2518595888410533
262 3.2518595888410533
263 3.2518595888410533
264 3.2518595888410533
265 1.843044183644121
266 1.843044183644121
267 1.843044183644121
268 1.843044183644121
269 1.843044183644121
270 1.3814253059621027
271 1.3814253059621027
272 1.3814253059621027
273 1.3814253059621027
274 1.3814253059621027
275 0.8491363543221586
276 0.8491363543221586
277 0.8491363543221586
278 0.8491363543221586
279 0.8491363543221586
280 2.290718628821777
281 2.290718628821777
282 2.290718628821777
283 2.290718628821777
284 2.290718628821777
285 1.1687779560192735
286 1.1687779560192735
287 1.1687779560192735
288 1.1687779560192735
289 1.1687779560192735
290 0.8887248296619538
291 0.8887248296619538
292 0.8887248296619538
293 0.8887248296619538
294 0.8887248296619538
295 0.1
296 0.1
297 0.1
298 0.1
299 0.1
300 2.292020318617565
301 2.292020318617565
302 2.292020318617565
303 2.292020318617565
304 2.292020318617565
305 1.3952292515995912
306 1.3952292515995912
307 1.3952292515995912
308 1.3952292515995912
309 1.3952292515995912
310 1.6166780943100563
311 1.6166780943100563
312 1.6166780943100563
313 1.6166780943100563
314 1.6166780943100563
315 1.9898900819956356
316 1.9898900819956356
317 1.9898900819956356
318 1.9898900819956356
319 1.9898900819956356
320 1.295436596010159
321 1.295436596010159
322 1.295436596010159
323 1.295436596010159
324 1.295436596010159
325 1.3046021772496856
326 1.3046021772496856
327 1.3046021772496856
328 1.3046021772496856
329 1.3046021772496856
330 1.2541838330374373
331 1.2541838330374373
332 1.2541838330374373
333 1.2541838330374373
334 1.2541838330374373
335 1.1022578099132183
336 1.1022578099132183
337 1.1022578099132183
338 1.1022578099132183
339 1.1022578099132183
340 1.519012024265329
341 1.519012024265329
342 1.519012024265329
343 1.519012024265329
344 1.519012024265329
345 1.2873317163957334
346 1.2873317163957334
347 1.2873317163957334
348 1.2873317163957334
349 1.2873317163957334
350 1.6909952123079146
351 1.6909952123079146
352 1.6909952123079146
353 1.6909952123079146
354 1.6909952123079146
355 1.9942777860108853
356 1.9942777860108853
357 1.9942777860108853
358 1.9942777860108853
359 1.9942777860108853
360 0.7125327476298405
361 0.7125327476298405
362 0.7125327476298405
363 0.7125327476298405
364 0.7125327476298405
365 1.5225710370385033
366 1.5225710370385033
367 1.5225710370385033
368 1.5225710370385033
369 1.5225710370385033
370 1.7983571876384508
371 1.7983571876384508
372 1.7983571876384508
373 1.7983571876384508
374 1.7983571876384508
375 2.2377468144315515
376 2.2377468144315515
377 2.2377468144315515
378 2.2377468144315515
379 2.2377468144315515
380 1.8525031731566761
381 1.8525031731566761
382 1.8525031731566761
383 1.8525031731566761
384 1.8525031731566761
385 1.076267708741531
386 1.076267708741531
387 1.076267708741531
388 1.076267708741531
389 1.076267708741531
390 3.139155082805223
391 3.139155082805223
392 3.139155082805223
393 3.139155082805223
394 3.139155082805223
395 1.6683471173494264
396 1.6683471173494264
397 1.6683471173494264
398 1.6683471173494264
399 1.6683471173494264
400 0.5243429073727959
401 0.5243429073727959
402 0.5243429073727959
403 0.5243429073727959
404 0.5243429073727959
405 1.0332541520028458
406 1.0332541520028458
407 1.0332541520028458
408 1.0332541520028458
409 1.0332541520028458
410 2.0219688872960684
411 2.0219688872960684
412 2.0219688872960684
413 2.0219688872960684
414 2.0219688872960684
415 1.7498275363608524
416 1.7498275363608524
417 1.7498275363608524
418 1.7498275363608524
419 1.7498275363608524
420 1.2789933044871291
421 1.2789933044871291
422 1.2789933044871291
423 1.2789933044871291
424 1.2789933044871291
425 1.9108959838235113
426 1.9108959838235113
427 1.9108959838235113
428 1.9108959838235113
429 1.9108959838235113
430 1.762995847748435
431 1.762995847748435
432 1.762995847748435
433 1.762995847748435
434 1.762995847748435
435 0.5932147584766087
436 0.5932147584766087
437 0.5932147584766087
438 0.5932147584766087
439 0.5932147584766087
440 1.7872099904730097
441 1.7872099904730097
442 1.7872099904730097
443 1.7872099904730097
444 1.7872099904730097
445 2.5733406225218585
446 2.5733406225218585
447 2.5733406225218585
448 2.5733406225218585
449 2.5733406225218585
450 0.36192903822092726
451 0.36192903822092726
452 0.36192903822092726
453 0.36192903822092726
454 0.36192903822092726
455 1.3224116301408528
456 1.3224116301408528
457 1.3224116301408528
458 1.3224116301408528
459 1.3224116301408528
460 2.091452791286865
461 2.091452791286865
462 2.091452791286865
463 2.091452791286865
464 2.091452791286865
465 1.114323955246001
466 1.114323955246001
467 1.114323955246001
468 1.114323955246001
469 1.114323955246001
470 1.1411601745698166
471 1.1411601745698166
472 1.1411601745698166
473 1.1411601745698166
474 1.1411601745698166
475 0.31705535429612697
476 0.31705535429612697
477 0.31705535429612697
478 0.31705535429612697
479 0.31705535429612697
480 2.093989295153464
481 2.093989295153464
482 2.093989295153464
483 2.093989295153464
484 2.093989295153464
485 1.4104998093806898
486 1.4104998093806898
487 1.4104998093806898
488 1.4104998093806898
489 1.4104998093806898
490 1.6551807347686853
491 1.6551807347686853
492 1.6551807347686853
493 1.6551807347686853
494 1.6551807347686853
495 0.5539652236254105
496 0.5539652236254105
497 0.5539652236254105
498 0.5539652236254105
499 0.5539652236254105
500 2.144409333240242
501 2.144409333240242
502 2.144409333240242
503 2.144409333240242
504 2.144409333240242
505 2.030997310604947
506 2.030997310604947
507 2.030997310604947
508 2.030997310604947
509 2.030997310604947
510 1.5855123513558882
511 1.5855123513558882
512 1.5855123513558882
513 1.5855123513558882
514 1.5855123513558882
515 2.050170723091997
516 2.050170723091997
517 2.050170723091997
518 2.050170723091997
519 2.050170723091997
520 1.180477161291802
521 1.180477161291802
522 1.180477161291802
523 1.180477161291802
524 1.180477161291802
525 1.0481890285695026
526 1.0481890285695026
527 1.0481890285695026
528 1.0481890285695026
529 1.0481890285695026
530 3.673298904091685
531 3.673298904091685
532 3.673298904091685
533 3.673298904091685
534 3.673298904091685
535 1.598406449543474
536 1.598406449543474
537 1.598406449543474
538 1.598406449543474
539 1.598406449543474
540 2.1237801421609945
541 2.1237801421609945
542 2.1237801421609945
543 2.1237801421609945
544 2.1237801421609945
545 1.2343380078697939
546 1.2343380078697939
547 1.2343380078697939
548 1.2343380078697939
549 1.2343380078697939
550 0.7093646366225783
551 0.7093646366225783
552 0.7093646366225783
553 0.7093646366225783
554 0.7093646366225783
555 2.26784970665129
556 2.26784970665129
557 2.26784970665129
558 2.26784970665129
559 2.26784970665129
560 1.3188490283199836
561 1.3188490283199836
562 1.3188490283199836
563 1.3188490283199836
564 1.3188490283199836
565 1.8273270805791986
566 1.8273270805791986
567 1.8273270805791986
568 1.8273270805791986
569 1.8273270805791986
570 2.100561030727465
571 2.100561030727465
572 2.100561030727465
573 2.100561030727465
574 2.100561030727465
575 1.4299843676521378
576 1.4299843676521378
577 1.4299843676521378
578 1.4299843676521378
579 1.4299843676521378
580 1.2223543817395597
581 1.2223543817395597
582 1.2223543817395597
583 1.2223543817395597
584 1.2223543817395597
585 1.2260249874822986
586 1.2260249874822986
587 1.2260249874822986
588 1.2260249874822986
589 1.2260249874822986
590 1.8337892374973066
591 1.8337892374973066
592 1.8337892374973066
593 1.8337892374973066
594 1.8337892374973066
595 1.4595426599215193
596 1.4595426599215193
597 1.4595426599215193
598 1.4595426599215193
599 1.4595426599215193
600 2.005954236316793
601 2.005954236316793
602 2.005954236316793
603 2.005954236316793
604 2.005954236316793
605 3.2483703764925047
606 3.2483703764925047
607 3.2483703764925047
608 3.2483703764925047
609 3.2483703764925047
610 1.859710296801224
611 1.859710296801224
612 1.859710296801224
613 1.859710296801224
614 1.859710296801224
615 2.415265049562203
616 2.415265049562203
617 2.415265049562203
618 2.415265049562203
619 2.415265049562203
620 6.845986958441223
621 6.845986958441223
622 6.845986958441223
623 6.845986958441223
624 6.845986958441223
625 4.025393854459289
626 4.025393854459289
627 4.025393854459289
628 4.025393854459289
629 4.025393854459289
630 5.4737122911744365
631 5.4737122911744365
632 5.4737122911744365
633 5.4737122911744365
634 5.4737122911744365
635 2.6970777854292582
636 2.6970777854292582
637 2.6970777854292582
638 2.6970777854292582
639 2.6970777854292582
640 3.795357238259452
641 3.795357238259452
642 3.795357238259452
643 3.795357238259452
644 3.795357238259452
645 3.5327653316364462
646 3.5327653316364462
647 3.5327653316364462
648 3.5327653316364462
649 3.5327653316364462
650 4.006329606828107
651 4.006329606828107
652 4.006329606828107
653 4.006329606828107
654 4.006329606828107
655 0.1
656 0.1
657 0.1
658 0.1
659 0.1
660 1.95126111362905
661 1.95126111362905
662 1.95126111362905
663 1.95126111362905
664 1.95126111362905
665 2.4504758604888592
666 2.4504758604888592
667 2.4504758604888592
668 2.4504758604888592
669 2.4504758604888592
670 3.6590553408328566
671 3.6590553408328566
672 3.6590553408328566
673 3.6590553408328566
674 3.6590553408328566
675 4.309195360747425
676 4.309195360747425
677 4.309195360747425
678 4.309195360747425
679 4.309195360747425
680 3.254217178466577
681 3.254217178466577
682 3.254217178466577
683 3.254217178466577
684 3.254217178466577
685 3.313741213219627
686 3.313741213219627
687 3.313741213219627
688 3.313741213219627
689 3.313741213219627
690 2.6903437966576904
691 2.6903437966576904
692 2.6903437966576904
693 2.6903437966576904
694 2.6903437966576904
695 4.034914682415194
696 4.034914682415194
697 4.034914682415194
698 4.034914682415194
699 4.034914682415194
700 2.6302589592602676
701 2.6302589592602676
702 2.6302589592602676
703 2.6302589592602676
704 2.6302589592602676
705 4.319779266853237
706 4.319779266853237
707 4.319779266853237
708 4.319779266853237
709 4.319779266853237
710 4.856583729247298
711 4.856583729247298
712 4.856583729247298
713 4.856583729247298
714 4.856583729247298
715 2.210258637651968
716 2.210258637651968
717 2.210258637651968
718 2.210258637651968
719 2.210258637651968
720 3.081607896249755
721 3.081607896249755
722 3.081607896249755
723 3.081607896249755
724 3.081607896249755
725 4.006616140565695
726 4.006616140565695
727 4.006616140565695
728 4.006616140565695
729 4.006616140565695
730 6.3010020842644625
731 6.3010020842644625
732 6.3010020842644625
733 6.3010020842644625
734 6.3010020842644625
735 1.8332683723385081
736 1.8332683723385081
737 1.8332683723385081
738 1.8332683723385081
739 1.8332683723385081
740 1.6890836839815762
741 1.6890836839815762
742 1.6890836839815762
743 1.6890836839815762
744 1.6890836839815762
745 2.743433159687995
746 2.743433159687995
747 2.743433159687995
748 2.743433159687995
749 2.743433159687995
750 2.808469695716191
751 2.808469695716191
752 2.808469695716191
753 2.808469695716191
754 2.808469695716191
755 3.389689391264673
756 3.389689391264673
757 3.389689391264673
758 3.389689391264673
759 3.389689391264673
760 1.1439757397839125
761 1.1439757397839125
762 1.1439757397839125
763 1.1439757397839125
764 1.1439757397839125
765 4.520743068000744
766 4.520743068000744
767 4.520743068000744
768 4.520743068000744
769 4.520743068000744
770 4.0265095311566546
771 4.0265095311566546
772 4.0265095311566546
773 4.0265095311566546
774 4.0265095311566546
775 2.4791160069845346
776 2.4791160069845346
777 2.4791160069845346
778 2.4791160069845346
779 2.4791160069845346
780 3.22167221950548
781 3.22167221950548
782 3.22167221950548
783 3.22167221950548
784 3.22167221950548
785 3.600611053551888
786 3.600611053551888
787 3.600611053551888
788 3.600611053551888
789 3.600611053551888
790 5.335883239223652
791 5.335883239223652
792 5.335883239223652
793 5.335883239223652
794 5.335883239223652
795 5.7165780040098895
796 5.7165780040098895
797 5.7165780040098895
798 5.7165780040098895
799 5.7165780040098895
800 2.4301358730605673
801 2.4301358730605673
802 2.4301358730605673
803 2.4301358730605673
804 2.4301358730605673
805 2.5506179243158202
806 2.5506179243158202
807 2.5506179243158202
808 2.5506179243158202
809 2.5506179243158202
810 4.363246606771014
811 4.363246606771014
812 4.363246606771014
813 4.363246606771014
814 4.363246606771014
815 2.968583505955793
816 2.968583505955793
817 2.968583505955793
818 2.968583505955793
819 2.968583505955793
820 1.9022521317953998
821 1.9022521317953998
822 1.9022521317953998
823 1.9022521317953998
824 1.9022521317953998
825 3.891809241378856
826 3.891809241378856
827 3.891809241378856
828 3.891809241378856
829 3.891809241378856
830 3.476498643103254
831 3.476498643103254
832 3.476498643103254
833 3.476498643103254
834 3.476498643103254
835 5.8534275768893025
836 5.8534275768893025
837 5.8534275768893025
838 5.8534275768893025
839 5.8534275768893025
840 3.139277434093419
841 3.139277434093419
842 3.139277434093419
843 3.139277434093419
844 3.139277434093419
845 3.2690123691016666
846 3.2690123691016666
847 3.2690123691016666
848 3.2690123691016666
849 3.2690123691016666
850 3.5440014063460685
851 3.5440014063460685
852 3.5440014063460685
853 3.5440014063460685
854 3.5440014063460685
855 6.447124362494092
856 6.447124362494092
857 6.447124362494092
858 6.447124362494092
859 6.447124362494092
860 4.83533333183112
861 4.83533333183112
862 4.83533333183112
863 4.83533333183112
864 4.83533333183112
865 4.230756236707855
866 4.230756236707855
867 4.230756236707855
868 4.230756236707855
869 4.230756236707855
870 3.0644954706171417
871 3.0644954706171417
872 3.0644954706171417
873 3.0644954706171417
874 3.0644954706171417
875 5.104851936479694
876 5.104851936479694
877 5.104851936479694
878 5.104851936479694
879 5.104851936479694
880 0.14205910097617025
881 0.14205910097617025
882 0.14205910097617025
883 0.14205910097617025
884 0.14205910097617025
885 2.4912842730596427
886 2.4912842730596427
887 2.4912842730596427
888 2.4912842730596427
889 2.4912842730596427
890 3.6869497649241305
891 3.6869497649241305
892 3.6869497649241305
893 3.6869497649241305
894 3.6869497649241305
895 3.9439748836238584
896 3.9439748836238584
897 3.9439748836238584
898 3.9439748836238584
899 3.9439748836238584
900 5.145975710151338
901 5.145975710151338
902 5.145975710151338
903 5.145975710151338
904 5.145975710151338
905 1.2148636641139663
906 1.2148636641139663
907 1.2148636641139663
908 1.2148636641139663
909 1.2148636641139663
910 1.1582895722428805
911 1.1582895722428805
912 1.1582895722428805
913 1.1582895722428805
914 1.1582895722428805
915 1.8560873926843637
916 1.8560873926843637
917 1.8560873926843637
918 1.8560873926843637
919 1.8560873926843637
920 6.37129953391873
921 6.37129953391873
922 6.37129953391873
923 6.37129953391873
924 6.37129953391873
925 3.0075459051890165
926 3.0075459051890165
927 3.0075459051890165
928 3.0075459051890165
929 3.0075459051890165
930 6.5179279372511445
931 6.5179279372511445
932 6.5179279372511445
933 6.5179279372511445
934 6.5179279372511445
935 5.213186098954219
936 5.213186098954219
937 5.213186098954219
938 5.213186098954219
939 5.213186098954219
940 6.1067291306824725
941 6.1067291306824725
942 6.1067291306824725
943 6.1067291306824725
944 6.1067291306824725
945 4.458007652537705
946 4.458007652537705
947 4.458007652537705
948 4.458007652537705
949 4.458007652537705
950 5.147824187588253
951 5.147824187588253
952 5.147824187588253
953 5.147824187588253
954 5.147824187588253
955 3.8342975806583555
956 3.8342975806583555
957 3.8342975806583555
958 3.8342975806583555
959 3.8342975806583555
960 2.5880792944664797
961 2.5880792944664797
962 2.5880792944664797
963 2.5880792944664797
964 2.5880792944664797
965 1.580941336195658
966 1.580941336195658
967 1.580941336195658
968 1.580941336195658
969 1.580941336195658
970 1.2598314495196266
971 1.2598314495196266
972 1.2598314495196266
973 1.2598314495196266
974 1.2598314495196266
975 2.069098970759885
976 2.069098970759885
977 2.069098970759885
978 2.069098970759885
979 2.069098970759885
980 2.6290516525401815
981 2.6290516525401815
982 2.6290516525401815
983 2.6290516525401815
984 2.6290516525401815
985 1.3761273126654459
986 1.3761273126654459
987 1.3761273126654459
988 1.3761273126654459
989 1.3761273126654459
990 2.1871768515758605
991 2.1871768515758605
992 2.1871768515758605
993 2.1871768515758605
994 2.1871768515758605
995 3.0699122848638765
996 3.0699122848638765
997 3.0699122848638765
998 3.0699122848638765
999 3.0699122848638765
1000 1.6259529356967892
1001 1.6259529356967892
1002 1.6259529356967892
1003 1.6259529356967892
1004 1.6259529356967892
1005 2.7515177649181237
1006 2.7515177649181237
1007 2.7515177649181237
1008 2.7515177649181237
1009 2.7515177649181237
1010 2.620907613768851
1011 2.620907613768851
1012 2.620907613768851
1013 2.620907613768851
1014 2.620907613768851
1015 3.3118783078049097
1016 3.3118783078049097
1017 3.3118783078049097
1018 3.3118783078049097
1019 3.3118783078049097
1020 1.8984351474084091
1021 1.8984351474084091
1022 1.8984351474084091
1023 1.8984351474084091
1024 1.8984351474084091
1025 2.6636208180270815
1026 2.6636208180270815
1027 2.6636208180270815
1028 2.6636208180270815
1029 2.6636208180270815
1030 0.5856109904753533
1031 0.5856109904753533
1032 0.5856109904753533
1033 0.5856109904753533
1034 0.5856109904753533
1035 1.996430201919964
1036 1.996430201919964
1037 1.996430201919964
1038 1.996430201919964
1039 1.996430201919964
1040 1.0632810530525874
1041 1.0632810530525874
1042 1.0632810530525874
1043 1.0632810530525874
1044 1.0632810530525874
1045 3.611559304010184
1046 3.611559304010184
1047 3.611559304010184
1048 3.611559304010184
1049 3.611559304010184
1050 2.7364460829576247
1051 2.7364460829576247
1052 2.7364460829576247
1053 2.7364460829576247
1054 2.7364460829576247
1055 0.1
1056 0.1
1057 0.1
1058 0.1
1059 0.1
1060 3.5840104068030634
1061 3.5840104068030634
1062 3.5840104068030634
1063 3.5840104068030634
1064 3.5840104068030634
1065 2.131809116104039
1066 2.131809116104039
1067 2.131809116104039
1068 2.131809116104039
1069 2.131809116104039
1070 2.4685221467782643
1071 2.4685221467782643
1072 2.4685221467782643
1073 2.4685221467782643
1074 2.4685221467782643
1075 2.6358916501392566
1076 2.6358916501392566
1077 2.6358916501392566
1078 2.6358916501392566
1079 2.6358916501392566
1080 4.174585481788556
1081 4.174585481788556
1082 4.174585481788556
1083 4.174585481788556
1084 4.174585481788556
1085 1.0741488393909733
1086 1.0741488393909733
1087 1.0741488393909733
1088 1.0741488393909733
1089 1.0741488393909733
1090 2.3697707031226876
1091 2.3697707031226876
1092 2.3697707031226876
1093 2.3697707031226876
1094 2.3697707031226876
1095 2.742076555085919
1096 2.742076555085919
1097 2.742076555085919
1098 2.742076555085919
1099 2.742076555085919
1100 2.3282310963486443
1101 2.3282310963486443
1102 2.3282310963486443
1103 2.3282310963486443
1104 2.3282310963486443
1105 2.5841582696103194
1106 2.5841582696103194
1107 2.5841582696103194
1108 2.5841582696103194
1109 2.5841582696103194
1110 2.855655118628486
1111 2.855655118628486
1112 2.855655118628486
1113 2.855655118628486
1114 2.855655118628486
1115 2.2800721627064533
1116 2.2800721627064533
1117 0.1
1118 0.1
1119 0.1
1120 0.1
1121 0.1
1122 4.394061047025708
1123 4.394061047025708
1124 4.394061047025708
1125 4.394061047025708
1126 4.394061047025708
1127 3.123928294533327
1128 3.123928294533327
1129 3.123928294533327
1130 3.123928294533327
1131 3.123928294533327
1132 2.5494478773026437
1133 2.5494478773026437
1134 2.5494478773026437
1135 2.5494478773026437
1136 2.5494478773026437
1137 2.828822051489195
1138 2.828822051489195
1139 2.828822051489195
1140 2.828822051489195
1141 2.828822051489195
1142 4.351359137215702
1143 4.351359137215702
1144 4.351359137215702
1145 4.351359137215702
1146 4.351359137215702
1147 2.6749183559971965
1148 2.6749183559971965
1149 2.6749183559971965
1150 2.6749183559971965
1151 2.6749183559971965
1152 2.6735667787689192
1153 2.6735667787689192
1154 2.6735667787689192
1155 2.6735667787689192
1156 2.6735667787689192
1157 1.9122799158117685
1158 1.9122799158117685
1159 1.9122799158117685
1160 1.9122799158117685
1161 1.9122799158117685
1162 0.9298494361595155
1163 0.9298494361595155
1164 0.9298494361595155
1165 0.9298494361595155
1166 0.9298494361595155
1167 0.3941842800574409
1168 0.3941842800574409
1169 0.3941842800574409
1170 0.3941842800574409
1171 0.3941842800574409
1172 3.7140615602265186
1173 3.7140615602265186
1174 3.7140615602265186
1175 3.7140615602265186
1176 3.7140615602265186
1177 3.591194317539948
1178 3.591194317539948
1179 3.591194317539948
1180 3.591194317539948
1181 3.591194317539948
1182 1.2674026223267605
1183 1.2674026223267605
1184 1.2674026223267605
1185 1.2674026223267605
1186 1.2674026223267605
1187 1.0744819818100129
1188 1.0744819818100129
1189 1.0744819818100129
1190 1.0744819818100129
1191 1.0744819818100129
1192 5.009064887425974
1193 5.009064887425974
1194 5.009064887425974
1195 5.009064887425974
1196 5.009064887425974
1197 3.3550866697989754
1198 3.3550866697989754
1199 3.3550866697989754
1200 3.3550866697989754
1201 3.3550866697989754
1202 0.31527464740459044
1203 0.31527464740459044
1204 0.31527464740459044
1205 0.31527464740459044
1206 0.31527464740459044
1207 3.4697657739331307
1208 3.4697657739331307
1209 3.4697657739331307
1210 3.4697657739331307
1211 3.4697657739331307
1212 4.8158912680912005
1213 4.8158912680912005
1214 4.8158912680912005
1215 4.8158912680912005
1216 4.8158912680912005
1217 2.2646571794021693
1218 2.2646571794021693
1219 2.2646571794021693
1220 2.2646571794021693
1221 2.2646571794021693
1222 5.040769355078583
1223 5.040769355078583
1224 5.040769355078583
1225 5.040769355078583
1226 5.040769355078583
1227 2.0811104417803836
1228 2.0811104417803836
1229 2.0811104417803836
1230 2.0811104417803836
1231 2.0811104417803836
1232 2.5467867883828568
1233 2.5467867883828568
1234 2.5467867883828568
1235 2.5467867883828568
1236 2.5467867883828568
1237 2.821917615448057
1238 2.821917615448057
1239 2.821917615448057
1240 2.821917615448057
1241 2.821917615448057
1242 2.8716607689240337
1243 2.8716607689240337
1244 2.8716607689240337
1245 2.8716607689240337
1246 2.8716607689240337
1247 2.0912234460125694
1248 2.0912234460125694
1249 2.0912234460125694
1250 2.0912234460125694
1251 2.0912234460125694
1252 1.8726642177604083
1253 1.8726642177604083
1254 1.8726642177604083
1255 1.8726642177604083
1256 1.8726642177604083
1257 4.392178092774176
1258 4.392178092774176
1259 4.392178092774176
1260 4.392178092774176
1261 4.392178092774176
1262 1.1500556413051937
1263 1.1500556413051937
1264 1.1500556413051937
1265 1.1500556413051937
1266 1.1500556413051937
1267 3.8484112528032304
1268 3.8484112528032304
1269 3.8484112528032304
1270 3.8484112528032304
1271 3.8484112528032304
1272 3.5888733304035325
1273 3.5888733304035325
1274 3.5888733304035325
1275 3.5888733304035325
1276 3.5888733304035325
1277 4.299174218525353
1278 4.299174218525353
1279 4.299174218525353
1280 4.299174218525353
1281 4.299174218525353
1282 3.730201775661543
1283 3.730201775661543
1284 3.730201775661543
1285 3.730201775661543
1286 3.730201775661543
1287 2.931507353966585
1288 2.931507353966585
1289 2.931507353966585
1290 2.931507353966585
1291 2.931507353966585
1292 3.687562873707372
1293 3.687562873707372
1294 3.687562873707372
1295 3.687562873707372
1296 3.687562873707372
1297 4.412295526912451
1298 4.412295526912451
1299 4.412295526912451
1300 4.412295526912451
1301 4.412295526912451
1302 3.8272135516893293
1303 3.8272135516893293
1304 3.8272135516893293
1305 3.8272135516893293
1306 3.8272135516893293
1307 2.261560062173062
1308 2.261560062173062
1309 2.261560062173062
1310 2.261560062173062
1311 2.261560062173062
1312 3.0339423799856466
1313 3.0339423799856466
1314 3.0339423799856466
1315 3.0339423799856466
1316 3.0339423799856466
1317 1.8644945333258005
1318 1.8644945333258005
1319 1.8644945333258005
1320 1.8644945333258005
1321 1.8644945333258005
1322 4.3722260513582665
1323 4.3722260513582665
1324 4.3722260513582665
1325 4.3722260513582665
1326 4.3722260513582665
1327 3.923639156278487
1328 3.923639156278487
1329 3.923639156278487
1330 3.923639156278487
1331 3.923639156278487
1332 3.326790794211275
1333 3.326790794211275
1334 3.326790794211275
1335 3.326790794211275
1336 3.326790794211275
1337 4.25882195316096
1338 4.25882195316096
1339 4.25882195316096
1340 4.25882195316096
1341 4.25882195316096
1342 1.4314144154701711
1343 1.4314144154701711
1344 1.4314144154701711
1345 1.4314144154701711
1346 1.4314144154701711
1347 3.7800974886838468
1348 3.7800974886838468
1349 3.7800974886838468
1350 3.7800974886838468
1351 3.7800974886838468
1352 4.020429285448211
1353 4.020429285448211
1354 4.020429285448211
1355 4.020429285448211
1356 4.020429285448211
1357 2.87644771853724
1358 2.87644771853724
1359 5.726977348097101
1360 5.726977348097101
1361 5.726977348097101
1362 5.726977348097101
1363 5.726977348097101
1364 5.286420866508603
1365 5.286420866508603
1366 5.286420866508603
1367 5.286420866508603
1368 5.286420866508603
1369 4.965439633566087
1370 4.965439633566087
1371 4.965439633566087
1372 4.965439633566087
1373 4.965439633566087
1374 5.907679723689338
1375 5.907679723689338
1376 5.907679723689338
1377 5.907679723689338
1378 5.907679723689338
1379 3.5029906538099778
1380 3.5029906538099778
1381 3.5029906538099778
1382 3.5029906538099778
1383 3.5029906538099778
1384 2.6619634714278737
1385 2.6619634714278737
1386 2.6619634714278737
1387 2.6619634714278737
1388 2.6619634714278737
1389 4.875919297145328
1390 4.875919297145328
1391 4.875919297145328
1392 4.875919297145328
1393 4.875919297145328
1394 6.290922527841753
1395 6.290922527841753
1396 6.290922527841753
1397 6.290922527841753
1398 6.290922527841753
1399 3.852394503637361
1400 3.852394503637361
1401 3.852394503637361
1402 3.852394503637361
1403 3.852394503637361
1404 2.76542827270943
1405 2.76542827270943
1406 2.76542827270943
1407 2.76542827270943
1408 2.76542827270943
1409 5.031729122626946
1410 5.031729122626946
1411 5.031729122626946
1412 5.031729122626946
1413 5.031729122626946
1414 6.244162595681043
1415 6.244162595681043
1416 6.244162595681043
1417 6.244162595681043
1418 6.244162595681043
1419 5.383797201571695
1420 5.383797201571695
1421 5.383797201571695
1422 5.383797201571695
1423 5.383797201571695
1424 5.158838726983209
1425 5.158838726983209
1426 5.158838726983209
1427 5.158838726983209
1428 5.158838726983209
1429 1.640486440441859
1430 1.640486440441859
1431 1.640486440441859
1432 1.640486440441859
1433 1.640486440441859
1434 1.515772857634175
1435 1.515772857634175
1436 1.515772857634175
1437 1.515772857634175
1438 1.515772857634175
1439 3.3627150455081827
1440 3.3627150455081827
1441 3.3627150455081827
1442 3.3627150455081827
1443 3.3627150455081827
1444 4.977605693449876
1445 4.977605693449876
1446 4.977605693449876
1447 4.977605693449876
1448 4.977605693449876
1449 5.040272231869301
1450 5.040272231869301
1451 5.040272231869301
1452 5.040272231869301
1453 5.040272231869301
1454 3.221209207823765
1455 3.221209207823765
1456 3.221209207823765
1457 1.7844427975241863
1458 1.7844427975241863
1459 1.7844427975241863
1460 1.7844427975241863
1461 1.7844427975241863
1462 2.857837912626254
1463 2.857837912626254
1464 2.857837912626254
1465 2.857837912626254
1466 2.857837912626254
1467 2.245761612699928
1468 2.245761612699928
1469 2.245761612699928
1470 2.245761612699928
1471 2.245761612699928
1472 2.7667230057027026
1473 2.7667230057027026
1474 2.7667230057027026
1475 2.7667230057027026
1476 2.7667230057027026
1477 2.499753174450416
1478 2.499753174450416
1479 2.499753174450416
1480 2.499753174450416
1481 2.499753174450416
1482 3.2982450332365483
1483 3.2982450332365483
1484 3.2982450332365483
1485 3.2982450332365483
1486 3.2982450332365483
1487 0.9449262920298598
1488 0.9449262920298598
1489 0.9449262920298598
1490 0.9449262920298598
1491 0.9449262920298598
1492 4.774856889084631
1493 4.774856889084631
1494 4.774856889084631
1495 4.774856889084631
1496 4.774856889084631
1497 3.0375851234816635
1498 3.0375851234816635
1499 3.0375851234816635
1500 3.0375851234816635
1501 3.0375851234816635
1502 2.01020328260448
1503 2.01020328260448
1504 2.01020328260448
1505 2.01020328260448
1506 2.01020328260448
1507 0.9672161652092268
1508 0.9672161652092268
1509 0.9672161652092268
1510 0.9672161652092268
1511 0.9672161652092268
1512 1.4710349161384786
1513 1.4710349161384786
1514 1.4710349161384786
1515 1.4710349161384786
1516 1.4710349161384786
1517 0.1
1518 0.1
1519 0.1
1520 0.1
1521 0.1
1522 2.647379323525968
1523 2.647379323525968
1524 2.647379323525968
1525 2.647379323525968
1526 2.647379323525968
1527 2.4384193003760966
1528 2.4384193003760966
1529 2.4384193003760966
1530 2.4384193003760966
1531 2.4384193003760966
1532 3.2747652881580507
1533 3.2747652881580507
1534 3.2747652881580507
1535 3.2747652881580507
1536 3.2747652881580507
1537 1.7398450418456917
1538 1.7398450418456917
1539 1.7398450418456917
1540 1.7398450418456917
1541 1.7398450418456917
1542 4.486409619404199
1543 4.486409619404199
1544 4.486409619404199
1545 4.486409619404199
1546 4.486409619404199
1547 3.6212660410218835
1548 3.6212660410218835
1549 3.6212660410218835
1550 3.6212660410218835
1551 3.6212660410218835
1552 3.147522761209104
1553 3.147522761209104
1554 3.147522761209104
1555 3.147522761209104
1556 3.147522761209104
1557 0.6238940545020739
1558 0.6238940545020739
1559 0.6238940545020739
1560 0.6238940545020739
1561 0.6238940545020739
1562 1.6756875309455594
1563 1.6756875309455594
1564 1.6756875309455594
1565 1.6756875309455594
1566 1.6756875309455594
1567 2.0814844643830117
1568 2.0814844643830117
1569 2.0814844643830117
1570 2.0814844643830117
1571 2.0814844643830117
1572 3.133053192528261
1573 3.133053192528261
1574 3.133053192528261
1575 3.133053192528261
1576 3.133053192528261
1577 2.4974308741781006
1578 2.4974308741781006
1579 2.4974308741781006
1580 2.4974308741781006
1581 2.4974308741781006
1582 4.55539863714087
1583 4.55539863714087
1584 4.55539863714087
1585 4.55539863714087
1586 4.55539863714087
1587 3.2970962202202463
1588 3.2970962202202463
1589 3.2970962202202463
1590 3.2970962202202463
1591 3.2970962202202463
1592 2.966835645879886
1593 2.966835645879886
1594 2.966835645879886
1595 2.966835645879886
1596 2.966835645879886
1597 2.187099822796154
1598 2.187099822796154
1599 2.187099822796154
1600 2.187099822796154
1601 2.187099822796154
1602 1.489006554741246
1603 1.489006554741246
1604 1.489006554741246
1605 1.489006554741246
1606 1.489006554741246
1607 4.247644159354131
1608 4.247644159354131
1609 4.247644159354131
1610 4.247644159354131
1611 4.247644159354131
1612 3.253426788553243
1613 3.253426788553243
1614 3.253426788553243
1615 3.253426788553243
1616 3.253426788553243
1617 3.6288438073453806
1618 3.6288438073453806
1619 3.6288438073453806
1620 3.6288438073453806
1621 3.6288438073453806
1622 3.3910724741702083
1623 3.3910724741702083
1624 3.3910724741702083
1625 3.3910724741702083
1626 3.3910724741702083
1627 5.938666752807438
1628 5.938666752807438
1629 5.938666752807438
1630 5.938666752807438
1631 5.938666752807438
1632 1.3319072794558307
1633 1.3319072794558307
1634 1.3319072794558307
1635 1.3319072794558307
1636 1.3319072794558307
1637 4.484049900839888
1638 4.484049900839888
1639 4.484049900839888
1640 4.484049900839888
1641 4.484049900839888
1642 2.6395439522350292
1643 2.6395439522350292
1644 2.6395439522350292
1645 2.6395439522350292
1646 2.6395439522350292
1647 3.433805591050737
1648 3.433805591050737
1649 3.433805591050737
1650 3.433805591050737
1651 3.433805591050737
1652 2.660249008530873
1653 2.660249008530873
1654 2.660249008530873
1655 2.660249008530873
1656 2.660249008530873
1657 2.3431866367111716
1658 2.3431866367111716
1659 2.3431866367111716
1660 2.3431866367111716
1661 2.3431866367111716
1662 3.2492643149062075
1663 3.2492643149062075
1664 3.2492643149062075
1665 3.2492643149062075
1666 3.2492643149062075
1667 1.7035152812038195
1668 1.7035152812038195
1669 1.7035152812038195
1670 1.7035152812038195
1671 1.7035152812038195
1672 3.1304096904788405
1673 3.1304096904788405
1674 3.1304096904788405
1675 3.1304096904788405
1676 3.1304096904788405
1677 0.1
1678 0.1
1679 0.1
1680 0.1
1681 0.1
1682 2.615441329509721
1683 2.615441329509721
1684 2.615441329509721
1685 2.615441329509721
1686 2.615441329509721
1687 0.8549790969606077
1688 0.8549790969606077
1689 0.8549790969606077
1690 0.8549790969606077
1691 0.8549790969606077
1692 1.2965998086196249
1693 1.2965998086196249
1694 1.2965998086196249
1695 1.2965998086196249
1696 1.2965998086196249
1697 3.6812309406526955
1698 3.6812309406526955
1699 3.6812309406526955
1700 3.6812309406526955
1701 3.6812309406526955
1702 3.9244310653490246
1703 3.9244310653490246
1704 3.9244310653490246
1705 3.9244310653490246
1706 3.9244310653490246
1707 3.5583143103601573
1708 3.5583143103601573
1709 3.5583143103601573
1710 3.5583143103601573
1711 3.5583143103601573
1712 2.6628605758216244
1713 2.6628605758216244
1714 2.6628605758216244
1715 2.6628605758216244
1716 2.6628605758216244
1717 3.331591259301381
1718 3.331591259301381
1719 3.331591259301381
1720 3.331591259301381
1721 3.331591259301381
1722 3.0888209062100374
1723 3.0888209062100374
1724 3.0888209062100374
1725 3.0888209062100374
1726 3.0888209062100374
1727 1.3100132572320713
1728 1.3100132572320713
1729 1.3100132572320713
1730 1.3100132572320713
1731 1.3100132572320713
1732 3.4920729450831614
1733 3.4920729450831614
1734 3.4920729450831614
1735 3.4920729450831614
1736 3.4920729450831614
1737 3.808531332843569
1738 3.808531332843569
1739 3.808531332843569
1740 3.808531332843569
1741 3.808531332843569
1742 3.9576904276667504
1743 3.9576904276667504
1744 3.9576904276667504
1745 3.9576904276667504
1746 3.9576904276667504
1747 2.6932353982465185
1748 2.6932353982465185
1749 2.6932353982465185
1750 2.6932353982465185
1751 2.6932353982465185
1752 1.9673903845599288
1753 1.9673903845599288
1754 1.9673903845599288
1755 1.9673903845599288
1756 1.9673903845599288
1757 2.5796949638285875
1758 2.5796949638285875
1759 0.1372479583289039
1760 0.1372479583289039
1761 0.1372479583289039
1762 0.1372479583289039
1763 0.1372479583289039
1764 1.4743154027823375
1765 1.4743154027823375
1766 1.4743154027823375
1767 1.4743154027823375
1768 1.4743154027823375
1769 0.8753752862932311
1770 0.8753752862932311
1771 0.8753752862932311
1772 0.8753752862932311
1773 0.8753752862932311
1774 1.804236515127823
1775 1.804236515127823
1776 1.804236515127823
1777 1.804236515127823
1778 1.804236515127823
1779 1.165760153071024
1780 1.165760153071024
1781 1.165760153071024
1782 1.165760153071024
1783 1.165760153071024
1784 1.0516226451235406
1785 1.0516226451235406
1786 1.0516226451235406
1787 1.0516226451235406
1788 1.0516226451235406
1789 0.9035371546925222
1790 0.9035371546925222
1791 0.9035371546925222
1792 0.9035371546925222
1793 0.9035371546925222
1794 1.3422573382612144
1795 1.3422573382612144
1796 1.3422573382612144
1797 1.3422573382612144
1798 1.3422573382612144
1799 1.1522342495103057
1800 1.1522342495103057
1801 1.1522342495103057
1802 1.1522342495103057
1803 1.1522342495103057
1804 1.8938407331015137
1805 1.8938407331015137
1806 1.8938407331015137
1807 1.8938407331015137
1808 1.8938407331015137
1809 0.5813683420276694
1810 0.5813683420276694
1811 0.5813683420276694
1812 0.5813683420276694
1813 0.5813683420276694
1814 1.325817103198026
1815 1.325817103198026
1816 1.325817103198026
1817 1.325817103198026
1818 1.325817103198026
1819 0.9496594391376146
1820 0.9496594391376146
1821 0.9496594391376146
1822 0.9496594391376146
1823 0.9496594391376146
1824 3.5734362572670397
1825 3.5734362572670397
1826 3.5734362572670397
1827 3.5734362572670397
1828 3.5734362572670397
1829 1.7125048034863615
1830 1.7125048034863615
1831 1.7125048034863615
1832 1.7125048034863615
1833 1.7125048034863615
1834 2.6431779536322035
1835 2.6431779536322035
1836 2.6431779536322035
1837 2.6431779536322035
1838 2.6431779536322035
1839 2.574319068474116
1840 2.574319068474116
1841 2.574319068474116
1842 2.574319068474116
1843 2.574319068474116
1844 3.2834969903831617
1845 3.2834969903831617
1846 3.2834969903831617
1847 3.2834969903831617
1848 3.2834969903831617
1849 1.3099755439690268
1850 1.3099755439690268
1851 1.3099755439690268
1852 1.3099755439690268
1853 1.3099755439690268
1854 2.2701351222784547
1855 2.2701351222784547
1856 2.2701351222784547
1857 2.2701351222784547
1858 2.2701351222784547
1859 4.327622286435481
1860 4.327622286435481
1861 4.327622286435481
1862 4.327622286435481
1863 4.327622286435481
1864 3.810474452102139
1865 3.810474452102139
1866 3.810474452102139
1867 3.810474452102139
1868 3.810474452102139
1869 0.1
1870 0.1
1871 0.1
1872 0.1
1873 0.1
1874 4.059940357575057
1875 4.059940357575057
1876 4.059940357575057
1877 4.059940357575057
1878 4.059940357575057
1879 2.155220028949615
1880 2.155220028949615
1881 2.155220028949615
1882 2.155220028949615
1883 2.155220028949615
1884 0.4156606793331932
1885 0.4156606793331932
1886 0.4156606793331932
1887 0.4156606793331932
1888 0.4156606793331932
1889 4.178167190241653
1890 4.178167190241653
1891 4.178167190241653
1892 4.178167190241653
1893 4.178167190241653
1894 4.1161183611614245
1895 4.1161183611614245
1896 4.1161183611614245
1897 4.1161183611614245
1898 4.1161183611614245
1899 3.1875461672975103
1900 3.1875461672975103
1901 3.1875461672975103
1902 3.1875461672975103
1903 3.1875461672975103
1904 5.406421952108946
1905 5.406421952108946
1906 5.406421952108946
1907 5.406421952108946
1908 5.406421952108946
1909 1.3596964548717207
1910 1.3596964548717207
1911 1.3596964548717207
1912 1.3596964548717207
1913 1.3596964548717207
1914 2.377542211330753
1915 2.377542211330753
1916 2.377542211330753
1917 2.377542211330753
1918 2.377542211330753
1919 3.0207975729850642
1920 3.0207975729850642
1921 3.0207975729850642
1922 3.0207975729850642
1923 3.0207975729850642
1924 3.719224699402372
1925 3.719224699402372
1926 5.443195370392184
1927 5.443195370392184
1928 5.443195370392184
1929 5.443195370392184
1930 5.443195370392184
1931 4.9425153442249865
1932 4.9425153442249865
1933 4.9425153442249865
1934 4.9425153442249865
1935 4.9425153442249865
1936 3.09826990799763
1937 3.09826990799763
1938 3.09826990799763
1939 3.09826990799763
1940 3.09826990799763
1941 6.828699002692371
1942 6.828699002692371
1943 6.828699002692371
1944 6.828699002692371
1945 6.828699002692371
1946 4.857576331723215
1947 4.857576331723215
1948 4.857576331723215
1949 4.857576331723215
1950 4.857576331723215
1951 5.520089982669928
1952 5.520089982669928
1953 5.520089982669928
1954 5.520089982669928
1955 5.520089982669928
1956 4.377221093812903
1957 4.377221093812903
1958 4.377221093812903
1959 4.377221093812903
1960 4.377221093812903
1961 3.5606854067057845
1962 3.5606854067057845
1963 3.5606854067057845
1964 3.5606854067057845
1965 3.5606854067057845
1966 1.4628291421572048
1967 1.4628291421572048
1968 1.4628291421572048
1969 1.4628291421572048
1970 1.4628291421572048
1971 6.11693788855896
1972 6.11693788855896
1973 6.11693788855896
1974 6.11693788855896
1975 6.11693788855896
1976 5.061536477016231
1977 5.061536477016231
1978 5.061536477016231
1979 5.061536477016231
1980 5.061536477016231
1981 3.0305637437624675
1982 3.0305637437624675
1983 3.0305637437624675
1984 3.0305637437624675
1985 3.0305637437624675
1986 1.909098874174342
1987 1.909098874174342
1988 1.909098874174342
1989 1.909098874174342
1990 1.909098874174342
1991 2.413538877824326
1992 2.413538877824326
1993 2.413538877824326
1994 2.413538877824326
1995 2.413538877824326
1996 2.6522069983229635
1997 2.6522069983229635
1998 2.6522069983229635
1999 2.6522069983229635
