0 3.990675221892997
1 3.990675221892997
2 3.9523119437812264
3 3.9523119437812264
4 3.524737291432989
5 3.524737291432989
6 2.3164770795642102
7 2.3164770795642102
8 2.7181774431751498
9 2.7181774431751498
10 2.1966652581382653
11 2.1966652581382653
12 2.140701320574767
13 2.140701320574767
14 2.3423323584178397
15 2.3423323584178397
16 2.3904223937657174
17 2.3904223937657174
18 2.460049943170654
19 2.460049943170654
20 2.6717996167370504
21 2.6717996167370504
22 2.377016488738309
23 2.377016488738309
24 2.6155087000785966
25 2.6155087000785966
26 2.250047184589322
27 2.250047184589322
28 2.3832920672365363
29 2.3832920672365363
30 2.5085343361899537
31 2.5085343361899537
32 2.2432594719291687
33 2.2432594719291687
34 2.3498857554702965
35 2.3498857554702965
36 2.7283255806415214
37 2.7283255806415214
38 2.4197338324708366
39 2.4197338324708366
40 2.4608190740193923
41 2.4608190740193923
42 2.149550853037142
43 2.149550853037142
44 2.4135744492614317
45 2.4135744492614317
46 2.5491661935934493
47 2.5491661935934493
48 2.634560317101496
49 2.634560317101496
50 2.3515286476123363
51 2.3515286476123363
52 2.564695863096962
53 2.564695863096962
54 2.3953199415464637
55 2.3953199415464637
56 2.4097471816613374
57 2.4097471816613374
58 2.3125237166306767
59 2.3125237166306767
60 2.3743890296249566
61 2.3743890296249566
62 2.663467820349993
63 2.663467820349993
64 2.4739929790929835
65 2.4739929790929835
66 2.6714449625156638
67 2.6714449625156638
68 2.170455124056697
69 2.170455124056697
70 2.5118142217494692
71 2.5118142217494692
72 2.414048693383157
73 2.414048693383157
74 2.676254729714412
75 2.676254729714412
76 2.5618967815354763
77 2.5618967815354763
78 2.283093042675764
79 2.283093042675764
80 2.3915267240550113
81 2.3915267240550113
82 2.5376346001054886
83 2.5376346001054886
84 2.3046350778758704
85 2.3046350778758704
86 2.4627793385836907
87 2.4627793385836907
88 2.4550820583267847
89 2.4550820583267847
90 2.3885736543957927
91 2.3885736543957927
92 2.679669216457449
93 2.679669216457449
94 2.3912191992732352
95 2.3912191992732352
96 2.1364620188559957
97 2.1364620188559957
98 2.162397928443903
99 2.162397928443903
100 2.600590074465548
101 2.600590074465548
102 2.550714470638894
103 2.550714470638894
104 3.6609511869798497
105 1.925278811898491
106 1.925278811898491
107 1.972480721258444
108 1.972480721258444
109 1.8853211177183935
110 1.8853211177183935
111 1.938026118086286
112 1.938026118086286
113 1.886935571298541
114 1.886935571298541
115 2.2177087363891856
116 2.2177087363891856
117 2.2159039873852477
118 2.2159039873852477
119 2.0481118593606342
120 2.0481118593606342
121 2.063434234370009
122 2.063434234370009
123 2.0248132982838483
124 2.0248132982838483
125 1.8740171369060419
126 1.8740171369060419
127 2.164365155794182
128 2.164365155794182
129 2.206576709438939
130 2.206576709438939
131 2.1988625901647274
132 2.1988625901647274
133 1.995069666872525
134 1.995069666872525
135 2.1603200125848496
136 2.1603200125848496
137 2.086533199694083
138 2.086533199694083
139 1.8437912008089645
140 1.8437912008089645
141 1.9260014053754246
142 1.9260014053754246
143 2.2620194692544557
144 2.2620194692544557
145 2.105914373084949
146 2.105914373084949
147 1.975598096149364
148 1.975598096149364
149 2.1735053574787297
150 2.1735053574787297
151 2.0027185989466907
152 2.0027185989466907
153 1.976861726885198
154 1.976861726885198
155 2.0222980961844863
156 2.0222980961844863
157 2.397245240782547
158 2.397245240782547
159 1.8636082922262003
160 1.8636082922262003
161 1.983830458339298
162 1.983830458339298
163 2.0727642194418454
164 2.0727642194418454
165 1.8480412979159575
166 1.8480412979159575
167 1.9873342715012137
168 1.9873342715012137
169 2.30708534477058
170 2.30708534477058
171 2.0294474832552862
172 2.0294474832552862
173 2.096238636732715
174 2.096238636732715
175 1.982592349231143
176 1.982592349231143
177 2.016340824974128
178 2.016340824974128
179 1.96349670942162
180 1.96349670942162
181 1.9280471184433896
182 1.9280471184433896
183 1.9583035055903864
184 1.9583035055903864
185 2.0978147893500045
186 2.0978147893500045
187 2.1678116560405436
188 2.1678116560405436
189 1.7584569178330125
190 1.7584569178330125
191 1.8036858586585125
192 1.8036858586585125
193 2.1080947914904886
194 2.1080947914904886
195 1.7117812456751906
196 1.7117812456751906
197 2.028446694289506
198 2.028446694289506
199 1.9309935735105108
200 1.9309935735105108
201 1.9631497323749578
202 1.9631497323749578
203 1.9319452882963344
204 1.9319452882963344
205 1.8985796576242502
206 1.8985796576242502
207 2.1790710991457014
208 2.1790710991457014
209 1.702246993217778
210 1.702246993217778
211 2.0543390552743115
212 2.0543390552743115
213 2.036416606577632
214 2.036416606577632
215 2.0765313160310983
216 2.0765313160310983
217 1.9892139170421705
218 1.9892139170421705
219 2.1745792802570296
220 2.1745792802570296
221 2.0885747130426164
222 2.0885747130426164
223 2.088330617933348
224 2.088330617933348
225 1.8718754602167118
226 1.8718754602167118
227 2.2028740679047125
228 2.2028740679047125
229 1.8894889639715704
230 1.8894889639715704
231 1.9363970845557101
232 1.9363970845557101
233 2.0277685488873547
234 2.0277685488873547
235 2.0336171935537886
236 2.0336171935537886
237 2.008117297087879
238 2.008117297087879
239 2.02814012717268
240 2.02814012717268
241 1.9451789118336162
242 1.9451789118336162
243 2.2012015795703745
244 2.2012015795703745
245 2.047788468977292
246 2.047788468977292
247 2.1623850223623355
248 2.1623850223623355
249 2.0730968064488593
250 2.0730968064488593
251 2.273183704868311
252 2.273183704868311
253 2.109280376464417
254 2.109280376464417
255 2.2185367969029537
256 2.2185367969029537
257 2.127068146704727
258 2.127068146704727
259 1.990785013182987
260 1.990785013182987
261 2.2120639005187055
262 2.2120639005187055
263 2.0653986652716547
264 2.0653986652716547
265 1.9571645704111778
266 1.9571645704111778
267 2.098956664055175
268 2.098956664055175
269 1.7027610022908575
270 1.7027610022908575
271 1.99712541643493
272 1.99712541643493
273 2.1517552370772592
274 2.1517552370772592
275 1.9611760969496292
276 1.9611760969496292
277 2.092091212578098
278 2.092091212578098
279 2.3441082546908705
280 2.3441082546908705
281 2.048118486353076
282 2.048118486353076
283 2.133325137033463
284 2.133325137033463
285 1.8046612781209377
286 1.8046612781209377
287 1.9614124394561914
288 1.9614124394561914
289 2.044058481555061
290 2.044058481555061
291 2.179069916995693
292 2.179069916995693
293 2.1021770895309295
294 2.1021770895309295
295 1.9219044564066514
296 1.9219044564066514
297 1.8165754882231953
298 1.8165754882231953
299 1.8250168935996636
300 1.8250168935996636
301 1.7241018175455198
302 1.7241018175455198
303 2.1647840874621758
304 2.1647840874621758
305 1.8917371175175484
306 1.8917371175175484
307 2.071656337935544
308 2.071656337935544
309 2.0306852470854437
310 2.0306852470854437
311 2.116055686626451
312 2.116055686626451
313 1.97481817966464
314 1.97481817966464
315 2.2159715330181666
316 2.2159715330181666
317 1.907045485653012
318 1.907045485653012
319 1.9887183094624028
320 1.9887183094624028
321 1.7922848430820664
322 1.7922848430820664
323 1.99859776427154
324 1.99859776427154
325 2.0076858554191643
326 2.0076858554191643
327 1.9108244898959978
328 1.9108244898959978
329 2.0511862771774303
330 2.0511862771774303
331 1.9820949096761646
332 1.9820949096761646
333 1.9971811232148446
334 1.9971811232148446
335 2.331699983369364
336 2.331699983369364
337 2.0850120379887134
338 2.0850120379887134
339 1.8822942472749338
340 1.8822942472749338
341 2.070663112273949
342 2.070663112273949
343 1.9496044981153413
344 1.9496044981153413
345 1.9227473081569624
346 1.9227473081569624
347 2.1205596016907817
348 2.1205596016907817
349 2.0804945418508005
350 2.0804945418508005
351 2.158889391903503
352 2.158889391903503
353 1.9833191738834826
354 1.9833191738834826
355 1.8280273327084582
356 1.8280273327084582
357 1.9925422630406526
358 1.9925422630406526
359 1.8041824778754045
360 1.8041824778754045
361 2.1598637817841175
362 2.1598637817841175
363 1.9320389655682768
364 1.9320389655682768
365 2.0288318733537714
366 2.0288318733537714
367 2.109955343733358
368 2.109955343733358
369 2.1213719583368187
370 2.1213719583368187
371 1.9275874055809945
372 1.9275874055809945
373 2.226369377599887
374 2.226369377599887
375 2.152584194056105
376 2.152584194056105
377 2.2560152993526885
378 2.2560152993526885
379 1.7713766493710137
380 1.7713766493710137
381 1.963570685523088
382 1.963570685523088
383 1.9490310231378785
384 1.9490310231378785
385 1.809810533433057
386 1.809810533433057
387 1.6058908003212904
388 1.6058908003212904
389 2.1329820849185186
390 2.1329820849185186
391 2.162458857894493
392 2.162458857894493
393 2.032356271828262
394 2.032356271828262
395 1.9465736779404685
396 1.9465736779404685
397 2.0246326750103063
398 2.0246326750103063
399 2.120683756308141
400 2.120683756308141
401 2.2341050466849497
402 2.2341050466849497
403 1.9577579639603404
404 1.9577579639603404
405 2.0370433508413175
406 2.0370433508413175
407 1.8200502678256272
408 1.8200502678256272
409 1.9152650370605904
410 1.9152650370605904
411 2.0501646020303137
412 2.0501646020303137
413 2.0465358577120156
414 2.0465358577120156
415 1.9616081352070545
416 1.9616081352070545
417 2.0154581223265238
418 2.0154581223265238
419 2.0210112408144436
420 2.0210112408144436
421 2.0412434620312125
422 2.0412434620312125
423 1.9748699456252423
424 1.9748699456252423
425 2.03531312652079
426 2.03531312652079
427 2.003580193168374
428 2.003580193168374
429 2.155398287774802
430 2.155398287774802
431 2.10529949621509
432 2.10529949621509
433 2.012599103656237
434 2.012599103656237
435 2.0264196331740862
436 2.0264196331740862
437 2.02187185753452
438 2.02187185753452
439 2.1054909243232043
440 2.1054909243232043
441 1.8540057091917679
442 1.8540057091917679
443 1.8801215692443736
444 1.8801215692443736
445 2.1721290148279757
446 2.1721290148279757
447 2.035209267592584
448 2.035209267592584
449 2.374529281483018
450 2.374529281483018
451 2.2446446025873574
452 2.2446446025873574
453 2.241852114456334
454 2.241852114456334
455 1.8718521647760265
456 1.8718521647760265
457 1.96557443201428
458 1.96557443201428
459 1.9484916293528551
460 1.9484916293528551
461 2.2672412446098824
462 2.2672412446098824
463 0.20487250748132754
464 0.20487250748132754
465 0.19948790980989833
466 0.19948790980989833
467 0.20091595629903886
468 0.20091595629903886
469 0.21513528430298282
470 0.21513528430298282
471 0.17967810483712365
472 0.17967810483712365
473 0.20222089290442655
474 0.20222089290442655
475 0.19108200933989597
476 0.19108200933989597
477 0.1946757041199961
478 0.1946757041199961
479 0.20748335486788208
480 0.20748335486788208
481 0.2074839366957141
482 0.2074839366957141
483 0.17804856103591138
484 0.17804856103591138
485 0.18462102744131423
486 0.18462102744131423
487 0.2062463596785168
488 0.2062463596785168
489 0.2081133206406358
490 0.2081133206406358
491 0.2398518678699949
492 0.2398518678699949
493 0.19324174595346422
494 0.19324174595346422
495 0.20241678488807285
496 0.20241678488807285
497 0.20346596578331236
498 0.20346596578331236
499 0.20829870738054396
500 0.20829870738054396
501 0.17947356908108109
502 0.17947356908108109
503 0.1996427449606868
504 0.1996427449606868
505 0.2198635112433302
506 0.2198635112433302
507 0.21429988209284934
508 0.21429988209284934
509 0.19690584794232271
510 0.19690584794232271
511 0.21158278027872726
512 0.21158278027872726
513 0.16343384575414588
514 0.16343384575414588
515 0.22437190454504471
516 0.22437190454504471
517 0.20436747189521765
518 0.20436747189521765
519 0.18621390080019645
520 0.18621390080019645
521 0.18106207024535403
522 0.18106207024535403
523 0.20425603343422208
524 0.20425603343422208
525 0.18159549422708585
526 0.18159549422708585
527 0.2063277314861157
528 0.2063277314861157
529 0.2063153535353829
530 0.2063153535353829
531 0.21788190999218562
532 0.21788190999218562
533 0.2060059173723711
534 0.2060059173723711
535 0.19786443682216856
536 0.19786443682216856
537 0.23498358289962218
538 0.23498358289962218
539 0.200844658265019
540 0.200844658265019
541 0.19835765129734403
542 0.19835765129734403
543 0.20817304781882284
544 0.20817304781882284
545 0.21439283254200003
546 0.21439283254200003
547 0.22675036597535628
548 0.22675036597535628
549 0.18509086332865765
550 0.18509086332865765
551 0.21788135824981467
552 0.21788135824981467
553 0.2190023169984415
554 0.2190023169984415
555 0.2026523314292402
556 0.2026523314292402
557 0.19354339623768277
558 0.19354339623768277
559 0.2156499668524336
560 0.2156499668524336
561 0.6787043348917643
562 0.6787043348917643
563 0.703776962738923
564 0.703776962738923
565 0.6685428980128688
566 0.6685428980128688
567 0.6799986059850424
568 0.6799986059850424
569 0.7106926240152273
570 0.7106926240152273
571 0.7414134266475284
572 0.7414134266475284
573 0.5680645379440955
574 0.5680645379440955
575 0.6831628811611622
576 0.6831628811611622
577 0.6920615659334509
578 0.6920615659334509
579 0.6686689678664436
580 0.6686689678664436
581 0.5895078907146594
582 0.5895078907146594
583 0.6427176847386074
584 0.6427176847386074
585 0.6830234486547616
586 0.6830234486547616
587 0.6102506528170832
588 0.6102506528170832
589 0.6610113672588476
590 0.6610113672588476
591 0.6300650658949408
592 0.6300650658949408
593 0.5812156077154577
594 0.5812156077154577
595 0.6411361087053278
596 0.6411361087053278
597 0.6575985455340719
598 0.6575985455340719
599 0.579747091802363
600 0.579747091802363
601 0.6048166833849108
602 0.6048166833849108
603 0.7004262348542218
604 0.7004262348542218
605 0.6029665873930252
606 0.6029665873930252
607 0.6521031796205033
608 0.6521031796205033
609 0.7086712150844782
610 0.7086712150844782
611 0.652488965529955
612 0.652488965529955
613 0.7515472092156472
614 0.7515472092156472
615 0.6310466315046744
616 0.6310466315046744
617 0.6785111231163138
618 0.6785111231163138
619 0.6151065513226872
620 0.6151065513226872
621 0.6563192269159047
622 0.6563192269159047
623 2.397865489306862
624 2.397865489306862
625 2.2493249647956115
626 2.2493249647956115
627 2.4625580871860735
628 2.4625580871860735
629 2.4752433004907637
630 2.4752433004907637
631 2.360447544161564
632 2.360447544161564
633 2.6640585593786925
634 2.6640585593786925
635 2.5301850151957566
636 2.5301850151957566
637 2.2891910575586505
638 2.2891910575586505
639 4.533394831328252
640 4.533394831328252
641 4.433705228706953
642 4.433705228706953
643 4.152033600780004
644 4.152033600780004
645 4.04472173979404
646 4.04472173979404
647 3.9268715081088095
648 3.9268715081088095
649 4.0850353317508
650 4.0850353317508
651 4.035778574686604
652 4.035778574686604
653 3.6228203339032428
654 3.6228203339032428
655 3.5942558205513477
656 3.5942558205513477
657 4.197927580010756
658 4.197927580010756
659 4.062521230653056
660 4.062521230653056
661 3.805522518916116
662 3.805522518916116
663 3.8829560592527117
664 3.8829560592527117
665 4.062967453243389
666 4.062967453243389
667 3.946757600507195
668 3.946757600507195
669 1.459727778054709
670 1.459727778054709
671 1.4996862306820844
672 1.4996862306820844
673 1.5665637997202395
674 1.5665637997202395
675 1.7020248543686445
676 1.7020248543686445
677 1.5533941893428216
678 1.5533941893428216
679 1.4531902647122215
680 1.4531902647122215
681 1.4872849796268732
682 1.4872849796268732
683 1.511584547942408
684 1.511584547942408
685 1.732839663168179
686 1.732839663168179
687 1.5419676168312764
688 1.5419676168312764
689 1.6320051754869493
690 1.6320051754869493
691 1.4998511818930655
692 1.4998511818930655
693 1.551893958255733
694 1.551893958255733
695 1.5165390735016937
696 1.5165390735016937
697 1.5101223264020962
698 1.5101223264020962
699 1.6900585357065345
700 1.6900585357065345
701 1.7242373802107052
702 1.7242373802107052
703 1.8504632172357167
704 1.8504632172357167
705 1.5601388714988225
706 1.5601388714988225
707 1.382058174453606
708 1.382058174453606
709 1.6573704155235094
710 1.6573704155235094
711 3.7177618933022702
712 3.7177618933022702
713 3.6791503922301554
714 3.6791503922301554
715 3.8797180739540833
716 3.8797180739540833
717 4.06925775411732
718 4.06925775411732
719 3.863950522687348
720 3.863950522687348
721 4.276903201182721
722 4.276903201182721
723 4.251116444218287
724 4.251116444218287
725 3.9720874450394286
726 3.9720874450394286
727 3.6308487185492746
728 3.6308487185492746
729 3.9321606194994034
730 3.9321606194994034
731 3.71025714473679
732 3.71025714473679
733 4.017245628232585
734 4.017245628232585
735 3.569350822004621
736 3.569350822004621
737 3.7386376239819334
738 3.7386376239819334
739 3.417482378494321
740 3.417482378494321
741 3.6163085797846546
742 3.6163085797846546
743 3.971318543985613
744 3.971318543985613
745 3.4497210243378413
746 3.4497210243378413
747 3.5701929474917904
748 3.5701929474917904
749 3.154894032359578
750 3.154894032359578
751 3.6242055325843623
752 3.6242055325843623
753 3.3570248583189715
754 3.3570248583189715
755 3.6015754930354325
756 3.6015754930354325
757 3.361536467186156
758 3.361536467186156
759 3.101783647019571
760 3.101783647019571
761 3.141844907725401
762 3.141844907725401
763 3.525147999727426
764 3.525147999727426
765 3.972628402464919
766 3.972628402464919
767 3.974741091895188
768 3.974741091895188
769 4.036976008099883
770 4.036976008099883
771 3.9110602334488487
772 3.9110602334488487
773 3.634904561686074
774 3.634904561686074
775 3.6157828945112214
776 3.6157828945112214
777 4.173778993883508
778 4.173778993883508
779 4.29031566038589
780 4.29031566038589
781 4.0791464792558925
782 4.0791464792558925
783 3.422561099135868
784 3.422561099135868
785 3.5294564416306216
786 3.5294564416306216
787 3.824776841174697
788 3.824776841174697
789 4.107446723706616
790 4.107446723706616
791 4.013635610865997
792 4.013635610865997
793 3.389445934047139
794 3.389445934047139
795 4.291102408257516
796 4.291102408257516
797 3.8643677915250363
798 3.8643677915250363
799 4.262070222083684
800 4.262070222083684
801 4.339043621582799
802 4.339043621582799
803 4.122220306623016
804 4.122220306623016
805 3.8338916689144087
806 3.8338916689144087
807 4.036946228420272
808 4.036946228420272
809 3.6572618175258227
810 3.6572618175258227
811 3.463371266691243
812 3.463371266691243
813 4.132246297803286
814 4.132246297803286
815 3.558856101709403
816 3.558856101709403
817 3.884192425876105
818 3.884192425876105
819 3.7836767848348956
820 3.7836767848348956
821 3.972238296245471
822 3.972238296245471
823 3.9072854932581924
824 3.9072854932581924
825 4.197525027309109
826 4.197525027309109
827 3.8023011246578906
828 3.8023011246578906
829 4.013534647298081
830 4.013534647298081
831 3.7121199197754664
832 3.7121199197754664
833 3.8604697011184124
834 3.8604697011184124
835 4.593871193794308
836 4.593871193794308
837 4.121012130542921
838 4.121012130542921
839 3.348243090429486
840 3.348243090429486
841 3.7264624493495297
842 3.7264624493495297
843 3.822863784854215
844 3.822863784854215
845 3.8991080857275398
846 3.8991080857275398
847 4.161666894433533
848 4.161666894433533
849 3.677192732200063
850 3.677192732200063
851 3.554104731280209
852 3.554104731280209
853 3.9504000691338588
854 3.9504000691338588
855 4.1195708189680715
856 4.1195708189680715
857 3.9708076012581324
858 3.9708076012581324
859 3.807192369541092
860 3.807192369541092
861 3.2949650541125495
862 3.2949650541125495
863 4.001834052118869
864 4.001834052118869
865 4.152865560182166
866 4.152865560182166
867 3.8656258283034917
868 3.8656258283034917
869 3.8561756782139427
870 3.8561756782139427
871 4.388965632495904
872 4.388965632495904
873 3.579082591234079
874 3.579082591234079
875 3.957186440551291
876 3.957186440551291
877 3.2266051960749706
878 3.2266051960749706
879 3.6826757318865884
880 3.6826757318865884
881 4.301184435663428
882 4.301184435663428
883 3.773343245988144
884 3.773343245988144
885 4.093756421522867
886 4.093756421522867
887 3.626817180072403
888 3.626817180072403
889 3.776699197627429
890 3.776699197627429
891 3.5442079268010054
892 3.5442079268010054
893 4.130282148859964
894 4.130282148859964
895 3.923274809483071
896 3.923274809483071
897 4.089999897517482
898 4.089999897517482
899 3.5520967511153185
900 3.5520967511153185
901 3.890191508524783
902 3.890191508524783
903 3.9144614785948053
904 3.9144614785948053
905 3.6544328562344153
906 3.6544328562344153
907 4.182444873204426
908 0.6780183857567467
909 0.6780183857567467
910 0.6471810431843267
911 0.6471810431843267
912 0.7390507005123608
913 0.7390507005123608
914 0.6274363549596849
915 0.6274363549596849
916 0.6193729821897
917 0.6193729821897
918 0.691026091475768
919 0.691026091475768
920 0.6086967593298581
921 0.6086967593298581
922 0.7562347015069916
923 0.7562347015069916
924 0.592155673113642
925 0.592155673113642
926 0.6676362497632728
927 0.6676362497632728
928 0.5600562542484371
929 0.5600562542484371
930 0.570037161640497
931 0.570037161640497
932 0.6840776289554206
933 1.0940455518832521
934 1.0940455518832521
935 1.1383441872110391
936 2.5663932479237395
937 2.5663932479237395
938 2.7738717751196944
939 2.7738717751196944
940 2.222165330718983
941 2.222165330718983
942 2.644798074377844
943 2.644798074377844
944 2.5166230726534993
945 2.5166230726534993
946 2.536042562075886
947 2.536042562075886
948 2.6688705486277553
949 2.6688705486277553
950 2.1856791363855486
951 2.1856791363855486
952 2.4847624639826353
953 2.4847624639826353
954 2.777883289265164
955 2.777883289265164
956 2.4316676791110883
957 2.4316676791110883
958 2.436887089089165
959 2.436887089089165
960 2.499264294486132
961 2.499264294486132
962 2.534041014446151
963 2.534041014446151
964 2.3761202812462288
965 2.3761202812462288
966 2.66893697886684
967 2.66893697886684
968 2.429386053470077
969 2.429386053470077
970 2.574837315138208
971 2.574837315138208
972 2.7912653811113035
973 2.7912653811113035
974 2.6011503466094674
975 2.6011503466094674
976 2.2732236798680856
977 2.2732236798680856
978 2.2929347294310984
979 2.2929347294310984
980 2.2250213704944697
981 2.2250213704944697
982 2.504623406941718
983 2.504623406941718
984 2.5458555745236353
985 2.5458555745236353
986 2.607213652463955
987 2.607213652463955
988 2.5971049798733348
989 2.5971049798733348
990 2.191653188484733
991 2.191653188484733
992 2.586063977755703
993 2.586063977755703
994 2.6215552561029067
995 2.6215552561029067
996 2.269697605136272
997 2.269697605136272
998 2.539605837739156
999 2.539605837739156
1000 2.6095198961622814
1001 2.6095198961622814
1002 2.3354280981862594
1003 2.3354280981862594
1004 2.5851644288590148
1005 2.5851644288590148
1006 2.46026630555669
1007 2.46026630555669
1008 2.410108866754811
1009 2.410108866754811
1010 2.4073054393635083
1011 2.4073054393635083
1012 2.56637695148596
1013 2.56637695148596
1014 2.787047055661425
1015 2.787047055661425
1016 2.290106478687495
1017 2.290106478687495
1018 2.340335032800641
1019 2.340335032800641
1020 2.6266749768106084
1021 2.6266749768106084
1022 2.387774126481894
1023 2.387774126481894
1024 2.505001597305683
1025 2.505001597305683
1026 2.367966275884116
1027 2.367966275884116
1028 2.5502889115812093
1029 2.5502889115812093
1030 2.451015006444896
1031 2.451015006444896
1032 2.445345025962199
1033 2.445345025962199
1034 2.7466661123189193
1035 2.7466661123189193
1036 2.3616528190279387
1037 2.3616528190279387
1038 2.5451156523306393
1039 2.5451156523306393
1040 2.571813625612545
1041 2.571813625612545
1042 2.2829712999348892
1043 2.2829712999348892
1044 2.495798657680019
1045 2.495798657680019
1046 2.4330125259946267
1047 2.4330125259946267
1048 2.470235839214441
1049 2.470235839214441
1050 2.6066259510446113
1051 2.6066259510446113
1052 2.3971000353818304
1053 2.3971000353818304
1054 2.472384238213602
1055 2.472384238213602
1056 2.908015455558422
1057 2.908015455558422
1058 3.6927649589923273
1059 3.6927649589923273
1060 3.870113684610613
1061 3.870113684610613
1062 3.7348688732642596
1063 3.7348688732642596
1064 3.4636396177161517
1065 3.4636396177161517
1066 3.527207479537115
1067 3.527207479537115
1068 3.638901859437851
1069 3.638901859437851
1070 3.5716024614256834
1071 1.0744101417834544
1072 1.0744101417834544
1073 1.1324072798248992
1074 1.1324072798248992
1075 1.1520968104231808
1076 1.1520968104231808
1077 1.1798313262929505
1078 1.1798313262929505
1079 1.1450053092389607
1080 1.1450053092389607
1081 1.2213603272594724
1082 1.2213603272594724
1083 1.1155447497406012
1084 1.1155447497406012
1085 4.034454686613141
1086 4.034454686613141
1087 3.668700729019523
1088 3.668700729019523
1089 3.9332234024668957
1090 3.9332234024668957
1091 3.7409473866560483
1092 3.7409473866560483
1093 3.9731314493087098
1094 3.9731314493087098
1095 3.604311938070947
1096 3.604311938070947
1097 3.736327748500611
1098 3.736327748500611
1099 3.7876302160399717
1100 3.7876302160399717
1101 3.9886222219231087
1102 3.9886222219231087
1103 4.062247749588762
1104 4.062247749588762
1105 3.7974616171898066
1106 3.7974616171898066
1107 3.374883583887287
1108 3.374883583887287
1109 3.955462255209179
1110 3.955462255209179
1111 4.260686706402681
1112 4.260686706402681
1113 3.791386921452658
1114 3.791386921452658
1115 3.7449911904143174
1116 3.7449911904143174
1117 3.884681462686725
1118 3.884681462686725
1119 3.5966471351902247
1120 3.212146485542688
1121 3.212146485542688
1122 3.2870987825783007
1123 3.2870987825783007
1124 3.836263575678772
1125 3.836263575678772
1126 3.497110299025416
1127 3.497110299025416
1128 3.474299633646227
1129 3.474299633646227
1130 3.826677371540179
1131 3.826677371540179
1132 3.54635356162285
1133 3.54635356162285
1134 3.24134281899715
1135 3.24134281899715
1136 3.422180658689586
1137 3.422180658689586
1138 3.397852612094171
1139 3.397852612094171
1140 3.4950373528426377
1141 3.4950373528426377
1142 3.0506036335458186
1143 3.0506036335458186
1144 3.2628906746008184
1145 3.2628906746008184
1146 3.8718304073134444
1147 3.8718304073134444
1148 3.2813657874975832
1149 3.2813657874975832
1150 3.1992928915030587
1151 3.1992928915030587
1152 3.2172389311240677
1153 3.2172389311240677
1154 3.387286634115399
1155 3.387286634115399
1156 3.5647058512850194
1157 3.5647058512850194
1158 3.3522507480187778
1159 3.3522507480187778
1160 3.436851518999158
1161 3.436851518999158
1162 3.4513107429801093
1163 3.4513107429801093
1164 3.1989585044720874
1165 3.1989585044720874
1166 3.6624579733013736
1167 3.6624579733013736
1168 3.434321628363196
1169 3.434321628363196
1170 3.1826052665928812
1171 3.1826052665928812
1172 3.2447332529902653
1173 3.2447332529902653
1174 3.361577849588148
1175 3.361577849588148
1176 3.6408742184169376
1177 3.6408742184169376
1178 3.2593261501745756
1179 3.2593261501745756
1180 3.6423814938205825
1181 3.6423814938205825
1182 3.79812068486695
1183 3.79812068486695
1184 3.560822437659973
1185 3.560822437659973
1186 3.6948138935570016
1187 3.6948138935570016
1188 3.217645214806799
1189 3.217645214806799
1190 3.3520382125452106
1191 3.3520382125452106
1192 3.5709390427411676
1193 3.5709390427411676
1194 3.3749888290118144
1195 3.3749888290118144
1196 3.483971078124342
1197 3.483971078124342
1198 3.1274132330659388
1199 3.1274132330659388
1200 3.6223643497722846
1201 3.6223643497722846
1202 3.1116893501085467
1203 3.1116893501085467
1204 3.7198975237873753
1205 1.1503478237015774
1206 0.20363439460719038
1207 0.20363439460719038
1208 0.18878614839272534
1209 0.18878614839272534
1210 0.20477666441132109
1211 0.20477666441132109
1212 2.800971963804168
1213 2.800971963804168
1214 2.836325970794093
1215 2.836325970794093
1216 2.8235790014217823
1217 2.8235790014217823
1218 3.167231804529358
1219 3.167231804529358
1220 3.05054257977139
1221 3.05054257977139
1222 2.923316721513182
1223 2.923316721513182
1224 3.194482696074333
1225 3.194482696074333
1226 3.299644652430976
1227 3.299644652430976
1228 3.004701993470833
1229 3.004701993470833
1230 2.985122368333197
1231 2.985122368333197
1232 2.937171259943899
1233 2.937171259943899
1234 3.3128587708122708
1235 3.3128587708122708
1236 3.070297245793685
1237 3.070297245793685
1238 3.0546407480436133
1239 3.0546407480436133
1240 3.2451541492468214
1241 3.2451541492468214
1242 2.7036562140651235
1243 2.7036562140651235
1244 3.1318764179394942
1245 3.1318764179394942
1246 2.8871485893462983
1247 2.8871485893462983
1248 2.8478112004307543
1249 2.8478112004307543
1250 2.744803790768354
1251 2.744803790768354
1252 3.1842623981242415
1253 3.1842623981242415
1254 2.7688458527096595
1255 2.7688458527096595
1256 3.1009302634892735
1257 3.1009302634892735
1258 2.871121594559372
1259 2.871121594559372
1260 2.8063593894020027
1261 2.8063593894020027
1262 3.154633548366765
1263 3.154633548366765
1264 3.071421946773067
1265 3.071421946773067
1266 3.2546040316262674
1267 3.2546040316262674
1268 2.8440971387048215
1269 2.8440971387048215
1270 2.8809173643634938
1271 2.8809173643634938
1272 3.1162617023586305
1273 3.1162617023586305
1274 3.1951751577013994
1275 3.1951751577013994
1276 2.997219749770176
1277 2.997219749770176
1278 2.867654299863104
1279 2.867654299863104
1280 3.2532259643988026
1281 3.2532259643988026
1282 2.884523248488106
1283 2.884523248488106
1284 3.0807679624209565
1285 3.0807679624209565
1286 2.9727524218824173
1287 1.6993763684497476
1288 1.6993763684497476
1289 1.446107267184839
1290 1.446107267184839
1291 1.5724955501414324
1292 1.5724955501414324
1293 1.6218894105883443
1294 1.6218894105883443
1295 1.514359154536125
1296 1.514359154536125
1297 1.5736902024734545
1298 1.5736902024734545
1299 1.6533156498081625
1300 1.6533156498081625
1301 1.519518267426638
1302 1.519518267426638
1303 1.6293838618634346
1304 1.6293838618634346
1305 1.5281603558893337
1306 1.5281603558893337
1307 1.7491046035189721
1308 1.7491046035189721
1309 1.3816150605199025
1310 1.3816150605199025
1311 1.5486585739491614
1312 1.5486585739491614
1313 1.553890008734233
1314 1.553890008734233
1315 1.7070454968242839
1316 1.7070454968242839
1317 1.5914366306045893
1318 1.5914366306045893
1319 1.5781510785343587
1320 1.5781510785343587
1321 1.4810912700819854
1322 1.4810912700819854
1323 1.6092086665495917
1324 1.6092086665495917
1325 1.5183408841449115
1326 1.5183408841449115
1327 1.552551447320379
1328 1.552551447320379
1329 1.5996842354719034
1330 1.5996842354719034
1331 1.5278483705918275
1332 1.5278483705918275
1333 1.5719137819383646
1334 1.5719137819383646
1335 1.4581077281733787
1336 1.4581077281733787
1337 1.4468018813333956
1338 1.4468018813333956
1339 1.441270178005548
1340 1.441270178005548
1341 1.513086465590642
1342 1.513086465590642
1343 1.4649423214599846
1344 1.4649423214599846
1345 1.5944879379195578
1346 1.5944879379195578
1347 1.5804407050302212
1348 1.5804407050302212
1349 1.4425447214212883
1350 1.4425447214212883
1351 1.6696777966359344
1352 1.6696777966359344
1353 1.6890567103287288
1354 1.6890567103287288
1355 1.4924661130482002
1356 1.4924661130482002
1357 1.5120231473990875
1358 1.5120231473990875
1359 1.7201883477780182
1360 1.7201883477780182
1361 1.5030933239604107
1362 1.5030933239604107
1363 1.2402521670033873
1364 1.2402521670033873
1365 1.723411633271518
1366 1.723411633271518
1367 1.609999200230053
1368 1.609999200230053
1369 1.527511214830831
1370 1.527511214830831
1371 1.7052349093996138
1372 1.7052349093996138
1373 1.5595073252928298
1374 1.5595073252928298
1375 1.6181349552694826
1376 1.6181349552694826
1377 1.571711860527566
1378 1.571711860527566
1379 1.2791350717248322
1380 1.2791350717248322
1381 1.725032537207509
1382 1.725032537207509
1383 1.5549056147789913
1384 1.5549056147789913
1385 1.560170059808656
1386 1.560170059808656
1387 1.6154966968513786
1388 1.6154966968513786
1389 1.6109385848412756
1390 1.6109385848412756
1391 1.5942102412834924
1392 1.5942102412834924
1393 1.4158707939526294
1394 1.4158707939526294
1395 1.520197063093998
1396 1.520197063093998
1397 1.5760860907482002
1398 1.5760860907482002
1399 1.561581446821812
1400 1.561581446821812
1401 1.352548213184668
1402 1.352548213184668
1403 1.5515012554920973
1404 1.5515012554920973
1405 1.5838748092613608
1406 1.5838748092613608
1407 1.602433912380246
1408 1.602433912380246
1409 1.581634490183084
1410 1.581634490183084
1411 1.634786237963662
1412 1.634786237963662
1413 0.7481241686062722
1414 0.7481241686062722
1415 0.5386249857847316
1416 0.5386249857847316
1417 0.6738201663277611
1418 0.6738201663277611
1419 0.7155670667481743
1420 0.7155670667481743
1421 0.6788210927127045
1422 0.6788210927127045
1423 0.7553125157080595
1424 0.7553125157080595
1425 0.5974727752092196
1426 0.5974727752092196
1427 0.7414762281065442
1428 0.7414762281065442
1429 0.6635295761071158
1430 0.6635295761071158
1431 0.6567060079951106
1432 0.6567060079951106
1433 0.6521745958616216
1434 0.6521745958616216
1435 0.6622158558306434
1436 0.6622158558306434
1437 0.6128228398308878
1438 0.6128228398308878
1439 0.6681021444438402
1440 0.6681021444438402
1441 0.6829085178553315
1442 0.6829085178553315
1443 0.6420354176694779
1444 0.6420354176694779
1445 0.6496916682350223
1446 0.6496916682350223
1447 0.6626596312141007
1448 0.6626596312141007
1449 0.7136715719386312
1450 0.7136715719386312
1451 0.6924074925536138
1452 0.6924074925536138
1453 0.6949693668614833
1454 0.6949693668614833
1455 0.6653424575020245
1456 0.6653424575020245
1457 0.6713915647814055
1458 0.6713915647814055
1459 0.5442194741004927
1460 0.5442194741004927
1461 0.6802300021286597
1462 0.6802300021286597
1463 0.6024480880366698
1464 0.6024480880366698
1465 0.6205514277731649
1466 0.6205514277731649
1467 0.7258336336000906
1468 0.7258336336000906
1469 0.5980760420229555
1470 0.5980760420229555
1471 0.6879182327851028
1472 0.6879182327851028
1473 0.6798585116251422
1474 0.6798585116251422
1475 0.7366104143348353
1476 0.7366104143348353
1477 0.6472591911520506
1478 0.6472591911520506
1479 0.6501616039249584
1480 0.6501616039249584
1481 0.6753246316775227
1482 0.6753246316775227
1483 0.6068762766009554
1484 0.6068762766009554
1485 0.6789808024081742
1486 0.6789808024081742
1487 0.632132108373528
1488 0.632132108373528
1489 0.6870794122726241
1490 0.6870794122726241
1491 0.6311747868556188
1492 0.6311747868556188
1493 0.6427351313236375
1494 0.6427351313236375
1495 0.6398836448195063
1496 0.6398836448195063
1497 0.699727543842535
1498 0.699727543842535
1499 0.5888397222358456
1500 0.5888397222358456
1501 0.654332372501953
1502 0.654332372501953
1503 0.6401001220282132
1504 0.6401001220282132
1505 0.6460459373874454
1506 0.6460459373874454
1507 0.7726531166579099
1508 0.7726531166579099
1509 0.6386004917721907
1510 0.6386004917721907
1511 0.6442793130548726
1512 0.6442793130548726
1513 0.6668319066613687
1514 0.6668319066613687
1515 0.7162287206218122
1516 0.7162287206218122
1517 0.6330313126481857
1518 0.6330313126481857
1519 1.8906588007152418
1520 1.8906588007152418
1521 2.0358232999258252
1522 2.0358232999258252
1523 1.9310252509058654
1524 1.9310252509058654
1525 2.054553741730052
1526 2.054553741730052
1527 1.6831572772780827
1528 1.6831572772780827
1529 2.0377025374515845
1530 2.0377025374515845
1531 2.1800845118680487
1532 2.1800845118680487
1533 1.9267022982832023
1534 1.9267022982832023
1535 2.0735254643271372
1536 2.0735254643271372
1537 2.027427885207635
1538 2.027427885207635
1539 2.1252109178399174
1540 2.1252109178399174
1541 2.192416765048047
1542 2.192416765048047
1543 2.2429194917118256
1544 2.2429194917118256
1545 2.1334111504542115
1546 2.1334111504542115
1547 2.116989905348109
1548 2.116989905348109
1549 2.164269177372613
1550 2.164269177372613
1551 2.1164025638742094
1552 2.1164025638742094
1553 1.9741094895262596
1554 1.9741094895262596
1555 1.950884672882306
1556 1.950884672882306
1557 1.9773702497390706
1558 1.9773702497390706
1559 1.9975027414659374
1560 1.9975027414659374
1561 2.1762347569130727
1562 2.1762347569130727
1563 1.918027982300102
1564 1.918027982300102
1565 2.289772533883852
1566 2.289772533883852
1567 1.916290680382044
1568 1.916290680382044
1569 2.3297821460540087
1570 2.3297821460540087
1571 2.095260665749814
1572 2.095260665749814
1573 2.0978236566915025
1574 2.0978236566915025
1575 2.020497828890846
1576 2.020497828890846
1577 1.9964466415115847
1578 1.9964466415115847
1579 2.0608144969787134
1580 2.0608144969787134
1581 1.9877280097773138
1582 1.9877280097773138
1583 2.005591048015291
1584 2.005591048015291
1585 2.163268234092743
1586 2.163268234092743
1587 2.0680619049185323
1588 2.0680619049185323
1589 2.0499039282867533
1590 2.0499039282867533
1591 2.149624016126203
1592 2.149624016126203
1593 1.874725247127189
1594 1.874725247127189
1595 1.8899571020742074
1596 1.8899571020742074
1597 1.9415322541586717
1598 1.9415322541586717
1599 2.116526562001051
1600 2.116526562001051
1601 2.1843854040506008
1602 2.1843854040506008
1603 1.8525992134438398
1604 1.8525992134438398
1605 2.2216776197528727
1606 2.2216776197528727
1607 1.9526798651000097
1608 1.9526798651000097
1609 2.081932328784599
1610 2.081932328784599
1611 1.8851594197462063
1612 1.8851594197462063
1613 1.9979492220230348
1614 1.9979492220230348
1615 1.8469304095968138
1616 1.8469304095968138
1617 2.008415706993239
1618 2.008415706993239
1619 1.9391228633685413
1620 1.9391228633685413
1621 2.1782900674309404
1622 2.1782900674309404
1623 2.0002994826416836
1624 2.0002994826416836
1625 2.0259166809334634
1626 2.0259166809334634
1627 1.8000657461799796
1628 1.8000657461799796
1629 2.130743822477793
1630 2.130743822477793
1631 1.817800264013305
1632 1.817800264013305
1633 2.094225329012732
1634 2.094225329012732
1635 2.067889643970354
1636 2.067889643970354
1637 1.9872577720844373
1638 1.9872577720844373
1639 1.9825474585023413
1640 1.9825474585023413
1641 2.181390625081954
1642 2.181390625081954
1643 2.185816150349836
1644 2.185816150349836
1645 2.1244400444150493
1646 2.1244400444150493
1647 1.7734671483621918
1648 1.7734671483621918
1649 1.9196766022308787
1650 1.9196766022308787
1651 1.9639698067935052
1652 1.9639698067935052
1653 2.1485755724576565
1654 2.1485755724576565
1655 1.9213053594888025
1656 1.9213053594888025
1657 3.8858554808965136
1658 3.8858554808965136
1659 3.9726418387146203
1660 3.9726418387146203
1661 4.057281902967935
1662 0.6907554035178333
1663 0.6907554035178333
1664 0.6711718895579553
1665 0.6711718895579553
1666 0.6809895365950569
1667 0.6809895365950569
1668 0.6673038360739512
1669 0.6673038360739512
1670 0.6617180166223962
1671 0.6617180166223962
1672 0.6263982329953842
1673 0.6263982329953842
1674 0.6956986131264692
1675 0.6956986131264692
1676 0.6730310738829924
1677 0.6730310738829924
1678 0.6454989505332102
1679 0.6454989505332102
1680 0.7068298691284278
1681 0.7068298691284278
1682 0.7011828802722344
1683 0.7011828802722344
1684 0.721250634665725
1685 0.721250634665725
1686 0.5708477400508504
1687 0.5708477400508504
1688 0.6761443746215752
1689 0.6761443746215752
1690 0.6208612643544639
1691 0.6208612643544639
1692 0.6526820536306742
1693 0.6526820536306742
1694 0.6614424275242233
1695 0.6614424275242233
1696 0.6497990319127338
1697 0.6497990319127338
1698 0.5723935730907148
1699 0.5723935730907148
1700 0.5929318857064886
1701 0.5929318857064886
1702 0.7146595223378442
1703 0.7146595223378442
1704 1.1485770655214973
1705 1.1485770655214973
1706 1.074306366245186
1707 1.074306366245186
1708 1.0126332094425592
1709 0.6306387244059326
1710 0.6306387244059326
1711 0.6439157173826143
1712 0.6439157173826143
1713 0.6508953967541492
1714 0.6508953967541492
1715 0.6529027634152395
1716 0.6529027634152395
1717 0.6628712040490814
1718 0.6628712040490814
1719 0.6400864391312014
1720 0.6400864391312014
1721 0.7277648201759339
1722 0.7277648201759339
1723 0.6175217672702544
1724 0.6175217672702544
1725 0.6778275533104627
1726 0.6778275533104627
1727 0.622688654049753
1728 0.622688654049753
1729 0.7494413017103208
1730 0.7494413017103208
1731 0.6138151405215352
1732 0.6138151405215352
1733 0.6900226605131384
1734 0.6900226605131384
1735 0.6156493807952106
1736 0.6156493807952106
1737 0.6775334015023251
1738 4.128148208422896
1739 4.128148208422896
1740 3.728231294528579
1741 3.728231294528579
1742 3.8638748681099937
1743 3.8638748681099937
1744 3.734314061106552
1745 3.734314061106552
1746 3.989724211903277
1747 3.989724211903277
1748 3.6669907451816544
1749 3.6669907451816544
1750 3.8349389327658594
1751 3.8349389327658594
1752 3.6433612833788187
1753 3.6433612833788187
1754 4.289010275740153
1755 4.289010275740153
1756 3.219672733263846
1757 3.219672733263846
1758 3.504846235415897
1759 3.504846235415897
1760 3.8891931473290744
1761 3.8891931473290744
1762 3.8980788292497035
1763 3.8980788292497035
1764 4.002092795214324
1765 4.002092795214324
1766 3.443305417885176
1767 3.443305417885176
1768 2.7958746514293873
1769 2.7958746514293873
1770 2.995569456590405
1771 2.995569456590405
1772 2.363844337509073
1773 2.363844337509073
1774 2.4972018085004257
1775 2.4972018085004257
1776 2.539707546294216
1777 2.539707546294216
1778 2.705470901971871
1779 2.705470901971871
1780 2.5390421986920297
1781 2.5390421986920297
1782 2.5024532702900175
1783 2.5024532702900175
1784 2.2282014374446746
1785 2.2282014374446746
1786 2.262788480958483
1787 2.262788480958483
1788 2.4026627877014968
1789 2.4026627877014968
1790 2.7117894991259064
1791 2.7117894991259064
1792 2.2496829094878112
1793 2.2496829094878112
1794 2.248190728127928
1795 2.248190728127928
1796 2.402201729823516
1797 2.402201729823516
1798 2.881215608113548
1799 2.881215608113548
1800 2.4348963893966413
1801 2.4348963893966413
1802 2.5506437946858473
1803 2.5506437946858473
1804 2.399717327009529
1805 2.399717327009529
1806 2.736051985995564
1807 2.736051985995564
1808 2.5355441870415647
1809 2.5355441870415647
1810 2.1060569755283916
1811 2.1060569755283916
1812 2.32946176003843
1813 2.32946176003843
1814 2.624284431139055
1815 2.624284431139055
1816 2.508994502108311
1817 2.508994502108311
1818 2.5541205636253
1819 2.5541205636253
1820 2.288697717127306
1821 2.288697717127306
1822 2.443796827119145
1823 2.443796827119145
1824 2.3026634960057604
1825 2.3026634960057604
1826 2.3550439332542075
1827 2.3550439332542075
1828 2.654574094713677
1829 2.654574094713677
1830 2.2834886728421333
1831 2.2834886728421333
1832 2.6017892875213326
1833 2.6017892875213326
1834 2.7366571677395855
1835 2.7366571677395855
1836 2.5980406319533578
1837 2.5980406319533578
1838 2.548244248910318
1839 2.548244248910318
1840 2.583237080309315
1841 2.583237080309315
1842 2.6447735301505877
1843 2.6447735301505877
1844 2.316278365281369
1845 2.316278365281369
1846 2.8096827364652963
1847 2.8096827364652963
1848 2.5432926666060127
1849 2.5432926666060127
1850 2.577285417179286
1851 2.577285417179286
1852 2.5691343547323093
1853 1.9606447918151446
1854 1.9606447918151446
1855 2.127926833039033
1856 2.127926833039033
1857 1.7739502767623865
1858 1.7739502767623865
1859 1.8677652859261134
1860 1.8677652859261134
1861 1.9112923145792073
1862 1.9112923145792073
1863 2.075453429131451
1864 2.075453429131451
1865 1.8032881219354746
1866 1.8032881219354746
1867 2.010546553157624
1868 2.010546553157624
1869 2.170424277648882
1870 2.170424277648882
1871 2.0057496124305993
1872 2.0057496124305993
1873 1.9677030834797393
1874 1.9677030834797393
1875 2.1417568311365756
1876 2.1417568311365756
1877 1.9368572893148814
1878 1.9368572893148814
1879 2.0968850766984257
1880 2.0968850766984257
1881 2.179220438788536
1882 2.179220438788536
1883 1.6989188095266294
1884 1.6989188095266294
1885 2.2372719852689533
1886 2.2372719852689533
1887 2.0574714060728714
1888 2.0574714060728714
1889 2.2084495676844966
1890 2.2084495676844966
1891 2.1004153113346056
1892 2.1004153113346056
1893 1.956899198192771
1894 1.956899198192771
1895 2.0226512608383174
1896 2.0226512608383174
1897 2.12693655426222
1898 2.12693655426222
1899 1.8171016552347798
1900 1.8171016552347798
1901 2.013224948304773
1902 2.013224948304773
1903 1.9391037071191788
1904 1.9391037071191788
1905 1.8136015575134985
1906 1.8136015575134985
1907 1.879289761392999
1908 1.879289761392999
1909 2.1248920401159013
1910 2.1248920401159013
1911 2.3135531815154273
1912 2.3135531815154273
1913 1.9181058756425529
1914 1.9181058756425529
1915 1.7976990787328448
1916 1.7976990787328448
1917 1.8376102662511873
1918 1.8376102662511873
1919 1.8888396504585379
1920 1.8888396504585379
1921 1.799465561333463
1922 1.799465561333463
1923 2.049476065170085
1924 2.049476065170085
1925 1.992479585752622
1926 1.992479585752622
1927 1.9780197978217748
1928 1.9780197978217748
1929 1.9573013435847453
1930 1.9573013435847453
1931 1.8714325365652167
1932 1.8714325365652167
1933 2.1827211763084904
1934 2.1827211763084904
1935 2.019661252103591
1936 2.019661252103591
1937 1.9592181215819504
1938 1.9592181215819504
1939 1.9247591915708666
1940 1.9247591915708666
1941 1.921591655347439
1942 1.921591655347439
1943 1.7544914164062093
1944 1.7544914164062093
1945 2.0164833975809273
1946 2.0164833975809273
1947 2.0856832960507456
1948 2.0856832960507456
1949 2.208642823216712
1950 2.208642823216712
1951 1.9663204041529543
1952 1.9663204041529543
1953 1.9052577479217407
1954 1.9052577479217407
1955 2.1944816316558726
1956 2.1944816316558726
1957 2.035979132445121
1958 2.035979132445121
1959 1.95713819633359
1960 1.95713819633359
1961 2.050455052334126
1962 2.050455052334126
1963 1.853975723279549
1964 1.853975723279549
1965 2.0435085106371464
1966 2.0435085106371464
1967 1.777910079814311
1968 1.777910079814311
1969 1.9239789454215284
1970 1.9239789454215284
1971 1.9774010242878721
1972 1.9774010242878721
1973 2.0530597753489186
1974 2.0530597753489186
1975 1.8279003253758492
1976 1.8279003253758492
1977 2.080804198964306
1978 2.080804198964306
1979 2.0100909218951233
1980 2.0100909218951233
1981 2.0378342829403557
1982 2.0378342829403557
1983 2.040794560408676
1984 2.040794560408676
1985 1.956066904269029
1986 1.956066904269029
1987 2.3432488877879694
1988 2.3432488877879694
1989 1.9956518392716667
1990 1.9956518392716667
1991 2.1572212442137673
1992 2.1572212442137673
1993 1.942994443086661
1994 1.942994443086661
1995 1.9959983863420379
1996 1.9959983863420379
1997 1.977173557034254
1998 1.977173557034254
1999 2.2439107386597
