0 2.0090660241988347
1 2.0090660241988347
2 2.050333521391817
3 2.050333521391817
4 1.9704490390774123
5 1.9704490390774123
6 1.6855146767773752
7 1.6855146767773752
8 2.519719546074284
9 2.519719546074284
10 2.9006311872616077
11 2.9006311872616077
12 1.779287580414648
13 1.779287580414648
14 1.9800635010353644
15 1.9800635010353644
16 2.0542399265602596
17 2.0542399265602596
18 2.1995809149251473
19 2.1995809149251473
20 1.574063127130067
21 1.574063127130067
22 2.2531803612465637
23 2.2531803612465637
24 1.2575449525576814
25 1.2575449525576814
26 1.850985996968448
27 1.850985996968448
28 2.3638912718048446
29 2.3638912718048446
30 2.200873723082728
31 2.200873723082728
32 2.832589011947727
33 2.832589011947727
34 1.7841806999473024
35 1.7841806999473024
36 3.13008441071176
37 3.13008441071176
38 2.16011708198001
39 2.16011708198001
40 2.4993286969517294
41 2.4993286969517294
42 1.8823956392629242
43 1.8823956392629242
44 2.3025121007080673
45 2.3025121007080673
46 3.133014360943262
47 3.133014360943262
48 2.6732559610916953
49 2.6732559610916953
50 2.0946605867157366
51 2.0946605867157366
52 2.5947918786502666
53 2.5947918786502666
54 1.7672938586504163
55 1.7672938586504163
56 1.5273615341220168
57 1.5273615341220168
58 2.36081851032826
59 2.36081851032826
60 0.8999989536675075
61 0.8999989536675075
62 1.825874861520958
63 1.825874861520958
64 1.878830247061709
65 1.878830247061709
66 1.9918995736972944
67 1.9918995736972944
68 1.430793616170601
69 1.430793616170601
70 2.452837850149952
71 2.452837850149952
72 1.8147051375476455
73 1.8147051375476455
74 2.411566368351009
75 2.411566368351009
76 2.7448037630441755
77 2.7448037630441755
78 1.3444108623573725
79 1.3444108623573725
80 1.900861694352892
81 1.900861694352892
82 1.7991131700705933
83 1.7991131700705933
84 1.9009456448929072
85 1.9009456448929072
86 2.066265845788717
87 2.066265845788717
88 1.8386123153174274
89 1.8386123153174274
90 1.1018259917016988
91 1.1018259917016988
92 2.40411206571323
93 2.40411206571323
94 2.6845904155780254
95 2.6845904155780254
96 2.4824547591364112
97 2.4824547591364112
98 1.8153207398516473
99 1.8153207398516473
100 2.076721710863372
101 2.076721710863372
102 3.025486606905904
103 3.025486606905904
104 2.066571703422737
105 2.066571703422737
106 1.5532053239001722
107 1.5532053239001722
108 2.1949017363106402
109 2.1949017363106402
110 2.335018760504563
111 2.335018760504563
112 2.559747072581588
113 2.559747072581588
114 2.5894099355144506
115 2.5894099355144506
116 1.8838090653426462
117 1.8838090653426462
118 1.4132742714611697
119 1.4132742714611697
120 1.6203088005352189
121 1.6203088005352189
122 1.6137713446971889
123 1.6137713446971889
124 2.5519898112179193
125 2.5519898112179193
126 2.613690445576271
127 2.613690445576271
128 1.4272163641442566
129 1.4272163641442566
130 2.2924114822077373
131 2.2924114822077373
132 0.8297858786635772
133 0.8297858786635772
134 1.8579726525287925
135 1.8579726525287925
136 2.4974669012257324
137 2.4974669012257324
138 1.7224835179797682
139 1.7224835179797682
140 3.0815261462408525
141 3.0815261462408525
142 2.349270475951099
143 2.349270475951099
144 2.045106145937809
145 2.045106145937809
146 2.8382147544775815
147 2.8382147544775815
148 2.02100383184925
149 2.02100383184925
150 2.50731650667438
151 2.50731650667438
152 1.6321574297189338
153 1.6321574297189338
154 3.064312382927568
155 3.064312382927568
156 1.5673611184592289
157 1.5673611184592289
158 1.137700910464112
159 1.137700910464112
160 2.095430358474166
161 2.095430358474166
162 1.296261131129825
163 1.296261131129825
164 1.76540575268008
165 1.76540575268008
166 2.310560225940097
167 2.310560225940097
168 1.912760730585265
169 1.912760730585265
170 2.4391949988089725
171 2.4391949988089725
172 1.7329616974404096
173 1.7329616974404096
174 1.9966707088258269
175 1.9966707088258269
176 1.4128415085572774
177 1.4128415085572774
178 2.2210633008767657
179 2.2210633008767657
180 2.9059336805463385
181 2.9059336805463385
182 2.287800398193663
183 2.287800398193663
184 1.8456166132659484
185 1.8456166132659484
186 1.157187220903511
187 1.157187220903511
188 2.1502324826743715
189 2.1502324826743715
190 1.8130464117536473
191 1.8130464117536473
192 2.3382089548622025
193 2.3382089548622025
194 2.253654286759451
195 2.253654286759451
196 2.223890863989359
197 2.223890863989359
198 1.8517424744420554
199 1.8517424744420554
200 2.0775704894146214
201 2.0775704894146214
202 1.5822877609263961
203 1.5822877609263961
204 1.9124674665059118
205 1.9124674665059118
206 1.8840415074352466
207 1.8840415074352466
208 2.19791128824179
209 2.19791128824179
210 2.15211787021998
211 2.15211787021998
212 2.804718918314408
213 2.804718918314408
214 1.5537999939391214
215 1.5537999939391214
216 2.4503154051437814
217 2.4503154051437814
218 1.7608278532907822
219 1.7608278532907822
220 1.8258897589721828
221 1.8258897589721828
222 2.0455775368996347
223 2.0455775368996347
224 1.808825982421525
225 1.808825982421525
226 1.774011947590375
227 1.774011947590375
228 2.091571487337674
229 2.091571487337674
230 1.696388307138479
231 1.696388307138479
232 2.7771783538497137
233 2.7771783538497137
234 1.480205305106918
235 1.480205305106918
236 2.3699665023981256
237 2.3699665023981256
238 2.158181790149253
239 2.158181790149253
240 2.061091649391023
241 2.061091649391023
242 1.8347467798497414
243 1.8347467798497414
244 1.562503533248913
245 1.562503533248913
246 1.2378992075339592
247 1.2378992075339592
248 1.9814647663917733
249 1.9814647663917733
250 1.8041634535399338
251 1.8041634535399338
252 1.6359497637962765
253 1.6359497637962765
254 2.566323297719845
255 2.566323297719845
256 2.8104111164573484
257 2.8104111164573484
258 1.5878090716513935
259 1.5878090716513935
260 1.3349097329258792
261 1.3349097329258792
262 1.6638645800737815
263 1.6638645800737815
264 2.0628049078099635
265 2.0628049078099635
266 2.1268940351455754
267 2.1268940351455754
268 1.993201319234934
269 1.993201319234934
270 1.5755833104408923
271 1.5755833104408923
272 2.5160523290763535
273 2.5160523290763535
274 2.1208298109004926
275 2.1208298109004926
276 1.6701417242819314
277 1.6701417242819314
278 1.7462263761800312
279 1.7462263761800312
280 1.8988502307434287
281 1.8988502307434287
282 2.5705366601650304
283 2.5705366601650304
284 2.4706864697332733
285 2.4706864697332733
286 1.9931343884010242
287 1.9931343884010242
288 2.0438628443322404
289 2.0438628443322404
290 2.3188585386621248
291 2.3188585386621248
292 2.4184548916476625
293 2.4184548916476625
294 1.3012057721013566
295 1.3012057721013566
296 1.78528182470879
297 1.78528182470879
298 1.345936482006318
299 1.345936482006318
300 2.1821699755811426
301 2.1821699755811426
302 2.465956385858008
303 2.465956385858008
304 2.448901664939462
305 2.448901664939462
306 1.6479723999212554
307 1.6479723999212554
308 1.8228053964785604
309 1.8228053964785604
310 2.54640556734799
311 2.54640556734799
312 2.3204192430508894
313 2.3204192430508894
314 2.0727770557963057
315 2.0727770557963057
316 2.0684529551004376
317 2.0684529551004376
318 1.5010160783184539
319 1.5010160783184539
320 2.552946416355229
321 2.552946416355229
322 1.9799058338256768
323 1.9799058338256768
324 2.1697374582369218
325 2.1697374582369218
326 1.5320141192496628
327 1.5320141192496628
328 1.2522402581293002
329 1.2522402581293002
330 2.070668237301152
331 2.070668237301152
332 1.6711243582360926
333 1.6711243582360926
334 1.5588843121143028
335 1.5588843121143028
336 2.123985373565718
337 2.123985373565718
338 1.5124697956715796
339 1.5124697956715796
340 1.6020839166398964
341 1.6020839166398964
342 1.527123654281565
343 1.527123654281565
344 2.0789827275841395
345 2.0789827275841395
346 2.7020660958762344
347 2.7020660958762344
348 2.3792939095190153
349 2.3792939095190153
350 2.6179042094855873
351 2.6179042094855873
352 1.7721670007295014
353 1.7721670007295014
354 1.7916691512918097
355 1.7916691512918097
356 2.4108239403992395
357 2.4108239403992395
358 1.9821986837340677
359 1.9821986837340677
360 2.4407258161351333
361 2.4407258161351333
362 1.3521227540382865
363 1.3521227540382865
364 2.462301138959293
365 2.462301138959293
366 2.4672478334674834
367 2.4672478334674834
368 1.6124466177065737
369 1.6124466177065737
370 2.3605595371796935
371 2.3605595371796935
372 2.0465616021063258
373 2.0465616021063258
374 1.6685337926197945
375 1.6685337926197945
376 1.73307879398591
377 1.73307879398591
378 1.567249682095596
379 1.567249682095596
380 1.9979938027845945
381 1.1561575774697337
382 1.1561575774697337
383 2.12224434165992
384 2.12224434165992
385 1.2389246893348949
386 1.2389246893348949
387 0.6126608345473976
388 0.6126608345473976
389 0.6983979498017151
390 0.6983979498017151
391 0.7336164269807707
392 0.7336164269807707
393 0.8265840474148336
394 0.8265840474148336
395 0.8068809069309519
396 0.8068809069309519
397 0.6478885307194223
398 0.6478885307194223
399 0.5705282581640446
400 0.5705282581640446
401 0.8994398697038456
402 0.8994398697038456
403 0.5600803241742897
404 0.5600803241742897
405 0.6403928488944445
406 0.6403928488944445
407 0.6488297864759618
408 0.6488297864759618
409 0.6959688257750142
410 0.6959688257750142
411 0.6905782584867253
412 0.6905782584867253
413 0.6130813525500471
414 0.6130813525500471
415 0.8841186933515139
416 0.8841186933515139
417 0.9550402869289276
418 0.9550402869289276
419 0.7680169363184114
420 0.7680169363184114
421 0.863684889901035
422 0.863684889901035
423 0.48527025683162056
424 0.48527025683162056
425 0.5841778181676542
426 0.5841778181676542
427 0.6382264706099956
428 0.6382264706099956
429 0.577400126182555
430 0.577400126182555
431 0.7285797535000467
432 0.7285797535000467
433 0.6558522833183598
434 0.6558522833183598
435 0.793040902473467
436 0.793040902473467
437 0.7698672242047511
438 0.7698672242047511
439 0.6569638024579498
440 0.6569638024579498
441 0.60006337193766
442 0.60006337193766
443 0.770236713813802
444 0.770236713813802
445 0.7170140791568154
446 0.7170140791568154
447 0.6210135971325944
448 0.6210135971325944
449 0.7720275850122573
450 0.7720275850122573
451 0.4672210050496681
452 0.4672210050496681
453 0.6734566555801357
454 0.6734566555801357
455 0.6428363166505802
456 0.6428363166505802
457 0.8329227811802615
458 0.8329227811802615
459 0.6283596025478677
460 0.6283596025478677
461 0.46173125760689854
462 0.46173125760689854
463 0.4162954510108934
464 0.4162954510108934
465 0.6379110431532697
466 0.6379110431532697
467 0.5714189757054267
468 0.5714189757054267
469 0.6919025931702759
470 0.6919025931702759
471 0.743863785854009
472 0.743863785854009
473 0.6058449232084808
474 0.6058449232084808
475 0.7460834143910854
476 0.7460834143910854
477 0.601899641070585
478 0.601899641070585
479 0.5973074938236324
480 0.5973074938236324
481 0.7136329488522515
482 0.7136329488522515
483 0.6226596311360431
484 0.6226596311360431
485 0.6946917818062113
486 0.6946917818062113
487 0.6959721841923455
488 0.6959721841923455
489 0.458802488404342
490 0.458802488404342
491 2.9445180916684204
492 2.9445180916684204
493 3.1105863943166208
494 3.1105863943166208
495 3.5868625429881846
496 3.5868625429881846
497 3.1297826740769237
498 3.1297826740769237
499 2.0469547347195203
500 2.0469547347195203
501 2.934270744262046
502 2.934270744262046
503 2.708660171255354
504 2.708660171255354
505 1.7427769223358365
506 1.7427769223358365
507 2.724553614778107
508 2.724553614778107
509 3.3888886756128414
510 3.3888886756128414
511 2.721586036515116
512 2.721586036515116
513 2.910655978548064
514 2.910655978548064
515 3.841358954948761
516 3.841358954948761
517 2.791372923550598
518 2.791372923550598
519 2.52167354925522
520 2.52167354925522
521 2.917321312482088
522 2.917321312482088
523 1.9765262674257795
524 1.9765262674257795
525 2.6842787092593503
526 0.8865075292024409
527 0.8865075292024409
528 0.9837025698741269
529 0.9837025698741269
530 1.318147291058053
531 1.318147291058053
532 1.2941650124006254
533 1.2941650124006254
534 0.9769055649633862
535 0.9769055649633862
536 1.1685362939919635
537 1.1685362939919635
538 0.7864024740937081
539 0.7864024740937081
540 1.0778693423948076
541 1.0778693423948076
542 1.0489498838126272
543 1.0489498838126272
544 1.0341531498247583
545 1.0341531498247583
546 1.0238543113092144
547 1.0238543113092144
548 1.252198703079615
549 1.252198703079615
550 1.3044135049698125
551 1.3044135049698125
552 0.7872275255104353
553 0.7872275255104353
554 1.4289798096065098
555 1.4289798096065098
556 0.8871183107696474
557 0.8871183107696474
558 1.340456495469116
559 1.340456495469116
560 1.405668011411791
561 1.405668011411791
562 1.1816859174526535
563 1.1816859174526535
564 0.8808646760914466
565 0.8808646760914466
566 1.2499928685380008
567 1.2499928685380008
568 1.426768603201539
569 1.426768603201539
570 1.2158965751532886
571 1.2158965751532886
572 0.998349443037313
573 0.998349443037313
574 1.1799490903164696
575 1.1799490903164696
576 1.4427511056764968
577 1.4427511056764968
578 1.404103595722123
579 1.404103595722123
580 0.995899753965995
581 0.995899753965995
582 1.3522300245977954
583 1.3522300245977954
584 0.7822867463507817
585 0.7822867463507817
586 0.5012812447951726
587 0.5012812447951726
588 1.3374067213677368
589 1.3374067213677368
590 0.9381571557774963
591 0.9381571557774963
592 0.949661382122662
593 0.949661382122662
594 1.1771999791737249
595 1.1771999791737249
596 2.7558183858471077
597 2.7558183858471077
598 2.880319253358964
599 2.880319253358964
600 2.9408347554497274
601 2.9408347554497274
602 2.505108886816867
603 2.505108886816867
604 1.525340698103455
605 1.525340698103455
606 1.758507031875113
607 1.758507031875113
608 1.6021460038910522
609 1.6021460038910522
610 3.230070445217792
611 3.230070445217792
612 1.9257657951248408
613 1.9257657951248408
614 2.6758724347835963
615 2.6758724347835963
616 2.7497247702497094
617 2.7497247702497094
618 1.1515550647094028
619 1.1515550647094028
620 2.0481447462901428
621 2.0481447462901428
622 2.8490895437667163
623 2.8490895437667163
624 2.5461694410932316
625 2.5461694410932316
626 2.2091742582840306
627 2.2091742582840306
628 3.06245331032973
629 0.93313799338754
630 0.93313799338754
631 0.863646665279897
632 0.863646665279897
633 0.7253179120636506
634 0.7253179120636506
635 0.8982241969870995
636 0.8982241969870995
637 1.1168564866274013
638 1.1168564866274013
639 0.9080751966182026
640 0.9080751966182026
641 0.9045243303920416
642 0.9045243303920416
643 1.61524677044944
644 1.61524677044944
645 2.8296225232214987
646 2.8296225232214987
647 2.911412547723946
648 2.911412547723946
649 2.317929976756864
650 2.317929976756864
651 4.0507090601055395
652 4.0507090601055395
653 3.007565806624997
654 3.007565806624997
655 3.3863589163191774
656 3.3863589163191774
657 5.1312905972298335
658 5.1312905972298335
659 4.493587401493752
660 4.493587401493752
661 3.3886229706281603
662 3.3886229706281603
663 2.803901095485721
664 2.803901095485721
665 3.6737431574963684
666 3.6737431574963684
667 4.683629042902645
668 4.683629042902645
669 4.0281138827133045
670 4.0281138827133045
671 3.8410260455038863
672 3.8410260455038863
673 4.985917054881055
674 4.985917054881055
675 4.188070379535817
676 4.188070379535817
677 2.96480850216986
678 2.96480850216986
679 4.62903969628754
680 4.62903969628754
681 2.8492055711250397
682 2.8492055711250397
683 4.484231427159574
684 4.484231427159574
685 4.716866868125452
686 4.716866868125452
687 4.191007482450167
688 4.191007482450167
689 4.891835260505171
690 4.891835260505171
691 4.996627912324937
692 4.996627912324937
693 4.707449643581015
694 4.707449643581015
695 3.6049722387364005
696 3.6049722387364005
697 4.014942845771064
698 4.014942845771064
699 4.868109332740756
700 4.868109332740756
701 3.0535521736651954
702 3.0535521736651954
703 2.231130565276671
704 2.231130565276671
705 3.33345460261088
706 3.33345460261088
707 4.01906935822582
708 4.01906935822582
709 2.965784353607274
710 3.7742454072619744
711 3.7742454072619744
712 4.328091454705302
713 4.328091454705302
714 2.9096382223418655
715 2.9096382223418655
716 2.8248168154437456
717 2.8248168154437456
718 4.027957136149791
719 4.027957136149791
720 2.5243919370768824
721 2.5243919370768824
722 4.485079603545145
723 4.485079603545145
724 4.538263998769836
725 4.538263998769836
726 4.917273584427664
727 4.917273584427664
728 3.0333814120979694
729 3.0333814120979694
730 2.6865095858767836
731 2.6865095858767836
732 2.2471705117681817
733 2.2471705117681817
734 2.43054312292771
735 2.43054312292771
736 2.829831947958131
737 2.829831947958131
738 2.3052431698440397
739 2.3052431698440397
740 3.5235015847866475
741 3.5235015847866475
742 2.8604065849311042
743 2.8604065849311042
744 3.6951350030073287
745 3.6951350030073287
746 4.11994960904282
747 4.11994960904282
748 3.984592409191727
749 3.984592409191727
750 3.3218067209051285
751 3.3218067209051285
752 2.3099105794079806
753 2.3099105794079806
754 3.592955128914445
755 3.592955128914445
756 3.0076985922915354
757 3.0076985922915354
758 3.3959777867522334
759 3.3959777867522334
760 4.27250243633475
761 4.27250243633475
762 3.4970972224105186
763 3.4970972224105186
764 4.182915964317859
765 4.182915964317859
766 2.224581342708502
767 2.224581342708502
768 4.274158542720726
769 4.274158542720726
770 3.6285268422383465
771 3.6285268422383465
772 4.334036556492642
773 4.334036556492642
774 2.9669426267400985
775 2.9669426267400985
776 3.803789756004807
777 3.803789756004807
778 3.7850609334115273
779 3.7850609334115273
780 2.8182702187000634
781 2.8182702187000634
782 3.5691031720269533
783 3.5691031720269533
784 2.541550583863488
785 2.541550583863488
786 3.534232471724477
787 3.534232471724477
788 4.290654272314869
789 4.290654272314869
790 3.376810311476004
791 3.376810311476004
792 3.052542154483167
793 3.052542154483167
794 5.606277010385732
795 5.606277010385732
796 3.860980630395496
797 3.860980630395496
798 5.09180776671173
799 5.09180776671173
800 2.057058169450168
801 2.057058169450168
802 4.510670969817099
803 4.510670969817099
804 2.6972622525323273
805 2.6972622525323273
806 3.986923053957926
807 3.986923053957926
808 3.7686942782831294
809 3.7686942782831294
810 3.0960299014097274
811 3.0960299014097274
812 3.578337902110501
813 3.578337902110501
814 4.194683237678504
815 4.194683237678504
816 4.038448559903875
817 4.038448559903875
818 4.287989278679489
819 4.287989278679489
820 3.8044273088663187
821 3.8044273088663187
822 4.521534485892696
823 4.521534485892696
824 3.807219219158977
825 3.807219219158977
826 6.590217459506496
827 6.590217459506496
828 4.821603331423089
829 4.821603331423089
830 4.902447163516694
831 4.902447163516694
832 3.802989423219885
833 3.802989423219885
834 5.464113014937553
835 5.464113014937553
836 6.46688485919672
837 6.46688485919672
838 4.250386783234183
839 4.250386783234183
840 3.6258275856164235
841 3.6258275856164235
842 3.600079859281673
843 3.600079859281673
844 3.845792411910544
845 3.845792411910544
846 1.5496400165007693
847 1.5496400165007693
848 3.4369994943974973
849 3.4369994943974973
850 5.659375776487929
851 5.659375776487929
852 3.0433355789806975
853 2.069619953195985
854 2.069619953195985
855 1.332982894224878
856 1.332982894224878
857 1.1800910314602149
858 1.1800910314602149
859 1.9510238798643709
860 1.9510238798643709
861 1.616336237812362
862 1.616336237812362
863 0.7794328800897372
864 0.7794328800897372
865 1.279452281196418
866 1.279452281196418
867 2.002685794764493
868 2.002685794764493
869 1.1118099420954466
870 1.1118099420954466
871 1.310997067132313
872 1.310997067132313
873 2.013285869209483
874 2.013285869209483
875 1.1473869341508345
876 1.1473869341508345
877 1.6545924148759894
878 1.6545924148759894
879 1.8174389895141172
880 1.8174389895141172
881 1.4747727893257037
882 1.4747727893257037
883 1.3940716884090367
884 1.3940716884090367
885 1.5048968825334648
886 1.5048968825334648
887 1.8797611512799997
888 1.8797611512799997
889 1.3382187501336613
890 1.3382187501336613
891 1.7090992212623883
892 1.7090992212623883
893 0.9650721079815423
894 0.9650721079815423
895 0.9925562382493572
896 0.9925562382493572
897 0.8186367832528976
898 0.8186367832528976
899 1.3129213932285277
900 1.3129213932285277
901 1.518982460238546
902 1.518982460238546
903 1.751273168876857
904 1.751273168876857
905 1.5086133897439766
906 1.5086133897439766
907 1.3161539703038412
908 1.3161539703038412
909 2.0126064322556587
910 2.0126064322556587
911 1.8959989835522029
912 1.8959989835522029
913 1.1046781500288314
914 1.1046781500288314
915 1.1531118289745397
916 1.1531118289745397
917 1.419761491933844
918 1.419761491933844
919 2.0960091503406737
920 2.0960091503406737
921 1.734723176387493
922 1.734723176387493
923 1.4354414199565204
924 1.4354414199565204
925 1.1476296758883415
926 1.1476296758883415
927 0.9287170583752306
928 0.9287170583752306
929 1.6521988737479618
930 1.6521988737479618
931 1.5700373697104766
932 1.5700373697104766
933 1.6581576039418573
934 1.6581576039418573
935 3.805060125353351
936 3.805060125353351
937 4.063565934709917
938 4.063565934709917
939 4.67532598049916
940 4.67532598049916
941 3.99719307553632
942 3.99719307553632
943 4.936806680689518
944 4.936806680689518
945 3.609600436645943
946 3.609600436645943
947 3.293837694642603
948 3.293837694642603
949 4.649398733874795
950 4.649398733874795
951 4.537697570780648
952 4.537697570780648
953 4.291876256224405
954 4.291876256224405
955 2.5797517039973545
956 2.5797517039973545
957 4.899401001916619
958 4.899401001916619
959 3.7068872179896313
960 3.7068872179896313
961 3.0172578972237796
962 3.0172578972237796
963 3.2045605445678507
964 3.2045605445678507
965 3.4034971224127752
966 3.4034971224127752
967 3.9449269387485333
968 3.9449269387485333
969 3.8911537097095965
970 3.8911537097095965
971 2.9734373102429505
972 2.9734373102429505
973 2.373910394028904
974 2.373910394028904
975 4.670756018880022
976 4.670756018880022
977 4.870235114182052
978 4.870235114182052
979 2.9449618001013866
980 2.9449618001013866
981 5.021090246722099
982 5.021090246722099
983 2.650373507382435
984 2.650373507382435
985 2.3368978305369987
986 2.3368978305369987
987 4.0835250870160404
988 4.0835250870160404
989 5.077755024997856
990 5.077755024997856
991 4.680764872924287
992 4.680764872924287
993 2.5021124520727867
994 2.5021124520727867
995 2.664475686139547
996 2.664475686139547
997 3.840229598533948
998 3.840229598533948
999 3.020050474176895
1000 3.020050474176895
1001 4.174265089940931
1002 4.174265089940931
1003 3.203888944792494
1004 3.203888944792494
1005 2.6009392006905925
1006 2.6009392006905925
1007 4.546470883056227
1008 4.546470883056227
1009 4.453987425716443
1010 4.453987425716443
1011 3.9339727479249684
1012 3.9339727479249684
1013 3.1015882493059364
1014 3.1015882493059364
1015 4.826162116264807
1016 4.826162116264807
1017 5.034021987830247
1018 5.034021987830247
1019 4.170605344786871
1020 4.170605344786871
1021 4.744586174288616
1022 4.744586174288616
1023 3.866735215499313
1024 3.866735215499313
1025 4.018387463869744
1026 4.018387463869744
1027 2.395125098155152
1028 2.395125098155152
1029 4.145094034087693
1030 4.145094034087693
1031 2.6174789460096255
1032 2.6174789460096255
1033 4.163630346543546
1034 4.163630346543546
1035 3.5165455192948025
1036 3.5165455192948025
1037 4.469006501173007
1038 4.469006501173007
1039 3.6296994390730917
1040 3.6296994390730917
1041 4.593376613754812
1042 4.593376613754812
1043 5.022782362275831
1044 5.022782362275831
1045 3.912145384845918
1046 3.912145384845918
1047 1.366347964742224
1048 1.366347964742224
1049 1.1309470624721942
1050 1.1309470624721942
1051 1.36787502779157
1052 1.36787502779157
1053 1.7172984343698536
1054 1.7172984343698536
1055 1.4952443846086036
1056 1.4952443846086036
1057 1.7846499609361528
1058 1.7846499609361528
1059 1.5488251702240612
1060 1.5488251702240612
1061 1.1792028167812731
1062 1.1792028167812731
1063 1.6278029609374423
1064 1.6278029609374423
1065 1.5835347869603442
1066 1.5835347869603442
1067 1.6083521877791054
1068 1.6083521877791054
1069 1.5897012249131302
1070 1.5897012249131302
1071 1.1476323900430254
1072 1.1476323900430254
1073 1.5854761381427487
1074 1.5854761381427487
1075 0.23235082957928072
1076 0.23235082957928072
1077 0.12870453378925967
1078 0.12870453378925967
1079 0.2872800776951892
1080 0.2872800776951892
1081 0.2278687305252669
1082 0.2278687305252669
1083 0.22192945384601678
1084 0.22192945384601678
1085 0.1815937368392248
1086 0.1815937368392248
1087 2.4016236930665906
1088 2.4016236930665906
1089 1.3579947764664717
1090 1.3579947764664717
1091 1.756558644409124
1092 1.756558644409124
1093 2.303377290914152
1094 2.303377290914152
1095 2.2552167793625544
1096 2.2552167793625544
1097 1.4093356690522012
1098 1.4093356690522012
1099 2.282834515280937
1100 2.282834515280937
1101 1.97060983165161
1102 1.97060983165161
1103 1.7615894302231332
1104 1.7615894302231332
1105 1.40801119907335
1106 1.40801119907335
1107 2.7287739776547153
1108 2.7287739776547153
1109 1.2527916806868848
1110 1.2527916806868848
1111 1.7670849637222674
1112 1.7670849637222674
1113 2.287654698458909
1114 2.287654698458909
1115 2.01556476911725
1116 2.01556476911725
1117 1.707887089878416
1118 1.707887089878416
1119 1.8243867824675797
1120 1.8243867824675797
1121 2.970420856357526
1122 2.970420856357526
1123 1.7996683163287495
1124 1.7996683163287495
1125 1.9947486848401887
1126 1.9947486848401887
1127 2.210145856539994
1128 2.210145856539994
1129 1.9893025188936793
1130 1.9893025188936793
1131 2.051609507929654
1132 2.051609507929654
1133 2.3223966414734782
1134 2.3223966414734782
1135 2.133253934188081
1136 2.133253934188081
1137 2.2975271026687114
1138 2.2975271026687114
1139 2.7695422315227036
1140 2.7695422315227036
1141 1.9606482194339752
1142 1.9606482194339752
1143 2.2111036801460173
1144 2.2111036801460173
1145 1.7375792445887157
1146 1.7375792445887157
1147 2.1395303408426978
1148 2.1395303408426978
1149 1.8146772145278922
1150 1.8146772145278922
1151 2.487463668181893
1152 2.487463668181893
1153 2.3558030704698454
1154 2.3558030704698454
1155 2.0705860494387482
1156 2.0705860494387482
1157 2.086701378828653
1158 2.086701378828653
1159 2.7675156639578415
1160 2.7675156639578415
1161 2.717364774538999
1162 2.717364774538999
1163 2.40251521200551
1164 2.40251521200551
1165 1.8477131921488223
1166 1.8477131921488223
1167 2.6394480973286223
1168 2.6394480973286223
1169 1.3423994319732917
1170 1.3423994319732917
1171 2.3122119272375783
1172 2.3122119272375783
1173 1.738872328205943
1174 1.738872328205943
1175 0.990939453897137
1176 0.990939453897137
1177 1.729891079149257
1178 1.729891079149257
1179 2.562992423439249
1180 2.562992423439249
1181 1.4242072290516166
1182 1.4242072290516166
1183 2.041136679207388
1184 2.041136679207388
1185 1.8454701428654723
1186 1.8454701428654723
1187 2.12151043616613
1188 2.12151043616613
1189 2.381335285162269
1190 2.381335285162269
1191 2.0377961716491746
1192 2.0377961716491746
1193 2.2906996512650935
1194 2.2906996512650935
1195 1.6054457790063486
1196 1.6054457790063486
1197 2.204657561996623
1198 2.204657561996623
1199 1.688323867282533
1200 1.688323867282533
1201 2.2728314937818057
1202 2.2728314937818057
1203 2.3930633791247966
1204 2.3930633791247966
1205 2.4932630308508186
1206 2.4932630308508186
1207 2.7500913666373066
1208 2.7500913666373066
1209 2.1554380810665488
1210 2.1554380810665488
1211 1.980310820585663
1212 1.980310820585663
1213 1.8996177555140439
1214 1.8996177555140439
1215 2.2472221375348695
1216 2.2472221375348695
1217 2.423661188811729
1218 2.423661188811729
1219 2.701754869305264
1220 2.701754869305264
1221 1.361926839521881
1222 1.361926839521881
1223 1.4579468989797078
1224 1.4579468989797078
1225 2.0854105447758187
1226 2.0854105447758187
1227 2.645985756695789
1228 2.645985756695789
1229 1.6877437234787527
1230 1.6877437234787527
1231 2.221678558856931
1232 2.221678558856931
1233 2.414012171432944
1234 2.414012171432944
1235 2.2891540928760117
1236 2.2891540928760117
1237 1.960416961297502
1238 1.960416961297502
1239 1.9201998905546753
1240 1.9201998905546753
1241 2.525948989218317
1242 2.525948989218317
1243 0.7631216509572913
1244 0.7631216509572913
1245 2.6148569398156956
1246 2.6148569398156956
1247 2.0987582003772918
1248 2.0987582003772918
1249 2.179568791994227
1250 2.179568791994227
1251 2.1652748280313228
1252 2.1652748280313228
1253 1.215466322085406
1254 1.215466322085406
1255 2.4376937747246017
1256 2.4376937747246017
1257 2.3821504879069293
1258 2.3821504879069293
1259 1.6116203384983687
1260 1.6116203384983687
1261 2.48775374601697
1262 2.48775374601697
1263 2.3739824332778756
1264 2.3739824332778756
1265 2.1821062037858727
1266 2.1821062037858727
1267 1.9451585915063305
1268 1.9451585915063305
1269 2.192362560625903
1270 2.192362560625903
1271 2.348763061328074
1272 2.348763061328074
1273 1.9157813338409724
1274 1.9157813338409724
1275 2.2160054347210627
1276 2.2160054347210627
1277 1.5611307082667432
1278 1.5611307082667432
1279 1.591149805984322
1280 1.591149805984322
1281 2.12995137027932
1282 2.12995137027932
1283 2.1631508146162486
1284 2.1631508146162486
1285 2.585587788582198
1286 2.585587788582198
1287 1.6395943478301358
1288 1.6395943478301358
1289 1.5470047064514416
1290 1.5470047064514416
1291 2.152791983848842
1292 2.152791983848842
1293 2.2112762497253065
1294 2.2112762497253065
1295 2.962715879553625
1296 2.962715879553625
1297 2.133861354258322
1298 2.133861354258322
1299 2.0118109318508726
1300 2.0118109318508726
1301 1.6543783333617645
1302 1.6543783333617645
1303 2.5861353883088074
1304 2.5861353883088074
1305 1.3789971001461658
1306 1.3789971001461658
1307 2.504963955736163
1308 2.504963955736163
1309 1.7448298196525673
1310 1.7448298196525673
1311 1.7911129316493621
1312 1.7911129316493621
1313 1.8757056677619157
1314 1.8757056677619157
1315 1.3999697162707612
1316 1.3999697162707612
1317 2.5650967452739972
1318 2.5650967452739972
1319 2.481155760565483
1320 2.481155760565483
1321 2.3046090521226192
1322 2.3046090521226192
1323 2.26204391794382
1324 2.26204391794382
1325 2.1274614285763125
1326 2.1274614285763125
1327 2.218627197396216
1328 2.218627197396216
1329 2.320171525665159
1330 2.320171525665159
1331 1.3987941194138762
1332 1.3987941194138762
1333 1.4161605057085882
1334 1.4161605057085882
1335 2.6013476930909056
1336 2.6013476930909056
1337 1.5516719314415366
1338 1.5516719314415366
1339 2.067161247661011
1340 2.067161247661011
1341 1.5174088247147852
1342 1.5174088247147852
1343 2.118088860714367
1344 2.118088860714367
1345 1.6532130886588545
1346 1.6532130886588545
1347 2.3279937942360167
1348 2.3279937942360167
1349 1.4557298646068721
1350 1.4557298646068721
1351 2.7159794849035603
1352 2.7159794849035603
1353 2.13957986218914
1354 2.13957986218914
1355 2.342764505253512
1356 2.342764505253512
1357 2.7208084727591055
1358 2.7208084727591055
1359 1.5872649379067536
1360 1.5872649379067536
1361 2.2322809891856887
1362 2.2322809891856887
1363 1.822414370835339
1364 1.2859028295770853
1365 1.2859028295770853
1366 1.8647469176754612
1367 1.8647469176754612
1368 1.1778090677153141
1369 1.1778090677153141
1370 1.4939036548286149
1371 1.4939036548286149
1372 1.8507036677097162
1373 1.8507036677097162
1374 2.167411448167483
1375 2.167411448167483
1376 1.648918029670848
1377 1.648918029670848
1378 1.683740525431438
1379 1.683740525431438
1380 1.4725451461122163
1381 1.4725451461122163
1382 2.2130489159237436
1383 2.2130489159237436
1384 2.177324276043661
1385 2.177324276043661
1386 1.2004597070959602
1387 1.2004597070959602
1388 1.6266803997404982
1389 1.6266803997404982
1390 1.2861967193465313
1391 1.2861967193465313
1392 1.3411940877817272
1393 1.3411940877817272
1394 1.677617449678986
1395 1.677617449678986
1396 1.6874668611881234
1397 1.6874668611881234
1398 1.3497311745143956
1399 1.3497311745143956
1400 1.5253280574053085
1401 1.5253280574053085
1402 1.80570386436513
1403 1.80570386436513
1404 1.3728824131005355
1405 1.3728824131005355
1406 1.382147241751652
1407 1.382147241751652
1408 1.547866810357292
1409 1.547866810357292
1410 1.7996347623403803
1411 1.7996347623403803
1412 1.7054031348086585
1413 1.7054031348086585
1414 1.5634533599788196
1415 1.5634533599788196
1416 1.585328393446415
1417 1.585328393446415
1418 0.8177269474182164
1419 0.8177269474182164
1420 1.5747153087504193
1421 1.5747153087504193
1422 1.1053248737919572
1423 1.1053248737919572
1424 1.5514355155872366
1425 1.5514355155872366
1426 1.1254103065734729
1427 1.1254103065734729
1428 1.184305256967305
1429 1.184305256967305
1430 1.658060752038399
1431 1.658060752038399
1432 1.6996258887865676
1433 1.6996258887865676
1434 1.9932058940559434
1435 1.9932058940559434
1436 0.8758220686747532
1437 0.8758220686747532
1438 1.6272175684098018
1439 1.6272175684098018
1440 1.2244214042394006
1441 1.2244214042394006
1442 1.506535419038593
1443 1.506535419038593
1444 1.2225206583519088
1445 1.2225206583519088
1446 2.009913677408721
1447 2.009913677408721
1448 1.7101113793566287
1449 1.7101113793566287
1450 1.5718458889302096
1451 1.5718458889302096
1452 2.4093677542417784
1453 2.4093677542417784
1454 1.440562868452302
1455 1.440562868452302
1456 1.2932471475207856
1457 1.2932471475207856
1458 1.5338956202850118
1459 1.5338956202850118
1460 0.9868291883635418
1461 0.9868291883635418
1462 2.0783303617498143
1463 2.0783303617498143
1464 1.6606863137432581
1465 1.6606863137432581
1466 1.6517901848866259
1467 1.6517901848866259
1468 1.5202078224052649
1469 1.5202078224052649
1470 1.198702841608835
1471 1.198702841608835
1472 1.4137119387057853
1473 1.4137119387057853
1474 1.5778532693407223
1475 1.5778532693407223
1476 1.7060301234858914
1477 1.7060301234858914
1478 1.3084510391139605
1479 1.3084510391139605
1480 1.0432654355436632
1481 1.0432654355436632
1482 1.8193857214154767
1483 1.8193857214154767
1484 1.6487693589930388
1485 1.6487693589930388
1486 1.3013723196919023
1487 1.3013723196919023
1488 2.003914996599456
1489 2.003914996599456
1490 1.2401774714743858
1491 1.2401774714743858
1492 1.5713921309043088
1493 1.5713921309043088
1494 1.6992503722904215
1495 1.6992503722904215
1496 1.030435212778059
1497 1.030435212778059
1498 1.2896663518055345
1499 2.8651529283188193
1500 2.8651529283188193
1501 2.5981944835363895
1502 2.5981944835363895
1503 3.334370736308098
1504 3.334370736308098
1505 1.92353216602258
1506 1.92353216602258
1507 3.127965552712707
1508 3.127965552712707
1509 3.013735832251841
1510 3.013735832251841
1511 3.786160274020049
1512 3.786160274020049
1513 1.0805141484927256
1514 1.0805141484927256
1515 3.4582228872697796
1516 3.4582228872697796
1517 3.2928810635332426
1518 3.2928810635332426
1519 2.332148558624173
1520 2.332148558624173
1521 1.9714992110665284
1522 1.9714992110665284
1523 2.6847844684155593
1524 2.6847844684155593
1525 2.546622928097414
1526 2.546622928097414
1527 2.43289427147712
1528 2.43289427147712
1529 2.6004801434704126
1530 2.6004801434704126
1531 3.1080396394418286
1532 3.1080396394418286
1533 2.736913287666601
1534 2.736913287666601
1535 2.8260185884822526
1536 2.8260185884822526
1537 2.4226930345085376
1538 2.4226930345085376
1539 2.819642082823674
1540 2.819642082823674
1541 2.5887925595263876
1542 2.5887925595263876
1543 2.427038348895645
1544 2.427038348895645
1545 3.1572903624965925
1546 3.1572903624965925
1547 2.299448363357359
1548 2.299448363357359
1549 3.0161186465511154
1550 3.0161186465511154
1551 1.6808802516371601
1552 1.6808802516371601
1553 3.217599677197291
1554 3.217599677197291
1555 2.5967438016082536
1556 2.5967438016082536
1557 2.14396578793504
1558 2.14396578793504
1559 2.1401640958566355
1560 2.1401640958566355
1561 2.676984391470139
1562 2.676984391470139
1563 2.465199620577993
1564 2.465199620577993
1565 2.239859394265882
1566 2.239859394265882
1567 2.072479723698872
1568 2.072479723698872
1569 2.3139267687468412
1570 2.3139267687468412
1571 1.6661430530282941
1572 1.6661430530282941
1573 2.7865551680335234
1574 2.7865551680335234
1575 1.8387667825489138
1576 1.8387667825489138
1577 2.4809632602109284
1578 2.4809632602109284
1579 2.748269278342097
1580 2.748269278342097
1581 2.95019068209649
1582 2.95019068209649
1583 2.0998819909556707
1584 2.0998819909556707
1585 2.247754449749769
1586 2.247754449749769
1587 2.9819543985117747
1588 2.9819543985117747
1589 2.2458654620022953
1590 2.2458654620022953
1591 3.1949465545693556
1592 3.1949465545693556
1593 2.394710193780551
1594 2.394710193780551
1595 2.3279560746746615
1596 2.3279560746746615
1597 2.635674529613801
1598 2.635674529613801
1599 2.5385512831335686
1600 2.5385512831335686
1601 3.4896387805603855
1602 3.4896387805603855
1603 2.273470111780212
1604 1.196892279190537
1605 1.196892279190537
1606 1.5024820802925478
1607 1.5024820802925478
1608 1.3889414734262084
1609 1.3889414734262084
1610 1.7931679149072965
1611 1.7931679149072965
1612 1.5426725856021477
1613 1.5426725856021477
1614 2.172376260710749
1615 2.172376260710749
1616 0.9312674969856506
1617 0.9312674969856506
1618 1.702636256774788
1619 1.702636256774788
1620 1.8645803448740623
1621 1.8645803448740623
1622 1.516224623561559
1623 1.516224623561559
1624 1.7449926860140728
1625 1.7449926860140728
1626 1.7132832414011987
1627 1.7132832414011987
1628 1.1768823405721691
1629 1.1768823405721691
1630 1.6342073796828478
1631 1.6342073796828478
1632 1.3899445094026068
1633 1.3899445094026068
1634 1.4572558525871473
1635 1.4572558525871473
1636 1.818374534362719
1637 1.818374534362719
1638 2.1620208933747334
1639 2.1620208933747334
1640 1.6083621270621153
1641 1.6083621270621153
1642 2.081009947592674
1643 2.081009947592674
1644 1.7842566892458134
1645 1.7842566892458134
1646 1.593393952584044
1647 1.593393952584044
1648 1.5034787815585227
1649 1.5034787815585227
1650 1.6360184386507066
1651 1.6360184386507066
1652 1.8525401058938984
1653 1.8525401058938984
1654 1.276315497493009
1655 1.276315497493009
1656 1.4088596163649234
1657 1.4088596163649234
1658 0.9587965719023546
1659 0.9587965719023546
1660 1.4046616314811557
1661 1.4046616314811557
1662 1.720438379887594
1663 1.720438379887594
1664 1.4382114016521608
1665 1.4382114016521608
1666 1.4682680331139744
1667 1.4682680331139744
1668 1.1305964623591072
1669 1.1305964623591072
1670 1.3799825676469548
1671 1.3799825676469548
1672 1.5678186082949126
1673 1.5678186082949126
1674 1.684657145009669
1675 1.684657145009669
1676 1.4058668233774105
1677 1.4058668233774105
1678 1.7463373540288052
1679 1.7463373540288052
1680 1.5770821401226225
1681 1.5770821401226225
1682 0.8512506237476297
1683 0.8512506237476297
1684 1.2387683627268713
1685 1.2387683627268713
1686 1.4026572408906262
1687 1.4026572408906262
1688 0.8538525576396443
1689 0.8538525576396443
1690 1.8952290767576256
1691 1.8952290767576256
1692 1.6698304314553012
1693 1.6698304314553012
1694 1.706220489073085
1695 1.706220489073085
1696 1.1063264196278921
1697 1.1063264196278921
1698 1.8321898620067678
1699 1.8321898620067678
1700 1.1389406270117868
1701 1.1389406270117868
1702 1.5372240764194065
1703 1.5372240764194065
1704 1.7111146598075928
1705 1.7111146598075928
1706 1.5960494329240134
1707 1.5960494329240134
1708 1.7358489370400079
1709 1.7358489370400079
1710 2.132192608596915
1711 2.132192608596915
1712 1.1649620926060777
1713 1.1649620926060777
1714 1.4144231027866236
1715 1.4144231027866236
1716 1.5562052256093373
1717 1.5562052256093373
1718 2.144053409611865
1719 2.144053409611865
1720 1.579929380449807
1721 1.579929380449807
1722 1.472374600278059
1723 1.472374600278059
1724 1.5010238590064946
1725 1.5010238590064946
1726 1.697390996242015
1727 1.697390996242015
1728 1.5351086831067389
1729 1.5351086831067389
1730 2.5450737955299143
1731 2.5450737955299143
1732 1.4599594839458823
1733 1.4599594839458823
1734 1.4890227369112776
1735 1.4890227369112776
1736 1.2928345559234016
1737 1.2928345559234016
1738 1.4370446955918332
1739 1.4370446955918332
1740 2.010442979126134
1741 2.010442979126134
1742 0.8963440736242034
1743 0.8963440736242034
1744 1.1605702856469238
1745 1.1605702856469238
1746 1.562574261418151
1747 1.562574261418151
1748 0.9209740353455685
1749 1.3421211470945213
1750 1.3421211470945213
1751 0.7076700029877976
1752 0.7076700029877976
1753 1.0966874601840058
1754 1.0966874601840058
1755 1.2037842417285711
1756 1.2037842417285711
1757 1.318442367947249
1758 1.318442367947249
1759 1.4324682537001634
1760 1.4324682537001634
1761 1.1073538108455259
1762 1.1073538108455259
1763 1.0517142843779486
1764 1.0517142843779486
1765 1.547943992601779
1766 1.547943992601779
1767 1.145963101683894
1768 1.145963101683894
1769 1.2674932331002784
1770 1.2674932331002784
1771 1.1283068759287902
1772 1.1283068759287902
1773 1.2575606867050353
1774 1.2575606867050353
1775 1.0733651412853096
1776 1.0733651412853096
1777 1.1835250899928837
1778 1.1835250899928837
1779 0.8464442138421744
1780 0.8464442138421744
1781 1.0937433133094918
1782 1.0937433133094918
1783 0.753141901283901
1784 0.753141901283901
1785 0.4728656298828452
1786 0.4728656298828452
1787 1.143764648347921
1788 1.143764648347921
1789 0.9736173930661429
1790 0.9736173930661429
1791 1.0516403482630283
1792 1.0516403482630283
1793 1.253696501316089
1794 1.253696501316089
1795 1.279207576908227
1796 1.279207576908227
1797 1.3463334895371084
1798 1.3463334895371084
1799 1.0888415514798335
1800 1.0888415514798335
1801 1.120266094927447
1802 1.120266094927447
1803 1.2655235847854003
1804 1.2655235847854003
1805 1.1077361851989977
1806 1.1077361851989977
1807 1.4687503643203252
1808 1.4687503643203252
1809 1.1649124085925648
1810 1.1649124085925648
1811 1.1159707553512157
1812 1.1159707553512157
1813 1.048289516046178
1814 1.048289516046178
1815 0.8878343404635429
1816 0.8878343404635429
1817 1.106681464901348
1818 1.106681464901348
1819 1.1158742541575968
1820 1.1158742541575968
1821 1.1946290302848328
1822 1.1946290302848328
1823 1.0039628177812767
1824 1.0039628177812767
1825 0.6967581597115912
1826 0.6967581597115912
1827 0.8449349901908183
1828 0.8449349901908183
1829 1.1703173283223318
1830 1.1703173283223318
1831 1.1393365831921844
1832 1.1393365831921844
1833 1.2148387499899276
1834 1.2148387499899276
1835 1.055328418475038
1836 1.055328418475038
1837 1.3891936833432268
1838 1.3891936833432268
1839 1.060718028151141
1840 1.060718028151141
1841 1.2143805216106607
1842 1.2143805216106607
1843 1.4336046058737106
1844 1.4336046058737106
1845 1.402450266712733
1846 1.402450266712733
1847 0.803555301490976
1848 0.803555301490976
1849 0.8488891261432507
1850 0.8488891261432507
1851 0.9982931503734054
1852 0.9982931503734054
1853 1.278728967533739
1854 1.278728967533739
1855 1.3675392380118785
1856 1.3675392380118785
1857 0.8580817194785235
1858 0.8580817194785235
1859 0.6676067853781767
1860 0.6676067853781767
1861 0.5181065626535422
1862 0.5181065626535422
1863 0.5555032826751996
1864 0.5555032826751996
1865 0.5685981828157196
1866 0.5685981828157196
1867 0.7222145587920917
1868 0.7222145587920917
1869 0.6697497069309033
1870 0.6697497069309033
1871 0.6112591703667696
1872 0.6112591703667696
1873 0.6877345752407419
1874 0.6877345752407419
1875 0.5266314732436665
1876 0.5266314732436665
1877 0.42380964577394475
1878 0.42380964577394475
1879 0.6120655265168802
1880 0.6120655265168802
1881 0.7008561217124388
1882 0.7008561217124388
1883 0.8654555695643176
1884 0.8654555695643176
1885 0.7389618844497701
1886 0.7389618844497701
1887 0.4998632843504298
1888 0.4998632843504298
1889 0.6021519809866235
1890 0.6021519809866235
1891 0.5957736574930947
1892 0.5957736574930947
1893 0.47717851820470797
1894 0.47717851820470797
1895 0.44059387069904987
1896 0.44059387069904987
1897 0.479627233066724
1898 0.479627233066724
1899 2.381788256230494
1900 2.381788256230494
1901 2.3112034680284754
1902 2.3112034680284754
1903 3.2787742016801276
1904 3.2787742016801276
1905 2.6605572835842928
1906 2.6605572835842928
1907 3.656871276344774
1908 3.656871276344774
1909 3.6388989417117683
1910 3.6388989417117683
1911 3.2817338163202763
1912 3.2817338163202763
1913 3.7978210134180737
1914 3.7978210134180737
1915 2.8788641821096554
1916 2.8788641821096554
1917 2.5690197565483333
1918 2.5690197565483333
1919 3.218257342370785
1920 3.218257342370785
1921 4.054872812236015
1922 4.054872812236015
1923 5.394301224099869
1924 5.394301224099869
1925 4.258846096049398
1926 4.258846096049398
1927 4.016778233385042
1928 4.016778233385042
1929 3.963517591027743
1930 3.963517591027743
1931 4.483905047828223
1932 4.483905047828223
1933 2.5995046740613423
1934 2.5995046740613423
1935 3.152778409998157
1936 3.152778409998157
1937 7.012060214552324
1938 7.012060214552324
1939 2.8574838068226307
1940 2.8574838068226307
1941 3.557127154768119
1942 3.557127154768119
1943 3.7160555378642717
1944 3.7160555378642717
1945 4.008006379263446
1946 4.008006379263446
1947 5.12632608369238
1948 5.12632608369238
1949 4.434221339703626
1950 4.434221339703626
1951 5.759052801626726
1952 5.759052801626726
1953 3.4982253429374035
1954 3.4982253429374035
1955 4.614179194088649
1956 4.614179194088649
1957 5.173708699918898
1958 5.173708699918898
1959 4.633753153422207
1960 4.633753153422207
1961 3.810280930739606
1962 3.810280930739606
1963 5.8865866256276735
1964 5.8865866256276735
1965 5.130682015977383
1966 5.130682015977383
1967 5.7256915045799746
1968 5.7256915045799746
1969 3.2227047241398914
1970 3.2227047241398914
1971 3.731365045230457
1972 3.731365045230457
1973 5.990646186263206
1974 5.990646186263206
1975 3.905943932508269
1976 3.905943932508269
1977 3.865524545614018
1978 3.865524545614018
1979 5.849096109673915
1980 5.849096109673915
1981 4.1108892664122285
1982 4.1108892664122285
1983 3.1393379716858623
1984 3.1393379716858623
1985 3.7340572420542255
1986 3.7340572420542255
1987 5.713730062132514
1988 5.713730062132514
1989 1.7402263048410773
1990 1.7402263048410773
1991 1.6804785896257224
1992 1.6804785896257224
1993 1.9596625052874017
1994 1.9596625052874017
1995 1.933511799327866
1996 1.933511799327866
1997 2.0684240948541106
1998 2.0684240948541106
1999 2.579052491063786
