0 0.7576090607740991
1 0.7576090607740991
2 0.7576090607740991
3 0.7576090607740991
4 0.7576090607740991
5 0.9890670743159997
6 0.9890670743159997
7 0.9890670743159997
8 0.9890670743159997
9 0.9890670743159997
10 1.06273024661157
11 1.06273024661157
12 1.06273024661157
13 1.06273024661157
14 1.06273024661157
15 1.1888552633225757
16 1.1888552633225757
17 1.1888552633225757
18 2.9863280891112414
19 2.9863280891112414
20 2.9863280891112414
21 2.9863280891112414
22 2.9863280891112414
23 2.9316501489492364
24 2.9316501489492364
25 2.9316501489492364
26 2.9316501489492364
27 2.9316501489492364
28 3.9960740721218544
29 3.9960740721218544
30 3.9960740721218544
31 3.9960740721218544
32 3.9960740721218544
33 4.1401080684323475
34 0.8357544721496298
35 0.8357544721496298
36 0.8357544721496298
37 0.8357544721496298
38 0.8357544721496298
39 0.7296947376939764
40 0.7296947376939764
41 0.7296947376939764
42 0.7296947376939764
43 0.7296947376939764
44 0.7099519178080655
45 0.7099519178080655
46 0.7099519178080655
47 0.7099519178080655
48 0.7099519178080655
49 0.7778877529135388
50 0.7778877529135388
51 0.7778877529135388
52 0.7778877529135388
53 0.7778877529135388
54 0.6802976817466188
55 0.6802976817466188
56 0.6802976817466188
57 0.6802976817466188
58 0.6802976817466188
59 0.4993696008555618
60 0.4993696008555618
61 0.4993696008555618
62 0.4993696008555618
63 0.4993696008555618
64 0.6430318782310592
65 0.6430318782310592
66 0.6430318782310592
67 0.6430318782310592
68 0.6430318782310592
69 0.777422621502581
70 0.777422621502581
71 0.777422621502581
72 0.777422621502581
73 0.777422621502581
74 0.7216743694652886
75 0.7216743694652886
76 3.47495666351546
77 3.1684246059856287
78 3.1684246059856287
79 3.1684246059856287
80 3.1684246059856287
81 3.1684246059856287
82 4.866150950561876
83 4.866150950561876
84 4.866150950561876
85 4.866150950561876
86 4.866150950561876
87 3.502363093107849
88 3.502363093107849
89 3.502363093107849
90 3.502363093107849
91 3.502363093107849
92 2.95946625730194
93 2.95946625730194
94 2.95946625730194
95 2.95946625730194
96 2.95946625730194
97 4.106788210752672
98 4.106788210752672
99 4.106788210752672
100 4.106788210752672
101 4.106788210752672
102 3.520669313288212
103 3.520669313288212
104 3.520669313288212
105 3.520669313288212
106 3.520669313288212
107 3.0078672013255514
108 3.0078672013255514
109 3.0078672013255514
110 3.0078672013255514
111 3.0078672013255514
112 3.010189288986606
113 3.010189288986606
114 3.010189288986606
115 3.010189288986606
116 3.010189288986606
117 3.74029460354918
118 3.74029460354918
119 3.74029460354918
120 3.74029460354918
121 3.74029460354918
122 3.439775328520236
123 3.439775328520236
124 3.439775328520236
125 3.439775328520236
126 3.439775328520236
127 2.0023777539488905
128 2.0023777539488905
129 2.0023777539488905
130 2.0023777539488905
131 2.0023777539488905
132 4.38481164554793
133 4.38481164554793
134 4.38481164554793
135 4.38481164554793
136 4.38481164554793
137 3.4812006775792064
138 3.4812006775792064
139 3.4812006775792064
140 3.4812006775792064
141 3.4812006775792064
142 2.690916245324734
143 2.690916245324734
144 2.690916245324734
145 2.690916245324734
146 2.690916245324734
147 3.0428872858398304
148 3.0428872858398304
149 3.0428872858398304
150 1.7963924329699756
151 1.7963924329699756
152 1.7963924329699756
153 1.7963924329699756
154 1.7963924329699756
155 2.295043803464538
156 2.295043803464538
157 2.295043803464538
158 2.295043803464538
159 2.295043803464538
160 2.0059236371255733
161 2.0059236371255733
162 2.0059236371255733
163 2.0059236371255733
164 2.0059236371255733
165 2.408391069051107
166 2.408391069051107
167 2.408391069051107
168 2.408391069051107
169 0.21702865439851593
170 0.21702865439851593
171 0.21702865439851593
172 0.21702865439851593
173 0.21702865439851593
174 0.2508701861493173
175 0.2508701861493173
176 0.2508701861493173
177 2.576614615989998
178 2.576614615989998
179 2.576614615989998
180 2.576614615989998
181 2.576614615989998
182 2.8945782147389423
183 2.8945782147389423
184 2.8945782147389423
185 2.8945782147389423
186 2.8945782147389423
187 2.926323018643531
188 2.926323018643531
189 2.926323018643531
190 2.926323018643531
191 2.926323018643531
192 2.1933391624871432
193 2.1933391624871432
194 2.1933391624871432
195 2.1933391624871432
196 2.1933391624871432
197 3.2567632237410167
198 3.2567632237410167
199 3.2567632237410167
200 3.2567632237410167
201 3.2567632237410167
202 2.5297012041938025
203 2.5297012041938025
204 1.494120417190569
205 1.494120417190569
206 1.494120417190569
207 1.494120417190569
208 1.494120417190569
209 1.3847208198277916
210 1.3847208198277916
211 1.3847208198277916
212 1.3847208198277916
213 1.3847208198277916
214 1.8098130684397913
215 1.8098130684397913
216 1.8098130684397913
217 1.8098130684397913
218 1.8098130684397913
219 1.2253563225947963
220 1.2253563225947963
221 1.2253563225947963
222 1.2253563225947963
223 1.2253563225947963
224 1.6582160750110793
225 1.6582160750110793
226 1.6582160750110793
227 1.6582160750110793
228 1.6582160750110793
229 1.6807170779932916
230 1.6807170779932916
231 1.6807170779932916
232 1.6807170779932916
233 1.6807170779932916
234 1.5066388338238248
235 1.5066388338238248
236 1.5066388338238248
237 1.5066388338238248
238 1.5066388338238248
239 1.596871581216407
240 1.596871581216407
241 1.596871581216407
242 1.596871581216407
243 1.596871581216407
244 1.2127387272238466
245 1.2127387272238466
246 1.2127387272238466
247 1.2127387272238466
248 1.2127387272238466
249 1.2184909880669328
250 1.2184909880669328
251 1.2184909880669328
252 1.2184909880669328
253 1.2184909880669328
254 1.504452384188937
255 1.504452384188937
256 1.504452384188937
257 1.504452384188937
258 1.504452384188937
259 1.6205470218852465
260 1.6205470218852465
261 1.6205470218852465
262 1.6205470218852465
263 1.6205470218852465
264 1.2708994115469467
265 1.2708994115469467
266 1.2708994115469467
267 1.2708994115469467
268 1.2708994115469467
269 2.085822499303829
270 2.085822499303829
271 2.085822499303829
272 2.085822499303829
273 2.085822499303829
274 1.59607913322951
275 1.59607913322951
276 1.59607913322951
277 1.59607913322951
278 1.59607913322951
279 1.9573476971166
280 1.9573476971166
281 1.9573476971166
282 1.9573476971166
283 1.9573476971166
284 1.744749459089775
285 1.744749459089775
286 1.744749459089775
287 1.744749459089775
288 1.744749459089775
289 2.2593060470061745
290 2.2593060470061745
291 2.2593060470061745
292 2.2593060470061745
293 2.2593060470061745
294 1.666894564285147
295 1.666894564285147
296 1.666894564285147
297 1.666894564285147
298 1.666894564285147
299 1.6949368706181547
300 1.6949368706181547
301 1.6949368706181547
302 1.6949368706181547
303 1.6949368706181547
304 1.624256195055748
305 1.624256195055748
306 2.5456443597120213
307 2.5456443597120213
308 2.5456443597120213
309 2.5456443597120213
310 2.5456443597120213
311 4.087157731515657
312 4.087157731515657
313 4.087157731515657
314 4.087157731515657
315 4.087157731515657
316 3.3857768856036152
317 3.3857768856036152
318 3.3857768856036152
319 3.3857768856036152
320 3.3857768856036152
321 2.6766036043691845
322 2.6766036043691845
323 2.6766036043691845
324 2.6766036043691845
325 2.6766036043691845
326 3.4906818414102307
327 3.4906818414102307
328 3.4906818414102307
329 3.4906818414102307
330 3.4906818414102307
331 4.102247560854022
332 4.102247560854022
333 4.102247560854022
334 4.102247560854022
335 4.102247560854022
336 4.162805033736526
337 4.162805033736526
338 4.162805033736526
339 4.162805033736526
340 4.162805033736526
341 3.1373658583234025
342 3.1373658583234025
343 3.1373658583234025
344 3.1373658583234025
345 3.1373658583234025
346 4.0918980737749
347 1.1549168830617325
348 1.1549168830617325
349 1.1549168830617325
350 1.1549168830617325
351 1.1549168830617325
352 1.0268918140034675
353 1.0268918140034675
354 1.0268918140034675
355 1.0268918140034675
356 1.0268918140034675
357 1.0539589048046385
358 1.0539589048046385
359 1.0539589048046385
360 1.0539589048046385
361 1.0539589048046385
362 1.486857597805
363 1.486857597805
364 1.486857597805
365 1.486857597805
366 1.486857597805
367 0.7453381337041363
368 0.7453381337041363
369 0.7453381337041363
370 0.7453381337041363
371 0.7453381337041363
372 1.1203650528612852
373 1.1203650528612852
374 1.1203650528612852
375 1.1203650528612852
376 1.1203650528612852
377 0.6778040998751416
378 0.6778040998751416
379 0.6778040998751416
380 0.6778040998751416
381 0.6778040998751416
382 1.1557695211030572
383 1.1557695211030572
384 1.1557695211030572
385 1.1557695211030572
386 1.1557695211030572
387 0.8514106662636951
388 0.8514106662636951
389 2.559058187049943
390 2.559058187049943
391 2.559058187049943
392 2.559058187049943
393 2.559058187049943
394 3.9038406286560647
395 3.9038406286560647
396 3.9038406286560647
397 3.9038406286560647
398 3.9038406286560647
399 2.6215363392203965
400 2.6215363392203965
401 2.6215363392203965
402 2.6215363392203965
403 2.6215363392203965
404 3.003484268283344
405 3.003484268283344
406 3.003484268283344
407 0.7919621560127627
408 0.7919621560127627
409 0.7919621560127627
410 0.7919621560127627
411 0.7919621560127627
412 0.5530151125421968
413 0.5530151125421968
414 3.259928895196191
415 3.259928895196191
416 3.259928895196191
417 3.259928895196191
418 3.259928895196191
419 2.281116198744906
420 2.281116198744906
421 2.281116198744906
422 2.281116198744906
423 2.281116198744906
424 3.319323371604225
425 3.319323371604225
426 3.319323371604225
427 3.319323371604225
428 3.319323371604225
429 1.3253910891940255
430 1.3253910891940255
431 1.3253910891940255
432 1.3253910891940255
433 1.3253910891940255
434 0.8878126022531816
435 0.8878126022531816
436 0.8878126022531816
437 0.8878126022531816
438 0.8878126022531816
439 1.1605740535067026
440 1.1605740535067026
441 1.1605740535067026
442 1.1605740535067026
443 1.1605740535067026
444 1.139772668963118
445 1.139772668963118
446 1.139772668963118
447 1.139772668963118
448 2.8006246949168205
449 2.8006246949168205
450 2.8006246949168205
451 2.8006246949168205
452 2.8006246949168205
453 3.6218035552799392
454 3.6218035552799392
455 3.6218035552799392
456 3.6218035552799392
457 3.6218035552799392
458 2.9741086074025396
459 2.9741086074025396
460 2.9741086074025396
461 2.9741086074025396
462 2.9741086074025396
463 2.582547112690181
464 2.582547112690181
465 2.582547112690181
466 2.582547112690181
467 2.582547112690181
468 3.5736901940008505
469 3.5736901940008505
470 3.5736901940008505
471 3.5736901940008505
472 3.5736901940008505
473 2.819056427250332
474 2.819056427250332
475 2.819056427250332
476 2.819056427250332
477 2.819056427250332
478 3.2624725311087412
479 3.2624725311087412
480 3.2624725311087412
481 3.2624725311087412
482 3.2624725311087412
483 3.389291860763284
484 3.389291860763284
485 3.389291860763284
486 3.389291860763284
487 3.389291860763284
488 2.8186063151032745
489 2.8186063151032745
490 2.8186063151032745
491 2.8186063151032745
492 2.8186063151032745
493 3.1282087576473905
494 3.1282087576473905
495 3.1282087576473905
496 3.1282087576473905
497 3.1282087576473905
498 3.032300624288311
499 3.032300624288311
500 3.032300624288311
501 3.032300624288311
502 3.032300624288311
503 3.4406257050980327
504 3.4406257050980327
505 3.4406257050980327
506 3.4406257050980327
507 3.4406257050980327
508 3.3469346753894933
509 3.3469346753894933
510 3.3469346753894933
511 3.3469346753894933
512 3.3469346753894933
513 3.061999177059481
514 3.061999177059481
515 3.061999177059481
516 3.061999177059481
517 3.061999177059481
518 2.0623308547606696
519 2.0623308547606696
520 2.0623308547606696
521 2.0623308547606696
522 2.0623308547606696
523 3.124957112552814
524 3.124957112552814
525 3.124957112552814
526 3.124957112552814
527 3.124957112552814
528 2.9216368135965265
529 2.9216368135965265
530 2.9216368135965265
531 2.9216368135965265
532 2.9216368135965265
533 2.3756549983311497
534 2.3756549983311497
535 2.3756549983311497
536 2.3756549983311497
537 2.3756549983311497
538 2.5983134654744484
539 0.6242644520366011
540 0.6242644520366011
541 0.6242644520366011
542 0.6242644520366011
543 0.6242644520366011
544 0.7835429189858347
545 0.7835429189858347
546 0.7835429189858347
547 0.7835429189858347
548 0.7835429189858347
549 0.5525916513336515
550 0.5525916513336515
551 0.5525916513336515
552 0.5525916513336515
553 0.5525916513336515
554 0.6319491990467886
555 0.6319491990467886
556 0.6319491990467886
557 0.6319491990467886
558 0.6319491990467886
559 0.6338545985572617
560 0.6338545985572617
561 0.6338545985572617
562 0.6338545985572617
563 0.6338545985572617
564 0.5179876306319358
565 0.5179876306319358
566 0.5179876306319358
567 0.5179876306319358
568 0.5179876306319358
569 0.530646215278563
570 0.530646215278563
571 0.530646215278563
572 0.530646215278563
573 0.530646215278563
574 0.5082468092714362
575 0.5082468092714362
576 0.5082468092714362
577 0.5082468092714362
578 0.5082468092714362
579 0.7214880753006684
580 0.7214880753006684
581 0.7214880753006684
582 0.7214880753006684
583 0.7214880753006684
584 0.7761771910742983
585 0.7761771910742983
586 0.7761771910742983
587 0.7761771910742983
588 0.7761771910742983
589 0.5858588203465781
590 0.5858588203465781
591 0.5858588203465781
592 0.5858588203465781
593 0.5858588203465781
594 0.7828233528264821
595 0.7828233528264821
596 0.7828233528264821
597 0.7828233528264821
598 0.7828233528264821
599 0.7788209680601587
600 0.7788209680601587
601 0.7788209680601587
602 0.7788209680601587
603 0.7788209680601587
604 0.7026871531905747
605 0.7026871531905747
606 0.7026871531905747
607 0.7026871531905747
608 0.7026871531905747
609 0.5930747462905828
610 0.5930747462905828
611 0.5930747462905828
612 0.5930747462905828
613 0.5930747462905828
614 0.5567910447221421
615 0.5567910447221421
616 0.5567910447221421
617 0.5567910447221421
618 0.5567910447221421
619 0.5640188522045244
620 0.5640188522045244
621 0.5640188522045244
622 0.5640188522045244
623 0.5640188522045244
624 0.7156203618897273
625 0.7156203618897273
626 0.7156203618897273
627 0.7156203618897273
628 0.7156203618897273
629 0.5229066764123573
630 0.5229066764123573
631 0.5229066764123573
632 0.5229066764123573
633 0.5229066764123573
634 0.7791449142764745
635 0.7791449142764745
636 0.7791449142764745
637 0.7791449142764745
638 0.7791449142764745
639 0.821780272191904
640 0.821780272191904
641 0.821780272191904
642 0.821780272191904
643 0.821780272191904
644 0.7717622657291304
645 0.7717622657291304
646 0.7717622657291304
647 0.7717622657291304
648 0.7717622657291304
649 0.47808299290664025
650 0.47808299290664025
651 0.47808299290664025
652 0.47808299290664025
653 0.47808299290664025
654 0.642213315189612
655 0.642213315189612
656 0.642213315189612
657 0.642213315189612
658 0.642213315189612
659 0.4859279218134078
660 0.4859279218134078
661 0.4859279218134078
662 0.4859279218134078
663 0.4859279218134078
664 0.6405315631084078
665 0.6405315631084078
666 0.6405315631084078
667 0.6405315631084078
668 0.6405315631084078
669 0.42225619816534443
670 0.42225619816534443
671 0.42225619816534443
672 0.42225619816534443
673 0.42225619816534443
674 0.48722087718100354
675 0.48722087718100354
676 0.48722087718100354
677 0.48722087718100354
678 4.228549030329954
679 4.228549030329954
680 4.228549030329954
681 4.228549030329954
682 4.228549030329954
683 4.549769273157826
684 4.549769273157826
685 4.549769273157826
686 4.549769273157826
687 4.549769273157826
688 3.5194151310108714
689 3.5194151310108714
690 3.5194151310108714
691 3.5194151310108714
692 3.5194151310108714
693 4.558015783482743
694 4.558015783482743
695 4.558015783482743
696 4.558015783482743
697 4.558015783482743
698 3.934212482916289
699 3.934212482916289
700 3.934212482916289
701 3.934212482916289
702 3.934212482916289
703 0.7555977803557681
704 0.7555977803557681
705 0.7555977803557681
706 0.7555977803557681
707 0.7555977803557681
708 0.655967061681297
709 0.655967061681297
710 0.655967061681297
711 0.655967061681297
712 0.655967061681297
713 0.8022826487607793
714 0.8022826487607793
715 0.8022826487607793
716 0.8022826487607793
717 0.8022826487607793
718 0.4796834005683308
719 0.4796834005683308
720 0.4796834005683308
721 0.4796834005683308
722 0.4796834005683308
723 0.6740278782938799
724 0.6740278782938799
725 1.3934503791359698
726 1.3934503791359698
727 1.3934503791359698
728 1.3934503791359698
729 1.3934503791359698
730 1.7145976939886731
731 1.7145976939886731
732 1.7145976939886731
733 1.7145976939886731
734 1.7145976939886731
735 1.6785659125097756
736 1.6785659125097756
737 1.6785659125097756
738 1.6785659125097756
739 1.6785659125097756
740 1.4912329690684663
741 1.4912329690684663
742 1.4912329690684663
743 1.4912329690684663
744 1.4912329690684663
745 2.009641841245438
746 2.009641841245438
747 2.009641841245438
748 2.009641841245438
749 2.009641841245438
750 1.095284096163028
751 1.095284096163028
752 1.095284096163028
753 1.095284096163028
754 1.095284096163028
755 1.9391600085867207
756 1.9391600085867207
757 1.9391600085867207
758 1.9391600085867207
759 1.9391600085867207
760 1.1079961898752588
761 2.826705985200319
762 2.826705985200319
763 2.826705985200319
764 2.826705985200319
765 2.826705985200319
766 1.893098255224415
767 1.893098255224415
768 1.893098255224415
769 1.893098255224415
770 1.893098255224415
771 1.6357785667702616
772 1.6357785667702616
773 1.6357785667702616
774 1.6357785667702616
775 1.6357785667702616
776 2.492659056513191
777 2.492659056513191
778 2.492659056513191
779 2.492659056513191
780 2.492659056513191
781 2.7640429099259523
782 2.7640429099259523
783 2.7640429099259523
784 2.7640429099259523
785 2.7640429099259523
786 2.0608086712157294
787 2.0608086712157294
788 2.0608086712157294
789 2.0608086712157294
790 2.0608086712157294
791 2.0583601751293985
792 2.0583601751293985
793 2.0583601751293985
794 2.0583601751293985
795 2.0583601751293985
796 2.2481274050204307
797 2.2481274050204307
798 2.2481274050204307
799 2.2481274050204307
800 2.2481274050204307
801 2.477592011520144
802 2.477592011520144
803 2.477592011520144
804 2.477592011520144
805 2.477592011520144
806 2.4830800083265503
807 2.4830800083265503
808 2.4830800083265503
809 2.4830800083265503
810 2.4830800083265503
811 3.0042517341088937
812 3.0042517341088937
813 3.0042517341088937
814 3.0042517341088937
815 3.0042517341088937
816 1.1654031657066397
817 1.1654031657066397
818 1.1654031657066397
819 1.1654031657066397
820 1.1654031657066397
821 1.173999266260949
822 1.173999266260949
823 1.173999266260949
824 1.173999266260949
825 1.173999266260949
826 1.135599215193335
827 1.135599215193335
828 1.135599215193335
829 1.135599215193335
830 1.135599215193335
831 1.2646096569012126
832 1.2646096569012126
833 1.2646096569012126
834 1.2646096569012126
835 1.2646096569012126
836 1.1186293843190975
837 1.1186293843190975
838 1.1186293843190975
839 1.1186293843190975
840 1.1186293843190975
841 1.139062680921602
842 1.139062680921602
843 1.139062680921602
844 1.139062680921602
845 1.139062680921602
846 1.1347648869599751
847 1.1347648869599751
848 1.1347648869599751
849 1.1347648869599751
850 1.1347648869599751
851 1.0936534070662576
852 1.0936534070662576
853 4.018164818672957
854 4.018164818672957
855 4.018164818672957
856 4.018164818672957
857 4.018164818672957
858 2.6197482267453127
859 2.6197482267453127
860 2.6197482267453127
861 2.6197482267453127
862 2.6197482267453127
863 3.925656409136721
864 3.925656409136721
865 3.925656409136721
866 3.925656409136721
867 3.925656409136721
868 4.482722441178611
869 4.482722441178611
870 4.482722441178611
871 4.482722441178611
872 4.482722441178611
873 2.9349039690936203
874 2.9349039690936203
875 2.9349039690936203
876 2.9349039690936203
877 2.9349039690936203
878 3.7223936127171005
879 3.7223936127171005
880 3.7223936127171005
881 3.7223936127171005
882 3.7223936127171005
883 3.4708230557135025
884 3.4708230557135025
885 3.4708230557135025
886 3.4708230557135025
887 3.4708230557135025
888 3.0365973184945085
889 3.0365973184945085
890 3.0365973184945085
891 3.0365973184945085
892 3.0365973184945085
893 2.200775576729857
894 2.200775576729857
895 2.200775576729857
896 2.200775576729857
897 2.200775576729857
898 4.265254676818555
899 4.265254676818555
900 4.265254676818555
901 4.265254676818555
902 4.265254676818555
903 3.409695033928147
904 3.409695033928147
905 3.409695033928147
906 3.409695033928147
907 3.409695033928147
908 2.4498161947616097
909 2.4498161947616097
910 2.4498161947616097
911 2.4498161947616097
912 2.4498161947616097
913 2.526539339518698
914 2.526539339518698
915 2.526539339518698
916 2.526539339518698
917 4.752012909009756
918 4.752012909009756
919 4.752012909009756
920 4.752012909009756
921 4.752012909009756
922 2.1473553825099225
923 2.1473553825099225
924 2.1473553825099225
925 2.1473553825099225
926 2.1473553825099225
927 2.2715913431004546
928 2.2715913431004546
929 2.2715913431004546
930 2.2715913431004546
931 2.2715913431004546
932 3.681334320438923
933 3.681334320438923
934 3.681334320438923
935 3.681334320438923
936 3.681334320438923
937 2.870459570709129
938 2.870459570709129
939 2.870459570709129
940 2.870459570709129
941 2.870459570709129
942 3.6289190438190877
943 3.6289190438190877
944 3.6289190438190877
945 3.6289190438190877
946 3.6289190438190877
947 2.2167369955692124
948 2.2167369955692124
949 2.2167369955692124
950 2.2167369955692124
951 2.55699175094288
952 2.55699175094288
953 2.55699175094288
954 2.55699175094288
955 2.55699175094288
956 2.3737956986282747
957 2.3737956986282747
958 2.3737956986282747
959 2.3737956986282747
960 2.3737956986282747
961 2.9038232408214926
962 2.9038232408214926
963 2.9038232408214926
964 2.9038232408214926
965 2.9038232408214926
966 2.8770426151644357
967 2.8770426151644357
968 2.8770426151644357
969 2.8770426151644357
970 2.8770426151644357
971 2.0184299701889525
972 2.0184299701889525
973 2.0184299701889525
974 2.0184299701889525
975 2.0184299701889525
976 2.6370041577408943
977 2.6370041577408943
978 2.6370041577408943
979 2.6370041577408943
980 2.6370041577408943
981 2.7149732706044674
982 2.7149732706044674
983 2.7149732706044674
984 2.7149732706044674
985 2.7149732706044674
986 2.1110369089841647
987 2.1110369089841647
988 2.1110369089841647
989 2.1110369089841647
990 2.1110369089841647
991 2.9387017096649384
992 2.9387017096649384
993 2.9387017096649384
994 2.9387017096649384
995 2.9387017096649384
996 2.4605147916138503
997 2.4605147916138503
998 2.4605147916138503
999 2.4605147916138503
1000 2.4605147916138503
1001 1.957674566359342
1002 3.9241479314849887
1003 3.9241479314849887
1004 3.9241479314849887
1005 3.9241479314849887
1006 3.9241479314849887
1007 4.012286180814967
1008 4.012286180814967
1009 4.012286180814967
1010 4.012286180814967
1011 4.012286180814967
1012 3.7226475079647363
1013 3.7226475079647363
1014 3.7226475079647363
1015 3.7226475079647363
1016 3.7226475079647363
1017 2.782811071412633
1018 2.782811071412633
1019 2.782811071412633
1020 2.782811071412633
1021 2.782811071412633
1022 3.803968021071092
1023 3.803968021071092
1024 3.803968021071092
1025 3.803968021071092
1026 3.803968021071092
1027 3.272216370113221
1028 3.272216370113221
1029 3.272216370113221
1030 3.272216370113221
1031 3.272216370113221
1032 2.848309404164286
1033 2.848309404164286
1034 2.848309404164286
1035 2.848309404164286
1036 2.848309404164286
1037 4.116555078962846
1038 4.116555078962846
1039 4.116555078962846
1040 4.116555078962846
1041 4.116555078962846
1042 3.2944997663745625
1043 3.2944997663745625
1044 3.2944997663745625
1045 3.2944997663745625
1046 3.2944997663745625
1047 3.1473741678380462
1048 3.1473741678380462
1049 3.1473741678380462
1050 3.1473741678380462
1051 3.1473741678380462
1052 3.5263087700042663
1053 3.5263087700042663
1054 3.5263087700042663
1055 3.5263087700042663
1056 3.5263087700042663
1057 3.8482651182938294
1058 3.8482651182938294
1059 3.8482651182938294
1060 3.8482651182938294
1061 3.8482651182938294
1062 2.714857423576511
1063 2.714857423576511
1064 3.0851652784764605
1065 3.0851652784764605
1066 3.0851652784764605
1067 3.0851652784764605
1068 3.0851652784764605
1069 3.2614475673283465
1070 3.2614475673283465
1071 3.2614475673283465
1072 3.2614475673283465
1073 3.2614475673283465
1074 1.9882072292199036
1075 1.9882072292199036
1076 1.9882072292199036
1077 1.9882072292199036
1078 1.9882072292199036
1079 2.9876021655485565
1080 2.9876021655485565
1081 2.9876021655485565
1082 2.9876021655485565
1083 2.9876021655485565
1084 2.5099685965420866
1085 2.5099685965420866
1086 2.5099685965420866
1087 2.5099685965420866
1088 2.5099685965420866
1089 3.1464273178796014
1090 3.1464273178796014
1091 3.1464273178796014
1092 3.1464273178796014
1093 3.1464273178796014
1094 3.6243388469215985
1095 3.6243388469215985
1096 3.6243388469215985
1097 3.6243388469215985
1098 3.6243388469215985
1099 4.2331868599749445
1100 4.2331868599749445
1101 4.2331868599749445
1102 4.2331868599749445
1103 4.2331868599749445
1104 3.3585975612627688
1105 3.3585975612627688
1106 3.3585975612627688
1107 3.3585975612627688
1108 3.3585975612627688
1109 2.4297528319844077
1110 2.4297528319844077
1111 2.4297528319844077
1112 2.4297528319844077
1113 2.4297528319844077
1114 0.8995990061095421
1115 0.8995990061095421
1116 0.8995990061095421
1117 3.3396108168290772
1118 3.3396108168290772
1119 3.3396108168290772
1120 3.3396108168290772
1121 3.3396108168290772
1122 3.76182949475809
1123 3.76182949475809
1124 3.76182949475809
1125 3.76182949475809
1126 3.76182949475809
1127 2.7792787602933915
1128 2.7792787602933915
1129 2.7792787602933915
1130 2.7792787602933915
1131 2.7792787602933915
1132 2.66883248055911
1133 2.66883248055911
1134 2.66883248055911
1135 2.66883248055911
1136 2.66883248055911
1137 2.7801832382936422
1138 2.7801832382936422
1139 2.7801832382936422
1140 2.7801832382936422
1141 2.7801832382936422
1142 3.0040644571206654
1143 3.0040644571206654
1144 3.0040644571206654
1145 3.0040644571206654
1146 3.0040644571206654
1147 4.374977232841008
1148 4.374977232841008
1149 4.374977232841008
1150 4.374977232841008
1151 4.374977232841008
1152 2.6744574343489385
1153 2.6744574343489385
1154 2.6744574343489385
1155 2.6744574343489385
1156 2.6744574343489385
1157 1.9832197351091891
1158 1.9832197351091891
1159 1.9832197351091891
1160 1.9832197351091891
1161 1.9832197351091891
1162 2.74000453331829
1163 2.74000453331829
1164 2.74000453331829
1165 2.74000453331829
1166 2.74000453331829
1167 3.661300982330146
1168 3.661300982330146
1169 3.661300982330146
1170 3.661300982330146
1171 3.661300982330146
1172 3.014375539731177
1173 3.014375539731177
1174 3.014375539731177
1175 3.014375539731177
1176 3.014375539731177
1177 2.368768014920777
1178 2.368768014920777
1179 2.368768014920777
1180 2.368768014920777
1181 2.368768014920777
1182 3.1640259858486957
1183 3.1640259858486957
1184 3.1640259858486957
1185 3.1640259858486957
1186 3.1640259858486957
1187 2.701941818909545
1188 2.701941818909545
1189 2.701941818909545
1190 2.701941818909545
1191 2.701941818909545
1192 2.988716294878113
1193 2.988716294878113
1194 4.413857982770279
1195 4.413857982770279
1196 4.413857982770279
1197 4.413857982770279
1198 4.413857982770279
1199 3.2416183381405745
1200 3.2416183381405745
1201 3.2416183381405745
1202 3.2416183381405745
1203 3.2416183381405745
1204 3.7281142983799356
1205 3.7281142983799356
1206 3.7281142983799356
1207 3.7281142983799356
1208 3.7281142983799356
1209 2.5938115439741924
1210 2.5938115439741924
1211 2.5938115439741924
1212 2.5938115439741924
1213 2.5938115439741924
1214 4.452475196087324
1215 4.452475196087324
1216 4.452475196087324
1217 4.452475196087324
1218 4.452475196087324
1219 0.8476798510157812
1220 0.8476798510157812
1221 0.8476798510157812
1222 0.8476798510157812
1223 0.8476798510157812
1224 0.5768479224499297
1225 0.5768479224499297
1226 0.5768479224499297
1227 0.5768479224499297
1228 0.5768479224499297
1229 0.7521759181673016
1230 0.7521759181673016
1231 0.7521759181673016
1232 0.7521759181673016
1233 0.7521759181673016
1234 0.4733960759280955
1235 0.4733960759280955
1236 0.4733960759280955
1237 0.4733960759280955
1238 0.4733960759280955
1239 0.5953639901694632
1240 0.5953639901694632
1241 0.5953639901694632
1242 0.5953639901694632
1243 0.5953639901694632
1244 0.646806592847716
1245 0.646806592847716
1246 0.646806592847716
1247 0.646806592847716
1248 0.646806592847716
1249 0.6369197920405653
1250 0.6369197920405653
1251 0.6369197920405653
1252 0.6369197920405653
1253 0.6369197920405653
1254 0.6204706867467878
1255 0.6204706867467878
1256 0.6204706867467878
1257 0.6204706867467878
1258 0.6204706867467878
1259 0.47975915160328897
1260 0.47975915160328897
1261 0.47975915160328897
1262 0.47975915160328897
1263 0.47975915160328897
1264 0.6966540330990632
1265 0.6966540330990632
1266 0.6966540330990632
1267 0.6966540330990632
1268 0.6966540330990632
1269 0.5549784858604997
1270 0.5549784858604997
1271 0.5549784858604997
1272 0.5549784858604997
1273 0.5549784858604997
1274 0.5972113721103667
1275 0.5972113721103667
1276 0.5972113721103667
1277 0.5972113721103667
1278 0.5972113721103667
1279 0.739135162083025
1280 0.739135162083025
1281 0.739135162083025
1282 0.739135162083025
1283 0.739135162083025
1284 0.8530236086435334
1285 0.8530236086435334
1286 0.8530236086435334
1287 0.8530236086435334
1288 0.8530236086435334
1289 0.7597506033327036
1290 0.7597506033327036
1291 0.7597506033327036
1292 0.7597506033327036
1293 0.7597506033327036
1294 0.7655606917534594
1295 0.7655606917534594
1296 0.7655606917534594
1297 0.7655606917534594
1298 0.7655606917534594
1299 0.6589732248878756
1300 0.6589732248878756
1301 0.6589732248878756
1302 0.6589732248878756
1303 0.6589732248878756
1304 0.535559494190998
1305 0.535559494190998
1306 0.535559494190998
1307 0.535559494190998
1308 0.535559494190998
1309 0.5923003838970317
1310 0.5923003838970317
1311 0.5923003838970317
1312 0.5923003838970317
1313 0.5923003838970317
1314 0.5885078313628598
1315 0.5885078313628598
1316 0.5885078313628598
1317 0.5885078313628598
1318 0.5885078313628598
1319 0.5199272804653683
1320 0.5199272804653683
1321 0.5199272804653683
1322 0.5199272804653683
1323 0.5199272804653683
1324 0.5040381126842371
1325 0.5040381126842371
1326 0.5040381126842371
1327 0.5040381126842371
1328 0.5040381126842371
1329 0.7437165337997063
1330 0.7437165337997063
1331 0.7437165337997063
1332 0.7437165337997063
1333 0.7437165337997063
1334 0.751878037127184
1335 0.751878037127184
1336 0.751878037127184
1337 0.751878037127184
1338 0.751878037127184
1339 0.6836480573558237
1340 0.6836480573558237
1341 0.6836480573558237
1342 0.6836480573558237
1343 0.6836480573558237
1344 0.7574119090699772
1345 0.7574119090699772
1346 0.7574119090699772
1347 0.7574119090699772
1348 0.7574119090699772
1349 0.577602707475999
1350 0.577602707475999
1351 0.577602707475999
1352 0.577602707475999
1353 0.577602707475999
1354 0.6752553641357517
1355 0.6752553641357517
1356 0.6752553641357517
1357 0.6752553641357517
1358 0.6752553641357517
1359 0.641105342617433
1360 0.641105342617433
1361 0.641105342617433
1362 0.641105342617433
1363 0.641105342617433
1364 0.7203755461230104
1365 0.7203755461230104
1366 0.7203755461230104
1367 0.7203755461230104
1368 0.7203755461230104
1369 0.48917764643933054
1370 0.48917764643933054
1371 0.48917764643933054
1372 0.48917764643933054
1373 0.48917764643933054
1374 0.7740978885797338
1375 0.7740978885797338
1376 0.7740978885797338
1377 0.7740978885797338
1378 0.7740978885797338
1379 0.6426207055317276
1380 3.257462137737494
1381 3.257462137737494
1382 3.257462137737494
1383 3.257462137737494
1384 3.257462137737494
1385 3.3063055976350597
1386 3.3063055976350597
1387 3.3063055976350597
1388 3.3063055976350597
1389 3.3063055976350597
1390 3.5278738566246797
1391 3.5278738566246797
1392 3.5278738566246797
1393 3.5278738566246797
1394 3.5278738566246797
1395 2.1926334389833744
1396 2.1926334389833744
1397 2.1926334389833744
1398 2.1926334389833744
1399 2.1926334389833744
1400 2.57041121585178
1401 2.57041121585178
1402 2.57041121585178
1403 2.57041121585178
1404 2.57041121585178
1405 2.8742811913944255
1406 2.8742811913944255
1407 2.8742811913944255
1408 2.8742811913944255
1409 2.8742811913944255
1410 4.227943510300141
1411 4.227943510300141
1412 4.227943510300141
1413 4.227943510300141
1414 4.227943510300141
1415 3.4478263661007507
1416 3.4478263661007507
1417 3.4478263661007507
1418 3.4478263661007507
1419 3.4478263661007507
1420 3.9952830070416283
1421 3.9952830070416283
1422 1.7916225667271082
1423 1.7916225667271082
1424 1.7916225667271082
1425 1.7916225667271082
1426 1.7916225667271082
1427 1.4064767774932254
1428 1.4064767774932254
1429 1.4064767774932254
1430 1.4064767774932254
1431 1.4064767774932254
1432 0.641672540236822
1433 0.641672540236822
1434 2.4298249248344947
1435 2.4298249248344947
1436 2.4298249248344947
1437 2.4298249248344947
1438 2.4298249248344947
1439 2.6454095524078594
1440 2.6454095524078594
1441 2.6454095524078594
1442 2.6454095524078594
1443 2.6454095524078594
1444 3.265733087110652
1445 3.265733087110652
1446 3.265733087110652
1447 3.265733087110652
1448 3.265733087110652
1449 2.616273816779167
1450 2.616273816779167
1451 2.616273816779167
1452 2.616273816779167
1453 2.616273816779167
1454 2.1924723411553755
1455 2.1924723411553755
1456 2.1924723411553755
1457 2.1924723411553755
1458 2.1924723411553755
1459 2.2150063788811387
1460 2.2150063788811387
1461 2.2150063788811387
1462 3.7605438346151527
1463 3.7605438346151527
1464 3.7605438346151527
1465 3.7605438346151527
1466 3.7605438346151527
1467 3.2160562489923805
1468 3.2160562489923805
1469 3.2160562489923805
1470 3.2160562489923805
1471 3.2160562489923805
1472 3.744138033411567
1473 3.744138033411567
1474 3.744138033411567
1475 3.744138033411567
1476 3.744138033411567
1477 3.4705517269049633
1478 3.4705517269049633
1479 3.4705517269049633
1480 3.4705517269049633
1481 3.4705517269049633
1482 2.25906158786054
1483 2.25906158786054
1484 2.25906158786054
1485 2.25906158786054
1486 2.25906158786054
1487 3.234707517209966
1488 3.234707517209966
1489 3.234707517209966
1490 3.234707517209966
1491 3.234707517209966
1492 3.7551912947978794
1493 3.7551912947978794
1494 3.7551912947978794
1495 3.7551912947978794
1496 3.7551912947978794
1497 3.276279940318436
1498 3.276279940318436
1499 3.276279940318436
1500 3.276279940318436
1501 3.276279940318436
1502 3.76349678586459
1503 3.76349678586459
1504 3.76349678586459
1505 3.76349678586459
1506 3.76349678586459
1507 3.6640807788320076
1508 3.6640807788320076
1509 3.6640807788320076
1510 3.6640807788320076
1511 3.6640807788320076
1512 4.513644023324358
1513 4.513644023324358
1514 1.432082952193662
1515 1.432082952193662
1516 1.432082952193662
1517 1.432082952193662
1518 1.432082952193662
1519 1.6840393465884156
1520 1.6840393465884156
1521 1.6840393465884156
1522 1.6840393465884156
1523 1.6840393465884156
1524 1.2148186569573376
1525 1.2148186569573376
1526 1.2148186569573376
1527 1.2148186569573376
1528 1.2148186569573376
1529 1.6221142894871565
1530 1.6221142894871565
1531 1.6221142894871565
1532 1.6221142894871565
1533 1.6221142894871565
1534 1.431061643660932
1535 1.431061643660932
1536 1.431061643660932
1537 1.431061643660932
1538 1.431061643660932
1539 1.7506079189418793
1540 1.7506079189418793
1541 1.7506079189418793
1542 1.7506079189418793
1543 1.7506079189418793
1544 1.907419274893552
1545 1.907419274893552
1546 1.907419274893552
1547 1.907419274893552
1548 1.907419274893552
1549 1.3390772755986569
1550 1.3390772755986569
1551 1.3390772755986569
1552 1.3390772755986569
1553 1.3390772755986569
1554 1.620858528162878
1555 1.620858528162878
1556 1.620858528162878
1557 1.620858528162878
1558 1.620858528162878
1559 1.4476144300571936
1560 2.168786650132146
1561 2.168786650132146
1562 2.168786650132146
1563 2.168786650132146
1564 2.168786650132146
1565 1.8927846190475206
1566 1.8927846190475206
1567 1.8927846190475206
1568 1.8927846190475206
1569 1.8927846190475206
1570 1.6501703976411533
1571 1.6501703976411533
1572 1.6501703976411533
1573 1.6501703976411533
1574 1.6501703976411533
1575 1.6841248820674093
1576 1.6841248820674093
1577 1.6841248820674093
1578 1.6841248820674093
1579 1.6841248820674093
1580 3.4356340520904283
1581 3.4356340520904283
1582 3.4356340520904283
1583 3.4356340520904283
1584 3.4356340520904283
1585 3.5249174260874305
1586 3.5249174260874305
1587 3.5249174260874305
1588 3.5249174260874305
1589 3.5249174260874305
1590 4.71384344892268
1591 4.71384344892268
1592 4.71384344892268
1593 4.71384344892268
1594 4.71384344892268
1595 2.81568835086691
1596 2.81568835086691
1597 2.81568835086691
1598 2.81568835086691
1599 2.81568835086691
1600 5.093184911141073
1601 5.093184911141073
1602 5.093184911141073
1603 5.093184911141073
1604 5.093184911141073
1605 4.517881368859618
1606 4.517881368859618
1607 4.517881368859618
1608 4.517881368859618
1609 4.517881368859618
1610 3.745327353200332
1611 3.745327353200332
1612 3.745327353200332
1613 3.745327353200332
1614 3.745327353200332
1615 3.9268985796626907
1616 3.9268985796626907
1617 3.9268985796626907
1618 3.9268985796626907
1619 3.9268985796626907
1620 3.9749267090137375
1621 3.9749267090137375
1622 3.9749267090137375
1623 3.9749267090137375
1624 3.9749267090137375
1625 3.440683477327999
1626 3.440683477327999
1627 3.440683477327999
1628 3.440683477327999
1629 3.440683477327999
1630 3.180000044908794
1631 3.180000044908794
1632 3.180000044908794
1633 3.180000044908794
1634 3.180000044908794
1635 5.191382210457424
1636 5.191382210457424
1637 5.191382210457424
1638 5.191382210457424
1639 5.191382210457424
1640 4.910370742317651
1641 4.910370742317651
1642 4.910370742317651
1643 2.44739112578487
1644 2.44739112578487
1645 2.44739112578487
1646 2.44739112578487
1647 2.44739112578487
1648 2.217164459625695
1649 2.217164459625695
1650 2.217164459625695
1651 2.217164459625695
1652 2.217164459625695
1653 2.4497665761943708
1654 2.4497665761943708
1655 2.4497665761943708
1656 2.4497665761943708
1657 2.4497665761943708
1658 2.3764654551061897
1659 2.3764654551061897
1660 2.3764654551061897
1661 2.3764654551061897
1662 2.3764654551061897
1663 2.9222222404035527
1664 2.9222222404035527
1665 2.9222222404035527
1666 2.9222222404035527
1667 2.9222222404035527
1668 2.2288121014486473
1669 2.2288121014486473
1670 2.2288121014486473
1671 0.6268907230784131
1672 0.6268907230784131
1673 0.6268907230784131
1674 0.6268907230784131
1675 2.0161053145492733
1676 2.0161053145492733
1677 2.0161053145492733
1678 2.0161053145492733
1679 2.0161053145492733
1680 2.4564145830295767
1681 2.4564145830295767
1682 2.4564145830295767
1683 2.4564145830295767
1684 2.4564145830295767
1685 2.0830451407048614
1686 2.0830451407048614
1687 2.0830451407048614
1688 2.0830451407048614
1689 2.0830451407048614
1690 1.8914876612687705
1691 1.8914876612687705
1692 1.8914876612687705
1693 1.8914876612687705
1694 1.8914876612687705
1695 2.0113320046556535
1696 2.0113320046556535
1697 2.0113320046556535
1698 2.0113320046556535
1699 2.0113320046556535
1700 1.8575605659963936
1701 1.8575605659963936
1702 1.8575605659963936
1703 1.8575605659963936
1704 1.8575605659963936
1705 1.9873321708831582
1706 1.9873321708831582
1707 1.9873321708831582
1708 1.9873321708831582
1709 1.9873321708831582
1710 2.2069588969246468
1711 2.2069588969246468
1712 2.2069588969246468
1713 2.2069588969246468
1714 2.2069588969246468
1715 1.522177866327584
1716 1.522177866327584
1717 1.522177866327584
1718 1.855343290503291
1719 1.855343290503291
1720 1.855343290503291
1721 1.855343290503291
1722 1.855343290503291
1723 3.1739173529562086
1724 3.1739173529562086
1725 3.1739173529562086
1726 3.1739173529562086
1727 3.1739173529562086
1728 2.682822965709374
1729 2.682822965709374
1730 3.031123332642537
1731 3.031123332642537
1732 3.031123332642537
1733 3.031123332642537
1734 3.031123332642537
1735 2.852446810148942
1736 2.852446810148942
1737 2.852446810148942
1738 2.852446810148942
1739 2.852446810148942
1740 2.2988734018311847
1741 2.2988734018311847
1742 2.2988734018311847
1743 2.2988734018311847
1744 2.2988734018311847
1745 2.926874910538128
1746 2.926874910538128
1747 2.926874910538128
1748 2.926874910538128
1749 4.157562448343513
1750 4.157562448343513
1751 4.157562448343513
1752 4.157562448343513
1753 4.157562448343513
1754 3.2954768930609477
1755 3.2954768930609477
1756 3.2954768930609477
1757 3.2954768930609477
1758 3.2954768930609477
1759 3.0104162011814015
1760 3.0104162011814015
1761 3.0104162011814015
1762 3.0104162011814015
1763 3.0104162011814015
1764 3.346633186511452
1765 3.346633186511452
1766 3.346633186511452
1767 3.346633186511452
1768 3.346633186511452
1769 4.104615537786177
1770 4.104615537786177
1771 4.104615537786177
1772 4.104615537786177
1773 4.104615537786177
1774 3.2817933873897465
1775 3.2817933873897465
1776 3.2817933873897465
1777 3.2817933873897465
1778 3.2817933873897465
1779 3.797865656783509
1780 3.797865656783509
1781 3.797865656783509
1782 3.797865656783509
1783 3.797865656783509
1784 3.832645492608666
1785 3.832645492608666
1786 3.832645492608666
1787 3.832645492608666
1788 3.832645492608666
1789 4.794025068949213
1790 4.794025068949213
1791 4.794025068949213
1792 4.794025068949213
1793 4.794025068949213
1794 2.6909828041217794
1795 2.6909828041217794
1796 2.6909828041217794
1797 2.6909828041217794
1798 2.6909828041217794
1799 3.552120404459923
1800 3.552120404459923
1801 3.552120404459923
1802 3.552120404459923
1803 3.552120404459923
1804 4.894153992656935
1805 4.894153992656935
1806 4.894153992656935
1807 4.894153992656935
1808 4.894153992656935
1809 6.706422288807611
1810 6.706422288807611
1811 6.706422288807611
1812 6.706422288807611
1813 6.706422288807611
1814 3.126065939725404
1815 3.126065939725404
1816 3.126065939725404
1817 3.126065939725404
1818 3.126065939725404
1819 3.3284872185719254
1820 3.3284872185719254
1821 3.3284872185719254
1822 3.3284872185719254
1823 3.3284872185719254
1824 4.195701310262698
1825 4.195701310262698
1826 4.195701310262698
1827 4.195701310262698
1828 4.195701310262698
1829 4.047233060806324
1830 4.047233060806324
1831 4.047233060806324
1832 4.047233060806324
1833 4.047233060806324
1834 3.6363492750317286
1835 3.6363492750317286
1836 3.6363492750317286
1837 3.6363492750317286
1838 3.6363492750317286
1839 4.033414975754944
1840 4.033414975754944
1841 4.033414975754944
1842 4.033414975754944
1843 4.033414975754944
1844 3.3664991217784443
1845 3.761628570031476
1846 3.761628570031476
1847 3.761628570031476
1848 3.761628570031476
1849 3.761628570031476
1850 4.217579193854253
1851 4.217579193854253
1852 4.217579193854253
1853 4.217579193854253
1854 4.217579193854253
1855 4.165156977391943
1856 4.165156977391943
1857 4.165156977391943
1858 4.165156977391943
1859 4.165156977391943
1860 3.766933619648983
1861 3.766933619648983
1862 3.766933619648983
1863 3.766933619648983
1864 3.766933619648983
1865 4.338956897762727
1866 4.338956897762727
1867 4.338956897762727
1868 4.338956897762727
1869 4.338956897762727
1870 5.5320033410088305
1871 5.5320033410088305
1872 5.5320033410088305
1873 5.5320033410088305
1874 5.5320033410088305
1875 5.883510830195392
1876 5.883510830195392
1877 5.883510830195392
1878 5.883510830195392
1879 5.883510830195392
1880 5.315931022760504
1881 5.315931022760504
1882 5.315931022760504
1883 5.315931022760504
1884 5.315931022760504
1885 3.3661719014846025
1886 3.3661719014846025
1887 3.3661719014846025
1888 3.3661719014846025
1889 3.3661719014846025
1890 3.556793902012756
1891 3.556793902012756
1892 3.556793902012756
1893 3.556793902012756
1894 3.556793902012756
1895 3.162056372591871
1896 3.162056372591871
1897 3.162056372591871
1898 1.3773699061353013
1899 1.3773699061353013
1900 1.3773699061353013
1901 1.3773699061353013
1902 1.3773699061353013
1903 1.029343138957214
1904 1.029343138957214
1905 1.029343138957214
1906 1.029343138957214
1907 1.029343138957214
1908 1.0732963096527943
1909 1.0732963096527943
1910 1.0732963096527943
1911 1.0732963096527943
1912 1.0732963096527943
1913 1.044165455255202
1914 1.044165455255202
1915 1.044165455255202
1916 1.044165455255202
1917 1.044165455255202
1918 0.9303146581770985
1919 0.9303146581770985
1920 0.9303146581770985
1921 0.9303146581770985
1922 0.9303146581770985
1923 1.4460458388812523
1924 1.4460458388812523
1925 1.4460458388812523
1926 1.4460458388812523
1927 1.4460458388812523
1928 3.12870609586538
1929 3.12870609586538
1930 1.5530637470148907
1931 1.5530637470148907
1932 1.5530637470148907
1933 1.5530637470148907
1934 1.5530637470148907
1935 2.034970926000886
1936 2.034970926000886
1937 2.034970926000886
1938 2.034970926000886
1939 2.034970926000886
1940 1.8045626257253178
1941 1.8045626257253178
1942 1.8045626257253178
1943 1.8045626257253178
1944 1.8045626257253178
1945 2.2156896395162513
1946 2.2156896395162513
1947 2.2156896395162513
1948 0.21370051350776878
1949 0.21370051350776878
1950 0.21370051350776878
1951 0.21370051350776878
1952 0.21370051350776878
1953 0.21857280012006902
1954 0.21857280012006902
1955 0.21857280012006902
1956 0.21857280012006902
1957 0.21857280012006902
1958 0.22100335120360182
1959 0.22100335120360182
1960 0.22100335120360182
1961 0.22100335120360182
1962 0.22100335120360182
1963 0.24211252657232232
1964 0.24211252657232232
1965 0.24211252657232232
1966 0.24211252657232232
1967 0.24211252657232232
1968 0.1926946718501297
1969 0.1926946718501297
1970 0.1926946718501297
1971 0.1926946718501297
1972 0.1926946718501297
1973 0.13605796590171493
1974 0.13605796590171493
1975 0.13605796590171493
1976 0.13605796590171493
1977 0.13605796590171493
1978 0.1422105534328549
1979 0.1422105534328549
1980 0.1422105534328549
1981 0.1422105534328549
1982 0.1422105534328549
1983 0.20440342881946993
1984 0.20440342881946993
1985 0.20440342881946993
1986 0.20440342881946993
1987 0.20440342881946993
1988 0.19822872631540595
1989 0.19822872631540595
1990 0.19822872631540595
1991 0.19822872631540595
1992 0.19822872631540595
1993 0.18979933108491284
1994 0.18979933108491284
1995 0.18979933108491284
1996 0.18979933108491284
1997 0.18979933108491284
1998 0.23615062715960008
1999 0.23615062715960008
