0 0.2143774147952143
1 0.2143774147952143
2 0.20398150142265803
3 0.20398150142265803
4 0.19623976376788618
5 0.19623976376788618
6 0.20761363313207504
7 0.20761363313207504
8 0.20199881873874756
9 0.20199881873874756
10 0.176890791897324
11 0.176890791897324
12 0.1996652891006488
13 0.1996652891006488
14 0.23642463454436116
15 0.23642463454436116
16 0.20829958891222763
17 0.20829958891222763
18 0.20062284223920737
19 0.20062284223920737
20 0.20431677511131535
21 0.20431677511131535
22 1.6026704809070709
23 1.6026704809070709
24 1.4695511632358993
25 1.4695511632358993
26 1.6048343732314068
27 1.6048343732314068
28 1.6645629338006667
29 1.6645629338006667
30 1.2694479735146398
31 1.2694479735146398
32 1.4547502879344525
33 1.4547502879344525
34 1.681530688523976
35 1.681530688523976
36 1.6516884172668536
37 1.6516884172668536
38 1.5312194980661318
39 1.5312194980661318
40 1.5719503676818287
41 1.5719503676818287
42 1.4971441416235938
43 1.4971441416235938
44 1.5115793162545779
45 1.5115793162545779
46 1.602624392700243
47 1.602624392700243
48 1.5612529658031136
49 1.5612529658031136
50 1.6496536314430439
51 1.6496536314430439
52 1.5064233143551824
53 1.5064233143551824
54 1.666936307783775
55 1.666936307783775
56 1.504699790462485
57 1.504699790462485
58 1.4286556618316855
59 3.699818477970063
60 3.699818477970063
61 3.6268202883100704
62 3.6268202883100704
63 4.263130385239685
64 4.263130385239685
65 3.628406646889097
66 3.628406646889097
67 3.42111439334205
68 3.42111439334205
69 4.460272237070611
70 4.460272237070611
71 4.759619691044888
72 4.759619691044888
73 4.375177298414415
74 4.375177298414415
75 4.555810369961343
76 4.555810369961343
77 4.410503843796483
78 4.410503843796483
79 4.200717495883822
80 4.200717495883822
81 4.362105159965326
82 4.362105159965326
83 4.2785745418365355
84 4.2785745418365355
85 4.26041486810376
86 4.26041486810376
87 4.1010877421055545
88 4.1010877421055545
89 4.315231646475949
90 4.315231646475949
91 4.400427494614149
92 4.400427494614149
93 3.993573595218847
94 3.993573595218847
95 4.277339419427026
96 4.277339419427026
97 3.957216057626599
98 3.957216057626599
99 4.714974218932512
100 4.714974218932512
101 4.090454189846893
102 4.090454189846893
103 4.753783920481384
104 4.753783920481384
105 4.504028858984572
106 4.504028858984572
107 4.012426738458286
108 4.012426738458286
109 4.482148952850446
110 4.482148952850446
111 1.1107589230526784
112 1.1107589230526784
113 1.0809994522386706
114 1.0809994522386706
115 1.1833659449161327
116 1.1833659449161327
117 1.0323315144054317
118 1.0323315144054317
119 1.2119569933477448
120 1.2119569933477448
121 1.1649631075570455
122 1.1649631075570455
123 2.971165227308139
124 2.971165227308139
125 2.6843093421049504
126 2.6843093421049504
127 2.611092636227741
128 2.611092636227741
129 3.015712865294029
130 3.015712865294029
131 3.0970277151359245
132 3.0970277151359245
133 3.098588755642432
134 3.098588755642432
135 2.7548103036448803
136 1.6010115817963175
137 1.6010115817963175
138 1.469614252356995
139 1.469614252356995
140 1.7915809429086318
141 1.7915809429086318
142 1.4518862147147003
143 1.4518862147147003
144 1.5290379612843712
145 1.5290379612843712
146 0.6658037952709398
147 0.6658037952709398
148 0.6733665978970506
149 0.6733665978970506
150 0.6171870355825555
151 0.6171870355825555
152 0.67036789611328
153 0.67036789611328
154 3.587688692911445
155 3.587688692911445
156 3.578145046868714
157 3.578145046868714
158 3.4308835098543047
159 3.4308835098543047
160 3.4355807902213824
161 3.4355807902213824
162 3.861586153743522
163 3.861586153743522
164 3.288388858255575
165 3.288388858255575
166 3.52652401023638
167 3.52652401023638
168 3.553323236271395
169 1.1150534380401373
170 1.1150534380401373
171 1.0361001367832754
172 1.0361001367832754
173 1.118493822942846
174 1.118493822942846
175 1.2765151496887268
176 1.2765151496887268
177 1.0972076658110235
178 2.101916033181459
179 2.101916033181459
180 1.9845068736030118
181 1.9845068736030118
182 1.9591695410098016
183 1.9591695410098016
184 2.093090924856897
185 2.093090924856897
186 1.9621392932974442
187 1.9621392932974442
188 2.1438490826535923
189 2.1438490826535923
190 1.8928396410121429
191 1.8928396410121429
192 2.0930438129721662
193 2.0930438129721662
194 2.0079789818663416
195 2.0079789818663416
196 2.1365156955084075
197 2.1365156955084075
198 2.2434224066551622
199 3.3408901990547597
200 3.3408901990547597
201 3.4362739617880713
202 3.4362739617880713
203 3.2132906620751918
204 3.2132906620751918
205 3.186024863323279
206 3.186024863323279
207 3.33134127726938
208 3.33134127726938
209 3.2599573932228996
210 3.2599573932228996
211 3.3225702873596648
212 3.3225702873596648
213 3.186870097591442
214 3.186870097591442
215 3.378490469349313
216 3.378490469349313
217 3.8261379752942424
218 1.037788526268339
219 3.5155061708743576
220 3.5155061708743576
221 4.141215632152695
222 4.141215632152695
223 4.5718948974576605
224 4.5718948974576605
225 3.5775403607710587
226 3.5775403607710587
227 4.032349156270115
228 4.032349156270115
229 3.7053134074375222
230 3.7053134074375222
231 1.3658415683018998
232 1.3658415683018998
233 1.6653530256406857
234 1.6653530256406857
235 1.4881071476552847
236 1.4881071476552847
237 1.7982021612947479
238 1.7982021612947479
239 1.5048924653922633
240 1.5048924653922633
241 1.6432778903478582
242 1.6432778903478582
243 1.458738212052759
244 1.458738212052759
245 1.5947515482969945
246 1.5947515482969945
247 1.4759780557900952
248 1.4759780557900952
249 1.4856500679221427
250 1.4856500679221427
251 1.476320115715625
252 1.476320115715625
253 1.5078523674707334
254 1.5078523674707334
255 1.4784211045279776
256 1.4784211045279776
257 1.5955991818595276
258 1.5955991818595276
259 1.6193156855007598
260 1.6193156855007598
261 1.595088345586093
262 1.595088345586093
263 1.721573508825055
264 1.721573508825055
265 1.4832944694548742
266 3.2508208159977894
267 3.2508208159977894
268 3.4692551993251843
269 3.4692551993251843
270 3.458705307264405
271 3.458705307264405
272 3.0037132083789255
273 3.0037132083789255
274 3.1502968789068135
275 3.1502968789068135
276 2.7678619512278924
277 2.7678619512278924
278 3.179264145543066
279 3.179264145543066
280 3.1633238829441637
281 3.1633238829441637
282 3.5751419602072634
283 3.5751419602072634
284 3.4727049106972823
285 3.4727049106972823
286 3.279152626821522
287 3.279152626821522
288 0.6508011060347586
289 2.2075708063252115
290 2.2075708063252115
291 2.3463922270634456
292 2.3463922270634456
293 2.2255529908624205
294 2.2255529908624205
295 2.6560810055760373
296 2.6560810055760373
297 2.323716152773097
298 2.323716152773097
299 2.2465408974953527
300 2.2465408974953527
301 4.093792023273187
302 1.0428097333157083
303 1.0428097333157083
304 1.0287018410881592
305 1.0287018410881592
306 2.189480458961492
307 2.189480458961492
308 1.928844264416428
309 1.928844264416428
310 1.7689938318732634
311 1.7689938318732634
312 1.7007703202268196
313 1.6167296129097761
314 1.6167296129097761
315 1.5657659831866018
316 1.5657659831866018
317 1.5086472888032687
318 1.5086472888032687
319 1.694231891019142
320 1.694231891019142
321 1.5699575768195788
322 1.5699575768195788
323 1.6146971942410837
324 1.6146971942410837
325 1.4256495594837353
326 1.4256495594837353
327 1.6193443092472521
328 1.6193443092472521
329 1.4779065979547323
330 1.4779065979547323
331 1.476330494903188
332 1.476330494903188
333 1.5940110614634107
334 1.5940110614634107
335 1.5809861882705036
336 1.5809861882705036
337 1.6928084329662265
338 3.4481419435035545
339 3.4481419435035545
340 3.2838893223448764
341 3.2838893223448764
342 3.6249268462717286
343 1.1388864736570004
344 1.1388864736570004
345 1.0999782213128206
346 1.0999782213128206
347 0.9923792082845575
348 0.9923792082845575
349 1.1515371537678065
350 1.1515371537678065
351 1.2019786023018353
352 1.2019786023018353
353 0.8947798607842167
354 0.8947798607842167
355 1.087712408400983
356 1.087712408400983
357 1.0390944071522805
358 1.0390944071522805
359 1.0387974474208688
360 2.3114463165595285
361 0.6323766057197178
362 0.6323766057197178
363 0.6346142793950119
364 3.6428891659145886
365 3.6428891659145886
366 3.9645373445732606
367 3.9645373445732606
368 3.5100811752730934
369 3.5100811752730934
370 3.8669932250969765
371 3.8669932250969765
372 3.6174780502988297
373 3.6174780502988297
374 1.1397366834183462
375 1.1397366834183462
376 1.1788303572462022
377 0.1796361742035885
378 0.1796361742035885
379 0.20019482743465786
380 0.20019482743465786
381 0.20413567685699888
382 0.20413567685699888
383 0.21921239578654084
384 0.21921239578654084
385 0.20933027208423488
386 0.20933027208423488
387 0.19560417405820196
388 3.5669957910533006
389 3.5669957910533006
390 3.429538316492851
391 3.429538316492851
392 3.7159564677989287
393 3.7159564677989287
394 3.719363637287777
395 3.719363637287777
396 3.416439684770204
397 3.416439684770204
398 3.797565755096112
399 3.797565755096112
400 3.52711051616827
401 3.52711051616827
402 3.215266716859276
403 3.215266716859276
404 3.324840440219721
405 3.324840440219721
406 2.90415918691858
407 2.90415918691858
408 3.447764366258769
409 3.8994357005309226
410 1.3684253074563186
411 1.3684253074563186
412 1.7216098743420294
413 1.7216098743420294
414 1.6277201765825664
415 1.6277201765825664
416 1.5534977023827152
417 1.5534977023827152
418 1.5785013152723286
419 1.5785013152723286
420 1.6507273892139973
421 1.6507273892139973
422 1.5141245231164342
423 2.017001628837897
424 2.017001628837897
425 2.079816606269056
426 2.079816606269056
427 2.2052263852586167
428 2.2052263852586167
429 1.9383357378459627
430 1.9383357378459627
431 1.8083184459987018
432 1.8083184459987018
433 1.931926746506485
434 1.931926746506485
435 1.053775021362181
436 1.053775021362181
437 1.040518865840433
438 1.040518865840433
439 1.2113865309470566
440 1.2113865309470566
441 1.095073047496276
442 1.095073047496276
443 1.1679696355739706
444 1.1679696355739706
445 1.009814587356928
446 1.009814587356928
447 0.9607371280435136
448 0.9607371280435136
449 1.1280952481249298
450 1.1280952481249298
451 1.217412316653102
452 1.217412316653102
453 1.1438453428270188
454 1.1438453428270188
455 1.084499049411098
456 1.084499049411098
457 1.1306443168566853
458 1.1306443168566853
459 1.152504408492372
460 1.152504408492372
461 1.0130954654908673
462 3.7774967324209894
463 3.7774967324209894
464 3.7432776719495524
465 3.7432776719495524
466 3.791579692488026
467 3.791579692488026
468 3.7202435537556586
469 3.7202435537556586
470 3.314668350207798
471 3.314668350207798
472 4.44674512099613
473 4.44674512099613
474 3.3979162110454006
475 3.3979162110454006
476 4.07193514412509
477 4.07193514412509
478 3.8972383703655074
479 3.8972383703655074
480 4.2342456826580595
481 4.2342456826580595
482 3.8842565768171102
483 3.8842565768171102
484 0.6573494428388269
485 0.6573494428388269
486 0.6760468101774106
487 0.6760468101774106
488 0.5596443712559281
489 1.537463447091843
490 1.537463447091843
491 1.644869046355284
492 1.644869046355284
493 1.5954757751335522
494 1.5954757751335522
495 1.5779153094464717
496 1.5779153094464717
497 1.5749646046161294
498 0.6474483389786692
499 0.6474483389786692
500 0.592071564907165
501 3.4659109791344553
502 3.4659109791344553
503 2.4934798382172545
504 2.4934798382172545
505 2.4336056869046625
506 2.4336056869046625
507 2.426978287083209
508 2.426978287083209
509 2.6620688609152787
510 2.6620688609152787
511 2.5951495325952525
512 2.5951495325952525
513 2.627220330043367
514 2.627220330043367
515 2.401126041504689
516 2.152405262606323
517 2.152405262606323
518 2.0309569696920233
519 2.0309569696920233
520 2.218269298512717
521 2.218269298512717
522 2.2063596481281342
523 2.2063596481281342
524 1.8926381138154764
525 1.8926381138154764
526 1.907329337498653
527 1.907329337498653
528 2.0847935683138212
529 2.0847935683138212
530 2.0901591431262236
531 2.0901591431262236
532 2.121859922648667
533 0.6127046332441402
534 0.6127046332441402
535 0.6499083330686128
536 0.6499083330686128
537 0.684601693705688
538 0.684601693705688
539 0.6216636158524191
540 0.6216636158524191
541 0.6457156498814431
542 0.6457156498814431
543 0.6490248244031708
544 0.6490248244031708
545 0.6301539160220844
546 0.6301539160220844
547 0.6847490258211971
548 0.6847490258211971
549 0.7212887366972975
550 0.7212887366972975
551 0.6599495589572965
552 0.6599495589572965
553 0.6263423052867196
554 0.6263423052867196
555 0.6297704827382754
556 0.6297704827382754
557 0.6823296073228243
558 0.6823296073228243
559 0.6920513021480486
560 0.6920513021480486
561 0.619811572530065
562 0.619811572530065
563 0.6807038236067192
564 0.6807038236067192
565 0.6405166846482382
566 0.6405166846482382
567 0.6550307927543602
568 0.6550307927543602
569 0.5888670140976908
570 0.5888670140976908
571 0.6925759325326971
572 0.6925759325326971
573 0.6603237112084632
574 1.9584460013092733
575 1.1264852007124129
576 1.1264852007124129
577 1.1077356727883523
578 1.1077356727883523
579 1.0838475415538595
580 1.0838475415538595
581 2.4534056582246553
582 2.4534056582246553
583 2.419894807864644
584 2.419894807864644
585 4.849357874324412
586 4.849357874324412
587 4.203065453445294
588 4.203065453445294
589 4.155504276375098
590 4.155504276375098
591 4.102322918576441
592 4.102322918576441
593 4.1748289025787955
594 4.1748289025787955
595 4.390711203727087
596 4.390711203727087
597 4.64155303020423
598 4.64155303020423
599 3.2977435493754936
600 3.2977435493754936
601 3.498328641702086
602 3.498328641702086
603 3.327236898809508
604 3.327236898809508
605 3.5707038375737845
606 3.5707038375737845
607 3.6147639269082967
608 3.6147639269082967
609 3.2938773835152606
610 3.2938773835152606
611 3.275098604198047
612 3.275098604198047
613 3.6031047840466663
614 3.6031047840466663
615 3.674703175385017
616 3.674703175385017
617 3.384451301399107
618 3.384451301399107
619 3.522543282836275
620 3.522543282836275
621 3.3189424091260644
622 3.3189424091260644
623 3.810552796736564
624 3.810552796736564
625 3.561858229194053
626 3.561858229194053
627 3.762899935032606
628 3.762899935032606
629 3.1765452910977734
630 3.1765452910977734
631 3.497331921266409
632 3.497331921266409
633 3.5798499676139057
634 3.5798499676139057
635 3.652846946896131
636 3.652846946896131
637 3.013509029025382
638 3.013509029025382
639 3.3367303695674644
640 3.3367303695674644
641 3.2977860172342814
642 3.2977860172342814
643 3.581063902584366
644 3.581063902584366
645 3.5190712545414216
646 3.5190712545414216
647 3.3137863556623723
648 3.3137863556623723
649 3.6034607723709136
650 3.6034607723709136
651 3.8493312161234674
652 3.8493312161234674
653 3.347601347586986
654 3.347601347586986
655 3.2416656011356983
656 3.2416656011356983
657 3.34179858492961
658 3.34179858492961
659 3.3774918302173207
660 3.3774918302173207
661 3.2377263146969484
662 0.6046010950779894
663 0.6046010950779894
664 0.6363159061734854
665 0.6363159061734854
666 0.6453619406208859
667 0.6453619406208859
668 0.6123497048591312
669 0.6123497048591312
670 0.6200913984163744
671 0.6200913984163744
672 0.6442594478482889
673 0.6442594478482889
674 0.6554720265418853
675 0.6554720265418853
676 0.6510281596873551
677 0.6510281596873551
678 0.6997523102921931
679 0.6997523102921931
680 0.6878670400976405
681 0.6878670400976405
682 0.6421117012791088
683 0.6421117012791088
684 0.7411098327708416
685 0.7411098327708416
686 0.6911324845582596
687 0.6911324845582596
688 0.6798270046015763
689 0.6798270046015763
690 0.6696180324835843
691 0.6696180324835843
692 0.7502418844500691
693 0.21543112592642022
694 0.21543112592642022
695 0.19333711875766138
696 0.19333711875766138
697 1.1364986344865453
698 1.1364986344865453
699 1.0444337603379674
700 1.0444337603379674
701 1.1007709036364166
702 1.1007709036364166
703 1.1550008701245458
704 1.1550008701245458
705 1.0151559959023702
706 1.0151559959023702
707 1.220153047655345
708 1.220153047655345
709 1.0829234788001294
710 1.0829234788001294
711 1.071134418862997
712 1.071134418862997
713 1.1737680879599732
714 1.1737680879599732
715 1.197862610841284
716 1.197862610841284
717 1.1918408670253704
718 1.1918408670253704
719 1.1303282590304717
720 1.1303282590304717
721 1.0266438231259487
722 1.0266438231259487
723 1.0817298863975395
724 1.0817298863975395
725 1.1769171420575226
726 0.20135487025065213
727 0.20135487025065213
728 0.21037436534363044
729 0.21037436534363044
730 0.2158204201816685
731 0.2158204201816685
732 0.18134245102718255
733 0.18134245102718255
734 0.18669776031731827
735 0.18669776031731827
736 1.7300027999534309
737 1.7300027999534309
738 1.947347196723531
739 1.947347196723531
740 2.201276071785965
741 2.201276071785965
742 2.142244959603431
743 2.142244959603431
744 1.87744626673656
745 1.87744626673656
746 1.9752859013426842
747 1.9752859013426842
748 2.0895420079999614
749 2.0895420079999614
750 3.725216880567958
751 3.725216880567958
752 4.376620317423061
753 4.376620317423061
754 3.398849600199483
755 3.398849600199483
756 3.3510577395489722
757 3.3510577395489722
758 3.3675867442320633
759 3.3675867442320633
760 2.8720050976068006
761 2.8720050976068006
762 2.717645164119989
763 2.717645164119989
764 2.9489397243359288
765 2.9489397243359288
766 2.899166496171271
767 2.899166496171271
768 2.9734128901744947
769 2.9734128901744947
770 3.1221330501587987
771 3.1221330501587987
772 3.547187181098663
773 3.547187181098663
774 3.11883201522954
775 3.11883201522954
776 3.025267703217588
777 3.025267703217588
778 3.5914311261311362
779 3.5914311261311362
780 3.3623892462429605
781 3.3623892462429605
782 3.273852472378876
783 3.273852472378876
784 3.1336595323345455
785 3.1336595323345455
786 3.5525449423277538
787 3.5525449423277538
788 3.419975685545435
789 3.419975685545435
790 2.8595003611862064
791 2.8595003611862064
792 3.06261789358673
793 3.06261789358673
794 3.4351937077417243
795 3.4351937077417243
796 3.3406200934855947
797 3.3406200934855947
798 3.681636878781358
799 3.681636878781358
800 3.545121473315281
801 3.545121473315281
802 3.6483222396798065
803 3.6483222396798065
804 3.5993929204408066
805 3.5993929204408066
806 3.311763571708917
807 3.311763571708917
808 3.4571533093127482
809 3.4571533093127482
810 3.126285229572509
811 3.126285229572509
812 3.8300311898357076
813 3.8300311898357076
814 3.4960387295443454
815 1.1126011426818896
816 1.1126011426818896
817 1.1160087990563878
818 1.1160087990563878
819 1.0329631906915904
820 1.0329631906915904
821 2.973756056826568
822 2.973756056826568
823 2.8184870916190383
824 2.8184870916190383
825 2.8990194068091446
826 2.8990194068091446
827 2.7633872291817614
828 2.7633872291817614
829 2.861384365113675
830 2.861384365113675
831 2.8395045222660045
832 2.8395045222660045
833 3.03464072998868
834 3.03464072998868
835 0.6823810034063339
836 0.6823810034063339
837 0.7224362408292073
838 0.7224362408292073
839 0.6736270156093529
840 0.6736270156093529
841 0.6370183894831245
842 0.6370183894831245
843 0.6925963276510334
844 0.6925963276510334
845 0.7743159460816894
846 0.7743159460816894
847 0.6692390776530738
848 0.6692390776530738
849 0.6840184433656361
850 0.6840184433656361
851 0.647296907860212
852 0.647296907860212
853 0.5849617219370774
854 0.5849617219370774
855 0.6808860044207291
856 0.6808860044207291
857 0.5973834233211881
858 0.5973834233211881
859 0.5953105686713873
860 0.5953105686713873
861 0.7381392422218785
862 0.7381392422218785
863 0.6924187294860928
864 0.6924187294860928
865 0.6278431314613386
866 0.6278431314613386
867 0.690563754779285
868 3.032485689932573
869 3.032485689932573
870 3.208778725843189
871 3.208778725843189
872 2.790867145369205
873 2.790867145369205
874 3.231194989864215
875 3.231194989864215
876 3.511374740699116
877 3.511374740699116
878 3.749589622650199
879 0.755420159686144
880 0.755420159686144
881 0.6518324201816404
882 0.6518324201816404
883 0.663048269193075
884 0.663048269193075
885 1.0892412661056974
886 1.0892412661056974
887 1.0769399850379329
888 1.0769399850379329
889 1.1315477711989568
890 1.1315477711989568
891 1.1452283521625588
892 1.1452283521625588
893 1.1008531369003576
894 1.1008531369003576
895 1.123491096146309
896 1.123491096146309
897 1.1161771495867363
898 1.1161771495867363
899 1.194838681532124
900 1.194838681532124
901 1.0875122558877055
902 1.0875122558877055
903 1.105524138240639
904 1.105524138240639
905 1.1911278665167495
906 1.1911278665167495
907 1.0489364866279673
908 1.0489364866279673
909 1.1544906934798866
910 1.1544906934798866
911 1.123471130029794
912 1.123471130029794
913 1.1921599221017756
914 1.1921599221017756
915 1.0022809537240611
916 1.0022809537240611
917 1.1046548912585852
918 3.714729514248256
919 3.714729514248256
920 3.3164264448919467
921 3.3164264448919467
922 2.0490464508500823
923 2.0490464508500823
924 2.0613737924891558
925 2.0613737924891558
926 1.9940707295676097
927 1.9940707295676097
928 1.9487355251813108
929 1.9487355251813108
930 2.285026563187655
931 2.285026563187655
932 2.330645378145338
933 0.6481207267447899
934 0.6481207267447899
935 0.7093982238118561
936 0.7093982238118561
937 0.644655091862318
938 0.644655091862318
939 0.6180656369139084
940 0.6180656369139084
941 0.6249066929984428
942 0.6249066929984428
943 0.594886691269634
944 0.594886691269634
945 0.6681961796514784
946 0.6681961796514784
947 0.6765931777345988
948 0.6765931777345988
949 0.6976071039108226
950 0.6976071039108226
951 0.6194080374489725
952 0.6194080374489725
953 2.8315385639228925
954 2.8315385639228925
955 3.0592857113847702
956 3.0592857113847702
957 2.860076265255041
958 2.860076265255041
959 2.0493795197452624
960 2.0493795197452624
961 2.062030075093337
962 2.062030075093337
963 1.8671475436831226
964 3.532617004963636
965 3.532617004963636
966 3.3448824646132707
967 3.3448824646132707
968 3.1551137009098436
969 2.120129239804402
970 2.120129239804402
971 2.2567591551303003
972 2.2567591551303003
973 1.8690169412732451
974 1.8690169412732451
975 1.911973241834223
976 1.911973241834223
977 1.9842083833104025
978 3.3785821939325884
979 3.3785821939325884
980 3.2268980597817505
981 3.2268980597817505
982 2.9433388097372553
983 2.9433388097372553
984 3.3555928690753674
985 3.3555928690753674
986 3.476456033551811
987 3.476456033551811
988 3.363575344440559
989 0.9957512309074579
990 0.9957512309074579
991 1.0649787103170567
992 1.0649787103170567
993 3.765964278393847
994 3.765964278393847
995 3.8026370965715066
996 3.8026370965715066
997 3.6574323255245442
998 3.6574323255245442
999 1.1421171062835427
1000 1.1421171062835427
1001 1.1775603945665754
1002 1.1775603945665754
1003 1.2584059371584484
1004 1.2584059371584484
1005 1.0544574997615632
1006 1.0544574997615632
1007 2.4415916129153383
1008 2.4415916129153383
1009 2.239730773052882
1010 2.239730773052882
1011 2.359654961021189
1012 2.359654961021189
1013 2.3406239703713285
1014 2.3406239703713285
1015 2.665211165902632
1016 2.665211165902632
1017 2.30242990285633
1018 2.30242990285633
1019 2.213767543544883
1020 2.213767543544883
1021 2.493384411752488
1022 2.493384411752488
1023 2.3374465836434344
1024 2.3374465836434344
1025 2.315523223887975
1026 2.315523223887975
1027 2.560494979286098
1028 2.560494979286098
1029 2.379297021025947
1030 2.379297021025947
1031 2.590165148148316
1032 2.590165148148316
1033 2.6971448216559044
1034 2.6971448216559044
1035 2.4696719131588534
1036 2.4696719131588534
1037 2.19830330236976
1038 2.19830330236976
1039 2.435184259138958
1040 2.435184259138958
1041 2.4625577114283415
1042 2.4625577114283415
1043 2.507579968250058
1044 2.507579968250058
1045 2.622718731889722
1046 2.622718731889722
1047 2.4429295342471504
1048 2.4429295342471504
1049 2.6229384855820035
1050 2.6229384855820035
1051 2.5789127806113203
1052 2.5789127806113203
1053 2.4608402684172597
1054 2.4608402684172597
1055 2.3361598025097106
1056 2.3361598025097106
1057 2.506980043045727
1058 2.506980043045727
1059 2.6118234171150108
1060 2.6118234171150108
1061 2.485548065733463
1062 2.485548065733463
1063 2.482434003209851
1064 2.482434003209851
1065 2.3291418596053184
1066 2.3291418596053184
1067 2.412364315730672
1068 2.412364315730672
1069 2.724005020367548
1070 2.724005020367548
1071 2.0355475002381542
1072 2.0355475002381542
1073 1.8913071738371672
1074 1.8913071738371672
1075 1.9772802065677848
1076 3.7519313951625355
1077 3.7519313951625355
1078 3.7845223390444342
1079 3.7845223390444342
1080 3.634008552379752
1081 3.634008552379752
1082 3.585482142289061
1083 0.6396232613955881
1084 0.6396232613955881
1085 0.6910777434653842
1086 3.097868144490316
1087 3.097868144490316
1088 3.0989704083266036
1089 3.0989704083266036
1090 2.650402572150287
1091 2.650402572150287
1092 1.1223353518356964
1093 2.8929990819788722
1094 2.8929990819788722
1095 3.079835417000332
1096 3.079835417000332
1097 2.9120322525966635
1098 2.9120322525966635
1099 2.8624626601687435
1100 2.8624626601687435
1101 2.8231249870092716
1102 2.8231249870092716
1103 2.884480255969661
1104 2.884480255969661
1105 3.001700795009732
1106 3.001700795009732
1107 2.9205717748742233
1108 2.9205717748742233
1109 2.982683680102293
1110 2.982683680102293
1111 2.926700762231254
1112 2.926700762231254
1113 2.8053877492510026
1114 2.8053877492510026
1115 2.9045589044285345
1116 2.9045589044285345
1117 3.1533195176515907
1118 3.1533195176515907
1119 3.1596487247452845
1120 3.1596487247452845
1121 3.240829314545903
1122 3.240829314545903
1123 1.1318198048482244
1124 1.1318198048482244
1125 1.1739296304338613
1126 1.1739296304338613
1127 1.0829412269000767
1128 1.0829412269000767
1129 1.1848216061324828
1130 1.1848216061324828
1131 1.0836139938177116
1132 1.0836139938177116
1133 1.1768948962717614
1134 1.1768948962717614
1135 2.3379726369584657
1136 2.3379726369584657
1137 2.315817199190222
1138 2.315817199190222
1139 2.616031390036964
1140 2.616031390036964
1141 1.2005857569040916
1142 1.2005857569040916
1143 1.223233666570285
1144 1.223233666570285
1145 1.1880048901797595
1146 1.1880048901797595
1147 1.0302296052649094
1148 1.0302296052649094
1149 1.0672560728130838
1150 1.0672560728130838
1151 1.1430242275719684
1152 1.1430242275719684
1153 1.0218292412773364
1154 0.20910383631296553
1155 0.20910383631296553
1156 0.19369759624547223
1157 0.19369759624547223
1158 0.1886027936303273
1159 0.1886027936303273
1160 0.1943933616897658
1161 0.1943933616897658
1162 0.2311262730414591
1163 0.2311262730414591
1164 0.19043384707769673
1165 0.19043384707769673
1166 0.1823478948964316
1167 0.1823478948964316
1168 0.1901079740711825
1169 0.1901079740711825
1170 0.20453897463210183
1171 0.20453897463210183
1172 0.2182983281187362
1173 0.2182983281187362
1174 0.18946423663631234
1175 0.18946423663631234
1176 0.1963503727171037
1177 0.1963503727171037
1178 0.1989775810561061
1179 0.1989775810561061
1180 0.23164767977551237
1181 0.23164767977551237
1182 0.18508961932220513
1183 0.6200544184333963
1184 0.6200544184333963
1185 0.5804295926204507
1186 0.5804295926204507
1187 0.5193609924701255
1188 0.5193609924701255
1189 0.6198181814101513
1190 0.6198181814101513
1191 0.6841731654942899
1192 0.6841731654942899
1193 0.674352577152282
1194 1.2337559608412074
1195 1.2337559608412074
1196 1.066556066365224
1197 1.066556066365224
1198 1.068251139643673
1199 1.068251139643673
1200 1.0514347982643397
1201 2.3057562917210856
1202 2.3057562917210856
1203 1.561144535399381
1204 1.561144535399381
1205 1.3768556419385352
1206 1.3768556419385352
1207 1.6755866492474323
1208 1.6755866492474323
1209 1.337016271146076
1210 1.337016271146076
1211 1.4539116961147502
1212 1.4539116961147502
1213 1.5138728480918675
1214 1.5138728480918675
1215 1.468584289952837
1216 1.468584289952837
1217 1.676366331286469
1218 1.676366331286469
1219 1.5392769663655266
1220 1.5392769663655266
1221 1.456146171028185
1222 1.456146171028185
1223 1.5842824666134723
1224 1.5842824666134723
1225 1.7148886676173192
1226 2.816714060816614
1227 2.816714060816614
1228 2.7439074790313387
1229 2.7439074790313387
1230 3.409184253871048
1231 3.409184253871048
1232 2.755387839660051
1233 2.755387839660051
1234 3.0957540886773867
1235 0.6344494169757314
1236 0.6344494169757314
1237 0.6487163159632616
1238 0.6487163159632616
1239 0.6746037846590773
1240 1.6272968172367297
1241 1.6272968172367297
1242 1.3910703439975436
1243 1.3910703439975436
1244 1.4615810115466297
1245 3.721957645655136
1246 3.721957645655136
1247 3.6241039146620815
1248 3.6241039146620815
1249 3.7097867305282937
1250 3.7097867305282937
1251 3.325000202455052
1252 3.325000202455052
1253 3.2747643802803745
1254 3.2747643802803745
1255 2.786462157004663
1256 1.100060143587705
1257 1.100060143587705
1258 1.0898659333288667
1259 1.0898659333288667
1260 0.9799901295567064
1261 2.3364308656413466
1262 2.3364308656413466
1263 2.46585523168326
1264 2.46585523168326
1265 1.5211889614980743
1266 1.5211889614980743
1267 1.8522240046084804
1268 1.8522240046084804
1269 1.6424396762002105
1270 1.6424396762002105
1271 1.6828592858074751
1272 1.6828592858074751
1273 1.5797303261847295
1274 1.5797303261847295
1275 1.4987039578608388
1276 1.4987039578608388
1277 3.603037147070448
1278 3.603037147070448
1279 3.5324196555105094
1280 3.5324196555105094
1281 3.239286133643092
1282 3.239286133643092
1283 3.417893213787642
1284 3.417893213787642
1285 3.2881350079479517
1286 3.2881350079479517
1287 3.432293355793885
1288 3.1879984383189366
1289 3.1879984383189366
1290 2.719362571965747
1291 2.719362571965747
1292 2.563312012849194
1293 2.563312012849194
1294 3.0750786110528074
1295 3.0750786110528074
1296 3.0891671655207698
1297 3.0891671655207698
1298 2.6259325176804253
1299 2.6259325176804253
1300 3.3910582811268117
1301 3.3910582811268117
1302 3.120431149932935
1303 1.4824368405862502
1304 1.4824368405862502
1305 1.5647354549405808
1306 1.5647354549405808
1307 1.477340254580344
1308 1.477340254580344
1309 1.5270159271028219
1310 1.5270159271028219
1311 1.3410322875434237
1312 1.3410322875434237
1313 1.5845301921728399
1314 1.5845301921728399
1315 1.586799423556944
1316 1.586799423556944
1317 1.3846001953963145
1318 1.3846001953963145
1319 1.4223792374610509
1320 1.4223792374610509
1321 1.5176742377689023
1322 1.5176742377689023
1323 1.6099240058763062
1324 1.6099240058763062
1325 1.679750743044302
1326 1.679750743044302
1327 1.6577394715585383
1328 1.6577394715585383
1329 1.6096746583011148
1330 3.5678566309493136
1331 3.5678566309493136
1332 2.126116120184697
1333 2.126116120184697
1334 2.174377297764345
1335 2.174377297764345
1336 2.0690937698030334
1337 2.0690937698030334
1338 2.2240407920380734
1339 2.2240407920380734
1340 2.0097134006450195
1341 2.0097134006450195
1342 2.0181712017103077
1343 2.0181712017103077
1344 2.0194841857733397
1345 2.0194841857733397
1346 2.0598733078315674
1347 2.0598733078315674
1348 2.0623390954272307
1349 2.0623390954272307
1350 1.9205784057352817
1351 1.9205784057352817
1352 2.095150569802423
1353 2.095150569802423
1354 1.9204009780723306
1355 1.9204009780723306
1356 2.1873768445978032
1357 2.1873768445978032
1358 1.9795149947206625
1359 1.9795149947206625
1360 1.8592151513647523
1361 1.8592151513647523
1362 2.1985319029372503
1363 2.1985319029372503
1364 2.128435610401619
1365 2.128435610401619
1366 2.1046130009661677
1367 2.1046130009661677
1368 2.048527880324563
1369 2.048527880324563
1370 2.017033806782193
1371 2.017033806782193
1372 1.9055895462057963
1373 1.9055895462057963
1374 2.054101333020682
1375 2.054101333020682
1376 1.838004600859559
1377 1.838004600859559
1378 2.130967229669843
1379 2.130967229669843
1380 1.9665817738489408
1381 1.9665817738489408
1382 2.011171693593995
1383 2.011171693593995
1384 2.0881904645671296
1385 2.0881904645671296
1386 2.0548147943077093
1387 2.0548147943077093
1388 1.9636204446361896
1389 1.9636204446361896
1390 2.02704374994946
1391 2.02704374994946
1392 1.844022476056968
1393 1.844022476056968
1394 1.782890494058957
1395 1.782890494058957
1396 2.160090858801571
1397 2.160090858801571
1398 1.9513665636443995
1399 1.9513665636443995
1400 1.956168063194121
1401 1.956168063194121
1402 1.9947587456176854
1403 1.9947587456176854
1404 2.2912128719009206
1405 2.2912128719009206
1406 2.0508396263673063
1407 2.0508396263673063
1408 1.8661045537398253
1409 1.8661045537398253
1410 2.005956891760893
1411 2.005956891760893
1412 1.940359296459616
1413 1.940359296459616
1414 1.9983967881449023
1415 1.9983967881449023
1416 2.1984027619000686
1417 2.1984027619000686
1418 1.787136699865872
1419 1.787136699865872
1420 4.012096388952253
1421 4.012096388952253
1422 1.1534973407688929
1423 1.1534973407688929
1424 0.9949813329956114
1425 0.9949813329956114
1426 1.1040312632748326
1427 1.1040312632748326
1428 1.012069972692675
1429 1.012069972692675
1430 1.0299306874582044
1431 1.0299306874582044
1432 1.035414046175037
1433 1.035414046175037
1434 4.073546691236152
1435 4.073546691236152
1436 4.020654751588388
1437 4.020654751588388
1438 3.6012633958236338
1439 3.6012633958236338
1440 3.9998023444648534
1441 3.9998023444648534
1442 1.997099381626574
1443 1.997099381626574
1444 2.2077112465842483
1445 2.2077112465842483
1446 1.9585207775184372
1447 1.9585207775184372
1448 2.0848618836150914
1449 2.0848618836150914
1450 2.1125645711379053
1451 2.1125645711379053
1452 2.0664422463719636
1453 2.0664422463719636
1454 1.9497951056476135
1455 1.9497951056476135
1456 1.809136770018463
1457 2.647715947997844
1458 2.647715947997844
1459 2.857708027231585
1460 2.857708027231585
1461 3.076100630186914
1462 3.076100630186914
1463 3.3848707567576124
1464 3.3848707567576124
1465 3.5604925738704307
1466 3.5604925738704307
1467 3.4720776258551296
1468 3.4720776258551296
1469 3.139839011054083
1470 3.139839011054083
1471 3.4675738571323595
1472 3.4675738571323595
1473 3.382200089172968
1474 3.382200089172968
1475 3.30049480936443
1476 3.30049480936443
1477 3.5683193446846038
1478 3.5683193446846038
1479 3.3354623900649254
1480 3.3354623900649254
1481 3.419022973253428
1482 3.419022973253428
1483 3.2913538773402338
1484 3.2913538773402338
1485 3.628931680734502
1486 3.628931680734502
1487 3.3636202283446224
1488 2.0845807940850065
1489 2.0845807940850065
1490 2.1546321862400415
1491 2.1546321862400415
1492 1.810292219682501
1493 1.810292219682501
1494 1.9185633416733971
1495 1.9185633416733971
1496 1.8309486923238385
1497 1.8309486923238385
1498 1.9879614467586164
1499 1.9879614467586164
1500 1.9490768544843924
1501 1.9490768544843924
1502 2.127123295466768
1503 2.127123295466768
1504 1.91475107121971
1505 1.91475107121971
1506 2.1695927745647547
1507 2.1695927745647547
1508 1.9526244271853685
1509 1.9526244271853685
1510 2.1296048654157524
1511 2.1296048654157524
1512 2.3655892485077348
1513 2.3655892485077348
1514 2.0867248967518046
1515 2.0867248967518046
1516 2.19323182446435
1517 2.19323182446435
1518 2.205146241488532
1519 2.205146241488532
1520 2.0237158194871374
1521 2.0237158194871374
1522 2.029014364903267
1523 2.029014364903267
1524 1.9259713719843539
1525 1.9259713719843539
1526 1.8893886613987647
1527 1.8893886613987647
1528 0.5991785721903912
1529 0.5991785721903912
1530 0.6848920545664591
1531 0.6848920545664591
1532 2.658191855158191
1533 2.658191855158191
1534 2.25726763103013
1535 2.25726763103013
1536 2.3647259020478075
1537 2.3647259020478075
1538 2.522806276451324
1539 2.522806276451324
1540 2.6037568147745285
1541 2.6037568147745285
1542 2.387120807351608
1543 2.387120807351608
1544 0.6205034614330591
1545 0.6205034614330591
1546 0.6781217583857222
1547 0.6781217583857222
1548 0.7145035216827441
1549 0.7145035216827441
1550 0.6576534644757842
1551 0.6576534644757842
1552 0.6032637324101748
1553 1.5893248787082503
1554 1.5893248787082503
1555 1.5807888790488263
1556 1.5807888790488263
1557 1.6919620748508988
1558 1.6919620748508988
1559 1.7375556051051442
1560 1.7375556051051442
1561 1.4957987384742115
1562 1.4957987384742115
1563 1.5824018649744067
1564 1.5824018649744067
1565 1.4611415979517324
1566 1.4611415979517324
1567 1.6460199352405223
1568 1.6460199352405223
1569 1.4169564267286627
1570 1.4169564267286627
1571 0.6864880286962431
1572 0.6864880286962431
1573 0.6243877469404163
1574 2.7454258560689437
1575 2.7454258560689437
1576 3.084154175917417
1577 3.084154175917417
1578 2.7869801574444306
1579 2.0260172087697175
1580 0.18065957044017888
1581 1.6569134154293064
1582 1.6569134154293064
1583 1.6674385376376826
1584 1.6674385376376826
1585 1.6797093057454915
1586 1.6797093057454915
1587 1.4642177808962893
1588 1.4642177808962893
1589 1.516409966940188
1590 1.516409966940188
1591 1.5306201610640064
1592 1.5306201610640064
1593 2.9582768143387903
1594 2.9582768143387903
1595 3.1525637620281666
1596 3.1525637620281666
1597 3.2463075839550215
1598 3.2463075839550215
1599 2.9494499257900033
1600 2.9494499257900033
1601 3.5826143594318185
1602 3.063369052046502
1603 3.063369052046502
1604 3.489904319679944
1605 3.489904319679944
1606 3.5116551033865866
1607 3.5116551033865866
1608 2.967393447723326
1609 2.967393447723326
1610 3.452662699802891
1611 3.452662699802891
1612 3.4323586905075616
1613 3.4323586905075616
1614 3.5943010408747242
1615 3.5943010408747242
1616 1.1386347780788504
1617 1.1386347780788504
1618 1.0841434380441664
1619 1.0841434380441664
1620 1.10173926340645
1621 1.10173926340645
1622 1.108199114192001
1623 1.108199114192001
1624 1.1291557956688054
1625 1.1291557956688054
1626 1.1274106933320684
1627 1.1274106933320684
1628 1.0423257538342932
1629 1.0423257538342932
1630 1.0906975199478506
1631 1.0906975199478506
1632 1.051169625871705
1633 1.051169625871705
1634 1.0287863931997487
1635 1.0287863931997487
1636 1.1177470766979862
1637 1.1177470766979862
1638 1.0976696913018416
1639 1.0976696913018416
1640 1.1833421299261981
1641 1.1833421299261981
1642 1.2151419116564666
1643 1.2151419116564666
1644 1.1183055303822789
1645 1.1183055303822789
1646 1.0614081652862963
1647 1.0614081652862963
1648 1.010256276440205
1649 1.010256276440205
1650 1.0683577451079624
1651 1.0683577451079624
1652 1.0892359206940454
1653 1.0892359206940454
1654 1.1287883295962715
1655 1.1287883295962715
1656 1.1611835126917869
1657 1.1611835126917869
1658 1.0822791185888045
1659 1.0822791185888045
1660 1.042852893533074
1661 1.042852893533074
1662 0.9446581547739757
1663 0.9446581547739757
1664 1.1518576911702714
1665 1.1518576911702714
1666 2.3834637696685186
1667 2.3834637696685186
1668 2.3231402667031826
1669 2.3231402667031826
1670 2.9511016880473435
1671 2.9511016880473435
1672 3.5340793907456165
1673 3.5340793907456165
1674 3.187675941119629
1675 3.187675941119629
1676 3.58168318133508
1677 3.58168318133508
1678 3.371818708143879
1679 3.371818708143879
1680 3.875245538074857
1681 3.875245538074857
1682 3.068758727289723
1683 3.068758727289723
1684 3.258612147504785
1685 3.5129625820694703
1686 3.5129625820694703
1687 3.980857705542476
1688 3.980857705542476
1689 3.699803100941906
1690 1.5537610962236992
1691 1.5537610962236992
1692 1.5235383871437382
1693 1.5235383871437382
1694 1.476081191597232
1695 1.476081191597232
1696 1.494230382250868
1697 1.494230382250868
1698 1.550294954381611
1699 1.550294954381611
1700 1.604999352414411
1701 1.604999352414411
1702 1.5621055326154403
1703 1.5621055326154403
1704 1.48629892868732
1705 1.48629892868732
1706 1.693876079647199
1707 1.693876079647199
1708 1.6848941279313179
1709 1.6848941279313179
1710 1.6124446593473258
1711 1.6124446593473258
1712 1.4557216099418604
1713 1.4557216099418604
1714 1.6037245466958636
1715 1.6037245466958636
1716 1.5158932369530749
1717 1.5158932369530749
1718 1.6403970522990834
1719 1.6403970522990834
1720 1.4282586915404725
1721 1.4282586915404725
1722 1.4372219753965776
1723 1.4372219753965776
1724 1.6672616428173987
1725 1.6672616428173987
1726 1.5557018187749163
1727 1.5557018187749163
1728 1.6856830653136017
1729 1.6856830653136017
1730 1.6010077181400872
1731 1.6010077181400872
1732 1.5486117206200305
1733 1.5486117206200305
1734 1.502026445927697
1735 1.502026445927697
1736 1.494068520759691
1737 1.494068520759691
1738 1.5822141552324047
1739 1.5822141552324047
1740 1.5548370749717204
1741 1.5548370749717204
1742 1.5353083576883586
1743 1.5353083576883586
1744 1.7045658560771961
1745 1.7045658560771961
1746 1.5100968033215918
1747 3.2919013269230653
1748 3.2919013269230653
1749 0.5910925195225768
1750 0.5910925195225768
1751 0.5416616405653714
1752 0.5416616405653714
1753 0.6449661093813562
1754 0.6449661093813562
1755 0.579614261342963
1756 2.2886129977979643
1757 2.2886129977979643
1758 1.0887188554181693
1759 1.0887188554181693
1760 2.4537605774040183
1761 2.4537605774040183
1762 1.1416628939504916
1763 1.1416628939504916
1764 1.078564329820861
1765 1.078564329820861
1766 1.0206238508457093
1767 1.0206238508457093
1768 1.1612561493067004
1769 1.1612561493067004
1770 1.2208669949292008
1771 1.2208669949292008
1772 1.1296386545439188
1773 1.1296386545439188
1774 1.0713674877155754
1775 1.0713674877155754
1776 1.1374261617281427
1777 1.1374261617281427
1778 1.2053681283460258
1779 1.2053681283460258
1780 1.1024873867792964
1781 1.1024873867792964
1782 1.0892294440436914
1783 1.0892294440436914
1784 1.008204758874323
1785 1.008204758874323
1786 1.1129975147380768
1787 1.1129975147380768
1788 0.9913043151162153
1789 0.9913043151162153
1790 1.072389262573116
1791 1.072389262573116
1792 1.153419810549229
1793 1.153419810549229
1794 1.1009259517998733
1795 1.1009259517998733
1796 1.040226111398361
1797 1.040226111398361
1798 1.0264760777162059
1799 0.7105689145647133
1800 0.7105689145647133
1801 0.6224290129660036
1802 0.6224290129660036
1803 0.7049016236661743
1804 0.7049016236661743
1805 0.6336565683830603
1806 0.6336565683830603
1807 0.6330552782497639
1808 0.6330552782497639
1809 0.6556561692572702
1810 0.6556561692572702
1811 0.6760152461011963
1812 0.6760152461011963
1813 0.6120598081915151
1814 0.6120598081915151
1815 0.6965697466656003
1816 0.6965697466656003
1817 0.6351339138281888
1818 0.6351339138281888
1819 0.5822731939493042
1820 0.5822731939493042
1821 0.6704851225593471
1822 0.6704851225593471
1823 0.6100027567727385
1824 0.6100027567727385
1825 0.7303185648999931
1826 0.7303185648999931
1827 0.637455556943643
1828 0.637455556943643
1829 0.6521140054346706
1830 0.6521140054346706
1831 0.6701582905926771
1832 0.6701582905926771
1833 0.6487697853582799
1834 2.4280513074491505
1835 2.4280513074491505
1836 2.6009564918313495
1837 2.6009564918313495
1838 2.2214485921654843
1839 2.2214485921654843
1840 2.366332887552533
1841 0.7068445233342532
1842 0.7068445233342532
1843 0.5895864856803061
1844 0.5895864856803061
1845 0.6616395707416475
1846 3.183834039923252
1847 3.183834039923252
1848 2.7688980132408565
1849 2.7688980132408565
1850 2.8579897610372607
1851 2.556760696421485
1852 2.556760696421485
1853 2.651978064646673
1854 2.651978064646673
1855 2.4618697875985562
1856 2.4618697875985562
1857 2.242457426499899
1858 2.242457426499899
1859 2.36669171155185
1860 2.36669171155185
1861 2.6021359134354665
1862 2.6021359134354665
1863 2.5031744275887102
1864 2.5031744275887102
1865 2.6787530256113796
1866 2.6787530256113796
1867 2.3525226460068036
1868 2.3525226460068036
1869 2.428323306010337
1870 2.428323306010337
1871 2.646149201005043
1872 2.646149201005043
1873 2.6986473828771027
1874 2.6986473828771027
1875 2.5468124268414525
1876 2.5468124268414525
1877 2.672682268331058
1878 2.672682268331058
1879 2.552683208593003
1880 2.552683208593003
1881 2.5416071838581966
1882 2.5416071838581966
1883 2.474539151844599
1884 2.474539151844599
1885 2.5008983851140867
1886 2.5008983851140867
1887 2.38443144288298
1888 2.38443144288298
1889 2.353819891389071
1890 2.353819891389071
1891 2.556845940835093
1892 2.556845940835093
1893 2.672565123509323
1894 2.672565123509323
1895 2.346961251224141
1896 2.346961251224141
1897 2.487551447325554
1898 2.487551447325554
1899 2.3360240933270138
1900 2.3360240933270138
1901 2.428553990526079
1902 2.428553990526079
1903 2.274281665319386
1904 2.274281665319386
1905 2.386260990518147
1906 2.386260990518147
1907 2.366384743166471
1908 2.366384743166471
1909 2.6463331046946195
1910 2.6463331046946195
1911 2.3985462464500418
1912 1.5028270880371406
1913 1.5028270880371406
1914 1.6331942508014075
1915 1.6331942508014075
1916 1.7067515680355643
1917 1.7067515680355643
1918 1.6568842103262562
1919 1.6568842103262562
1920 1.5235345749312714
1921 1.5235345749312714
1922 1.7586119829170603
1923 1.7586119829170603
1924 1.5613909778965525
1925 1.5613909778965525
1926 1.6566451872330688
1927 1.6566451872330688
1928 1.5006642266393837
1929 1.5006642266393837
1930 1.4877667830493062
1931 1.4877667830493062
1932 1.5974979028727845
1933 1.5974979028727845
1934 1.597006612031731
1935 1.597006612031731
1936 1.3672422996873552
1937 1.3672422996873552
1938 1.676206127554717
1939 1.676206127554717
1940 1.469055224786151
1941 1.469055224786151
1942 4.039219515010999
1943 4.039219515010999
1944 4.04254701044383
1945 0.5938716666657454
1946 0.5938716666657454
1947 0.6604439268200144
1948 0.6604439268200144
1949 0.658880439689159
1950 0.658880439689159
1951 0.6230167704178808
1952 0.6230167704178808
1953 0.5653669852189424
1954 1.1249074085927875
1955 1.1249074085927875
1956 0.9944565109640128
1957 0.9944565109640128
1958 1.0473810849219702
1959 1.0473810849219702
1960 1.120782103695023
1961 1.120782103695023
1962 1.1171503597284191
1963 1.1171503597284191
1964 1.1110824060615085
1965 1.1110824060615085
1966 1.0940511645149134
1967 1.0940511645149134
1968 1.1869458041590781
1969 0.685666505733609
1970 0.685666505733609
1971 0.6496347470401606
1972 0.6496347470401606
1973 0.6549429961729338
1974 0.6549429961729338
1975 0.5823294600180624
1976 0.5823294600180624
1977 0.6436367537241621
1978 0.6436367537241621
1979 0.593494340133342
1980 0.593494340133342
1981 3.42292149191215
1982 3.42292149191215
1983 3.8498807106680775
1984 3.226901576329239
1985 3.226901576329239
1986 2.6983405035873598
1987 2.6983405035873598
1988 2.814255333799648
1989 2.814255333799648
1990 2.8347023982205384
1991 2.8347023982205384
1992 3.1165219940330346
1993 3.1165219940330346
1994 2.809657685967733
1995 2.809657685967733
1996 2.8680629154085797
1997 2.8680629154085797
1998 2.9137568612436433
1999 2.9137568612436433
