0 0.24317959389622354
1 0.24317959389622354
2 0.24317959389622354
3 0.24317959389622354
4 0.24317959389622354
5 0.19307731560614627
6 0.19307731560614627
7 0.19307731560614627
8 0.19307731560614627
9 0.19307731560614627
10 0.23281526668987917
11 0.23281526668987917
12 0.23281526668987917
13 0.23281526668987917
14 0.23281526668987917
15 0.19967048190157696
16 0.19967048190157696
17 0.5610488336069268
18 0.5610488336069268
19 0.5610488336069268
20 0.5610488336069268
21 0.5610488336069268
22 0.7128255884189005
23 0.7128255884189005
24 0.7128255884189005
25 0.7128255884189005
26 0.7128255884189005
27 0.6561060594718371
28 0.6561060594718371
29 0.6561060594718371
30 0.6561060594718371
31 0.6561060594718371
32 0.4426619823707
33 0.4426619823707
34 0.4426619823707
35 0.4426619823707
36 0.4426619823707
37 0.8296422037611284
38 0.8296422037611284
39 0.8296422037611284
40 0.8296422037611284
41 0.8296422037611284
42 1.5891852684463237
43 1.5891852684463237
44 1.5891852684463237
45 1.5891852684463237
46 1.5891852684463237
47 1.8465216840750656
48 1.8465216840750656
49 1.8465216840750656
50 1.8465216840750656
51 1.8465216840750656
52 1.4856109177410544
53 1.4856109177410544
54 1.4856109177410544
55 1.4856109177410544
56 1.4856109177410544
57 1.3884029115795995
58 1.3884029115795995
59 1.3884029115795995
60 1.3884029115795995
61 1.3884029115795995
62 1.5264826263242137
63 1.5264826263242137
64 1.762728660058327
65 1.762728660058327
66 1.762728660058327
67 1.762728660058327
68 1.762728660058327
69 1.9352051754900776
70 1.9352051754900776
71 1.9352051754900776
72 1.9352051754900776
73 1.9352051754900776
74 1.850293596005031
75 1.850293596005031
76 1.850293596005031
77 1.850293596005031
78 1.850293596005031
79 2.6097590505901076
80 2.6097590505901076
81 2.6097590505901076
82 2.6097590505901076
83 2.6097590505901076
84 1.7503576598241632
85 1.7503576598241632
86 1.7503576598241632
87 1.7503576598241632
88 1.7503576598241632
89 2.670842278681405
90 2.670842278681405
91 2.670842278681405
92 2.670842278681405
93 2.670842278681405
94 2.0179141577730624
95 2.0179141577730624
96 2.0179141577730624
97 2.0179141577730624
98 2.0179141577730624
99 1.8427480987687912
100 1.8427480987687912
101 1.8427480987687912
102 1.8427480987687912
103 1.8427480987687912
104 1.8254051657735981
105 1.8254051657735981
106 1.8254051657735981
107 1.8254051657735981
108 1.8254051657735981
109 2.5058589804403564
110 2.5058589804403564
111 2.5058589804403564
112 2.5058589804403564
113 2.5058589804403564
114 1.5706329092250513
115 1.5706329092250513
116 1.5706329092250513
117 1.5706329092250513
118 1.5706329092250513
119 1.8292004655173144
120 1.8292004655173144
121 1.8292004655173144
122 1.8292004655173144
123 1.8292004655173144
124 2.129566026079456
125 2.129566026079456
126 2.129566026079456
127 2.129566026079456
128 2.129566026079456
129 1.9327873375342406
130 1.9327873375342406
131 1.9327873375342406
132 1.9327873375342406
133 1.9327873375342406
134 1.2899099278839898
135 1.2899099278839898
136 1.2899099278839898
137 1.2899099278839898
138 1.2899099278839898
139 2.7591149306528586
140 2.7591149306528586
141 2.7591149306528586
142 2.7591149306528586
143 2.7591149306528586
144 1.997259029038653
145 1.997259029038653
146 1.997259029038653
147 1.997259029038653
148 1.997259029038653
149 1.2436344043178829
150 1.2436344043178829
151 1.2436344043178829
152 1.2436344043178829
153 1.2436344043178829
154 2.0702036617006776
155 2.0702036617006776
156 2.0702036617006776
157 2.0702036617006776
158 2.0702036617006776
159 2.226394727013867
160 2.226394727013867
161 2.226394727013867
162 2.226394727013867
163 2.226394727013867
164 2.4398257980180595
165 2.4398257980180595
166 2.4398257980180595
167 2.4398257980180595
168 2.4398257980180595
169 1.7351913880878282
170 1.7351913880878282
171 1.7351913880878282
172 1.7351913880878282
173 1.7351913880878282
174 2.5201728852985803
175 2.5201728852985803
176 2.5201728852985803
177 2.5201728852985803
178 2.5201728852985803
179 2.050825275527786
180 2.050825275527786
181 2.050825275527786
182 2.050825275527786
183 2.050825275527786
184 1.3601874127881748
185 1.3601874127881748
186 1.3601874127881748
187 1.3601874127881748
188 1.3601874127881748
189 2.270573644647751
190 2.270573644647751
191 2.270573644647751
192 2.270573644647751
193 2.270573644647751
194 2.0960683787295094
195 2.0960683787295094
196 2.0960683787295094
197 2.0960683787295094
198 2.0960683787295094
199 1.6126097761582245
200 1.6126097761582245
201 1.6126097761582245
202 1.6126097761582245
203 1.6126097761582245
204 2.084573178286089
205 2.084573178286089
206 2.084573178286089
207 2.084573178286089
208 2.084573178286089
209 2.162137748795246
210 2.162137748795246
211 2.162137748795246
212 2.162137748795246
213 2.162137748795246
214 1.9958235142805245
215 1.9958235142805245
216 1.9958235142805245
217 1.9958235142805245
218 1.9958235142805245
219 1.901740470182788
220 1.901740470182788
221 1.901740470182788
222 1.901740470182788
223 1.901740470182788
224 1.7176424232776566
225 1.7176424232776566
226 1.7176424232776566
227 1.7176424232776566
228 1.7176424232776566
229 1.8224568371625036
230 1.8224568371625036
231 1.8224568371625036
232 1.8224568371625036
233 1.8224568371625036
234 2.636624837905055
235 2.636624837905055
236 2.636624837905055
237 2.636624837905055
238 2.636624837905055
239 1.8285658861587044
240 1.0561088934653202
241 1.0561088934653202
242 1.0561088934653202
243 1.0561088934653202
244 1.0561088934653202
245 1.1106836939390488
246 1.1106836939390488
247 1.1106836939390488
248 1.1106836939390488
249 1.1106836939390488
250 1.020561514472472
251 1.020561514472472
252 1.020561514472472
253 1.020561514472472
254 1.020561514472472
255 0.9158590504951722
256 0.9158590504951722
257 0.9158590504951722
258 0.9158590504951722
259 0.9158590504951722
260 1.1124377544669062
261 1.1124377544669062
262 1.1124377544669062
263 1.1124377544669062
264 1.1124377544669062
265 1.0477324794881164
266 1.0477324794881164
267 1.0477324794881164
268 1.0477324794881164
269 1.0477324794881164
270 0.8242518326018257
271 0.8242518326018257
272 0.8242518326018257
273 0.8242518326018257
274 0.8242518326018257
275 1.485277758382193
276 1.485277758382193
277 1.485277758382193
278 1.485277758382193
279 1.485277758382193
280 1.211954550806071
281 1.211954550806071
282 1.211954550806071
283 1.211954550806071
284 1.211954550806071
285 1.3213671374347191
286 1.3213671374347191
287 1.3213671374347191
288 1.3213671374347191
289 1.3213671374347191
290 2.026906598286242
291 2.026906598286242
292 2.026906598286242
293 2.026906598286242
294 2.026906598286242
295 2.0223115173476804
296 2.0223115173476804
297 2.0223115173476804
298 2.0223115173476804
299 2.0223115173476804
300 1.8400804661086816
301 1.8400804661086816
302 1.8400804661086816
303 1.8400804661086816
304 1.8400804661086816
305 1.7075792151511258
306 1.7075792151511258
307 1.7075792151511258
308 1.7075792151511258
309 1.7075792151511258
310 1.352673337684712
311 1.352673337684712
312 1.352673337684712
313 1.352673337684712
314 1.352673337684712
315 1.6212462608393934
316 1.6212462608393934
317 1.6212462608393934
318 1.6212462608393934
319 1.6212462608393934
320 1.6720610320600762
321 1.6720610320600762
322 1.6720610320600762
323 1.6720610320600762
324 1.6720610320600762
325 1.3736141581904597
326 1.3736141581904597
327 1.3736141581904597
328 1.3736141581904597
329 1.3736141581904597
330 1.3724053667827858
331 1.3724053667827858
332 1.3724053667827858
333 1.3724053667827858
334 1.3724053667827858
335 1.5762005197042324
336 1.5762005197042324
337 1.5762005197042324
338 1.5762005197042324
339 1.5762005197042324
340 1.8596400915302935
341 1.8596400915302935
342 1.8596400915302935
343 1.8596400915302935
344 1.8596400915302935
345 1.5498398437273535
346 1.5498398437273535
347 1.5498398437273535
348 1.5498398437273535
349 1.5498398437273535
350 1.926213260300462
351 1.926213260300462
352 1.926213260300462
353 1.926213260300462
354 1.926213260300462
355 1.425233675309085
356 1.425233675309085
357 1.425233675309085
358 1.425233675309085
359 1.425233675309085
360 1.874687807744538
361 1.874687807744538
362 1.874687807744538
363 1.874687807744538
364 1.874687807744538
365 1.4304405265887632
366 1.4304405265887632
367 1.4304405265887632
368 1.4304405265887632
369 1.4304405265887632
370 1.2724903445790265
371 1.2724903445790265
372 1.2724903445790265
373 1.2724903445790265
374 1.2724903445790265
375 2.0250364763232245
376 2.0250364763232245
377 2.0250364763232245
378 2.0250364763232245
379 2.0250364763232245
380 1.6822445432652164
381 1.6822445432652164
382 1.6822445432652164
383 1.6822445432652164
384 1.6822445432652164
385 0.9222265081114335
386 0.9222265081114335
387 0.9222265081114335
388 0.9222265081114335
389 0.9222265081114335
390 1.6807064189553051
391 1.6807064189553051
392 1.6807064189553051
393 1.6807064189553051
394 1.6807064189553051
395 1.6643024343561772
396 1.5204079484469646
397 1.5204079484469646
398 1.5204079484469646
399 1.5204079484469646
400 1.5204079484469646
401 1.0983222926684182
402 1.0983222926684182
403 1.0983222926684182
404 1.0983222926684182
405 1.0983222926684182
406 1.1128065189568386
407 1.1128065189568386
408 1.1128065189568386
409 1.1128065189568386
410 1.1128065189568386
411 1.105037615302054
412 1.105037615302054
413 1.105037615302054
414 1.105037615302054
415 1.105037615302054
416 0.7884216206552681
417 0.7884216206552681
418 0.7884216206552681
419 0.7884216206552681
420 0.7884216206552681
421 0.960772588773889
422 0.960772588773889
423 0.960772588773889
424 0.960772588773889
425 0.960772588773889
426 1.455259823670112
427 1.455259823670112
428 1.455259823670112
429 1.455259823670112
430 1.455259823670112
431 0.8748247958335028
432 0.8748247958335028
433 0.8748247958335028
434 0.8748247958335028
435 0.8748247958335028
436 1.492551653768774
437 1.492551653768774
438 1.492551653768774
439 1.492551653768774
440 1.492551653768774
441 0.9483814652645073
442 0.9483814652645073
443 0.9483814652645073
444 0.9483814652645073
445 0.9483814652645073
446 1.238033759868331
447 1.238033759868331
448 1.238033759868331
449 1.238033759868331
450 1.238033759868331
451 0.9885588364082808
452 0.9885588364082808
453 0.9885588364082808
454 0.9885588364082808
455 0.9885588364082808
456 1.5776341881672025
457 1.5776341881672025
458 1.5776341881672025
459 1.5776341881672025
460 1.5776341881672025
461 0.944213914192244
462 0.944213914192244
463 0.944213914192244
464 0.944213914192244
465 0.944213914192244
466 1.1743810618537935
467 1.1743810618537935
468 1.1743810618537935
469 1.1743810618537935
470 1.1743810618537935
471 1.008604835812939
472 1.008604835812939
473 1.008604835812939
474 1.008604835812939
475 1.008604835812939
476 0.766056513828516
477 0.766056513828516
478 0.766056513828516
479 0.766056513828516
480 0.766056513828516
481 0.9037406043915062
482 0.9037406043915062
483 0.9037406043915062
484 0.9037406043915062
485 0.9037406043915062
486 0.8670592682486169
487 0.8670592682486169
488 0.8670592682486169
489 0.8670592682486169
490 0.8670592682486169
491 0.8840922407687145
492 0.8840922407687145
493 0.8840922407687145
494 0.8840922407687145
495 0.8840922407687145
496 1.0509806769973467
497 1.0509806769973467
498 1.0509806769973467
499 1.0509806769973467
500 1.0509806769973467
501 1.1437343683354153
502 1.1437343683354153
503 1.1437343683354153
504 1.1437343683354153
505 1.1437343683354153
506 0.8780254074040081
507 0.8780254074040081
508 0.8780254074040081
509 0.8780254074040081
510 0.8780254074040081
511 1.1036016931129542
512 1.1036016931129542
513 1.1036016931129542
514 1.1036016931129542
515 1.1036016931129542
516 0.906250925840645
517 0.906250925840645
518 0.906250925840645
519 0.906250925840645
520 0.906250925840645
521 1.2826081313314301
522 1.2826081313314301
523 1.2826081313314301
524 1.2826081313314301
525 1.2826081313314301
526 1.2266028614488809
527 1.2266028614488809
528 1.2266028614488809
529 1.2266028614488809
530 1.2266028614488809
531 1.4963714447893712
532 1.4963714447893712
533 1.4963714447893712
534 1.4963714447893712
535 1.4963714447893712
536 0.7085455056216485
537 0.7085455056216485
538 0.7085455056216485
539 0.7085455056216485
540 0.7085455056216485
541 1.0978372679405226
542 1.0978372679405226
543 1.0978372679405226
544 1.0978372679405226
545 1.0978372679405226
546 1.378892491619206
547 1.378892491619206
548 1.378892491619206
549 1.378892491619206
550 1.378892491619206
551 0.8189617150868478
552 0.8189617150868478
553 0.8189617150868478
554 0.8189617150868478
555 0.8189617150868478
556 1.1393788287243625
557 1.1393788287243625
558 1.1393788287243625
559 1.1393788287243625
560 1.1393788287243625
561 1.391090327928557
562 1.391090327928557
563 1.391090327928557
564 1.391090327928557
565 1.391090327928557
566 1.1085597600346109
567 1.1085597600346109
568 1.1085597600346109
569 1.1085597600346109
570 1.1085597600346109
571 1.2566499963844606
572 1.2566499963844606
573 1.2566499963844606
574 1.2566499963844606
575 1.2566499963844606
576 0.792819096261433
577 0.792819096261433
578 0.792819096261433
579 0.792819096261433
580 0.792819096261433
581 0.9928253162590652
582 0.9928253162590652
583 0.9928253162590652
584 0.9928253162590652
585 0.9928253162590652
586 0.6474057193410006
587 0.6474057193410006
588 0.6474057193410006
589 0.6474057193410006
590 0.6474057193410006
591 0.6987761887778022
592 0.6987761887778022
593 0.6987761887778022
594 0.6987761887778022
595 0.6987761887778022
596 0.617750080343464
597 0.617750080343464
598 0.617750080343464
599 0.617750080343464
600 0.617750080343464
601 0.7304290003242532
602 0.7304290003242532
603 0.7304290003242532
604 0.7304290003242532
605 0.7304290003242532
606 2.923794370831703
607 2.923794370831703
608 2.923794370831703
609 2.923794370831703
610 5.515399260473257
611 5.515399260473257
612 3.812931820140444
613 3.812931820140444
614 3.812931820140444
615 3.812931820140444
616 3.812931820140444
617 2.9660925050236564
618 2.9660925050236564
619 4.708195672144462
620 4.708195672144462
621 4.708195672144462
622 4.708195672144462
623 4.708195672144462
624 3.661907519633897
625 3.661907519633897
626 3.5079691335679604
627 3.5079691335679604
628 3.5079691335679604
629 3.5079691335679604
630 3.5079691335679604
631 3.850308834563364
632 3.850308834563364
633 3.850308834563364
634 3.850308834563364
635 3.850308834563364
636 2.664193974298266
637 2.664193974298266
638 2.664193974298266
639 2.664193974298266
640 2.664193974298266
641 3.6182118305307234
642 3.6182118305307234
643 3.6182118305307234
644 3.6182118305307234
645 3.6182118305307234
646 5.295362591594986
647 5.295362591594986
648 5.295362591594986
649 5.295362591594986
650 5.295362591594986
651 3.202648454887705
652 3.202648454887705
653 3.202648454887705
654 3.202648454887705
655 3.202648454887705
656 3.792070866724014
657 3.792070866724014
658 3.792070866724014
659 3.792070866724014
660 3.792070866724014
661 4.422678065745553
662 4.422678065745553
663 4.422678065745553
664 4.422678065745553
665 4.422678065745553
666 3.462124497169608
667 3.462124497169608
668 3.462124497169608
669 3.462124497169608
670 3.462124497169608
671 4.953426173885408
672 4.953426173885408
673 4.953426173885408
674 4.953426173885408
675 4.953426173885408
676 4.476953563517519
677 4.476953563517519
678 4.476953563517519
679 4.476953563517519
680 4.476953563517519
681 3.0271085866013285
682 3.0271085866013285
683 3.0271085866013285
684 3.0271085866013285
685 3.0271085866013285
686 4.086834822136221
687 4.086834822136221
688 4.086834822136221
689 4.086834822136221
690 4.086834822136221
691 4.131563565794107
692 4.131563565794107
693 4.131563565794107
694 4.131563565794107
695 4.131563565794107
696 4.681011150463651
697 4.681011150463651
698 4.681011150463651
699 4.681011150463651
700 4.681011150463651
701 4.573857989985202
702 4.573857989985202
703 4.573857989985202
704 4.573857989985202
705 4.573857989985202
706 3.4298028595662093
707 3.4298028595662093
708 3.4298028595662093
709 3.4298028595662093
710 3.4298028595662093
711 2.9902089570249233
712 2.9902089570249233
713 2.9902089570249233
714 2.9902089570249233
715 2.9902089570249233
716 1.1253016784583505
717 1.1253016784583505
718 1.1253016784583505
719 1.1253016784583505
720 1.1253016784583505
721 0.848764915679419
722 0.848764915679419
723 0.848764915679419
724 0.848764915679419
725 0.848764915679419
726 2.178085012347301
727 2.178085012347301
728 2.178085012347301
729 2.178085012347301
730 2.178085012347301
731 2.5059914891866764
732 2.5059914891866764
733 2.5059914891866764
734 2.5059914891866764
735 2.5059914891866764
736 2.0992042597703047
737 2.0992042597703047
738 2.0992042597703047
739 2.0992042597703047
740 2.0992042597703047
741 2.519010936830892
742 2.519010936830892
743 2.519010936830892
744 2.519010936830892
745 2.519010936830892
746 2.3776716926985926
747 2.3776716926985926
748 2.3776716926985926
749 2.3776716926985926
750 2.3776716926985926
751 2.046396857200117
752 2.046396857200117
753 2.046396857200117
754 2.046396857200117
755 2.046396857200117
756 3.356527971271447
757 3.356527971271447
758 3.356527971271447
759 3.356527971271447
760 3.356527971271447
761 2.6169572685241573
762 2.6169572685241573
763 2.6169572685241573
764 2.6169572685241573
765 2.6169572685241573
766 1.8688515079187744
767 1.8688515079187744
768 1.0991421836763808
769 1.0991421836763808
770 1.0991421836763808
771 1.0991421836763808
772 1.0991421836763808
773 1.092898333055846
774 1.092898333055846
775 1.092898333055846
776 1.092898333055846
777 1.092898333055846
778 1.0684672683907903
779 1.0684672683907903
780 1.0684672683907903
781 1.0684672683907903
782 1.0684672683907903
783 1.0450505729160833
784 1.0450505729160833
785 1.0450505729160833
786 1.0450505729160833
787 1.0450505729160833
788 1.58777861000535
789 1.58777861000535
790 1.58777861000535
791 1.58777861000535
792 1.58777861000535
793 1.1384283671163393
794 1.1384283671163393
795 1.1384283671163393
796 1.1384283671163393
797 1.1384283671163393
798 0.9952215862856026
799 0.9952215862856026
800 0.9952215862856026
801 0.9952215862856026
802 0.9952215862856026
803 1.1090925197164891
804 1.1090925197164891
805 1.1090925197164891
806 1.1090925197164891
807 1.1090925197164891
808 0.911131321936008
809 0.911131321936008
810 0.911131321936008
811 0.911131321936008
812 0.911131321936008
813 0.9712821449225015
814 0.9712821449225015
815 0.9712821449225015
816 0.9712821449225015
817 0.9712821449225015
818 1.3815266147656868
819 1.3815266147656868
820 1.3815266147656868
821 1.3815266147656868
822 1.3815266147656868
823 1.0279853942551707
824 1.0279853942551707
825 1.0279853942551707
826 1.0279853942551707
827 1.0279853942551707
828 1.3047525705852987
829 1.3047525705852987
830 1.3047525705852987
831 1.3047525705852987
832 1.3047525705852987
833 0.9823882504819876
834 0.9823882504819876
835 0.9823882504819876
836 0.9823882504819876
837 0.9823882504819876
838 0.8667983581982561
839 0.8667983581982561
840 0.8667983581982561
841 0.8667983581982561
842 0.8667983581982561
843 1.3431888273541652
844 1.3431888273541652
845 1.3431888273541652
846 1.3431888273541652
847 1.3431888273541652
848 1.4639526587577698
849 1.4639526587577698
850 1.4639526587577698
851 1.4639526587577698
852 1.4639526587577698
853 1.126883028730975
854 1.126883028730975
855 1.126883028730975
856 1.126883028730975
857 1.126883028730975
858 0.8710728999388619
859 0.8710728999388619
860 0.8710728999388619
861 0.8710728999388619
862 0.8710728999388619
863 0.9973068791699369
864 0.9973068791699369
865 0.9973068791699369
866 0.9973068791699369
867 0.9973068791699369
868 0.8965621954271868
869 0.8965621954271868
870 0.8965621954271868
871 0.8965621954271868
872 0.8965621954271868
873 1.310316679991204
874 1.310316679991204
875 1.310316679991204
876 1.310316679991204
877 1.310316679991204
878 1.3952822306241912
879 1.3952822306241912
880 1.3952822306241912
881 1.3952822306241912
882 1.3952822306241912
883 1.4456546166086288
884 1.4456546166086288
885 1.4456546166086288
886 1.4456546166086288
887 1.4456546166086288
888 1.1178584987003728
889 1.1178584987003728
890 1.1178584987003728
891 1.1178584987003728
892 1.9737580492238438
893 1.9737580492238438
894 1.9737580492238438
895 1.9737580492238438
896 1.9737580492238438
897 2.267244488116419
898 2.267244488116419
899 2.267244488116419
900 2.267244488116419
901 2.267244488116419
902 3.0455955927649803
903 3.0455955927649803
904 3.0455955927649803
905 3.0455955927649803
906 3.0455955927649803
907 2.8230098176823355
908 2.8230098176823355
909 2.8230098176823355
910 2.8230098176823355
911 2.8230098176823355
912 2.7728389514797867
913 2.7728389514797867
914 2.7728389514797867
915 2.7728389514797867
916 2.7728389514797867
917 3.381961313241793
918 3.381961313241793
919 3.381961313241793
920 3.381961313241793
921 3.381961313241793
922 3.101819975715202
923 3.101819975715202
924 3.101819975715202
925 3.101819975715202
926 3.101819975715202
927 2.2931084806889075
928 2.2931084806889075
929 2.2931084806889075
930 2.2931084806889075
931 2.2931084806889075
932 2.45472979765547
933 2.45472979765547
934 2.45472979765547
935 2.45472979765547
936 2.45472979765547
937 2.678867617577688
938 2.678867617577688
939 2.678867617577688
940 2.678867617577688
941 2.678867617577688
942 3.26707034621524
943 3.26707034621524
944 3.26707034621524
945 3.26707034621524
946 3.26707034621524
947 2.843779570947746
948 2.843779570947746
949 2.843779570947746
950 2.843779570947746
951 2.843779570947746
952 2.8402150759411895
953 2.8402150759411895
954 2.8402150759411895
955 2.8402150759411895
956 2.8402150759411895
957 2.5657332733480636
958 2.5657332733480636
959 2.5657332733480636
960 2.5657332733480636
961 2.5657332733480636
962 3.4821166710090825
963 3.4821166710090825
964 3.4821166710090825
965 3.4821166710090825
966 3.4821166710090825
967 2.8090093408397334
968 2.8090093408397334
969 2.8090093408397334
970 2.8090093408397334
971 2.8090093408397334
972 3.015928173525683
973 3.015928173525683
974 3.015928173525683
975 3.015928173525683
976 3.015928173525683
977 2.874953878613641
978 2.874953878613641
979 2.874953878613641
980 2.874953878613641
981 2.874953878613641
982 2.937840820858414
983 2.937840820858414
984 2.937840820858414
985 2.937840820858414
986 2.937840820858414
987 3.911465611762818
988 3.911465611762818
989 3.911465611762818
990 3.911465611762818
991 3.911465611762818
992 2.5437106388841633
993 2.5437106388841633
994 2.5437106388841633
995 2.5437106388841633
996 2.5437106388841633
997 3.169315278002716
998 3.169315278002716
999 3.169315278002716
1000 3.169315278002716
1001 3.169315278002716
1002 3.1801239261035343
1003 3.1801239261035343
1004 3.1801239261035343
1005 3.1801239261035343
1006 3.1801239261035343
1007 1.8097427546225588
1008 1.8097427546225588
1009 1.8097427546225588
1010 1.8097427546225588
1011 1.8097427546225588
1012 2.062833207841387
1013 2.062833207841387
1014 2.062833207841387
1015 2.062833207841387
1016 2.062833207841387
1017 2.786789584441892
1018 2.786789584441892
1019 2.786789584441892
1020 2.786789584441892
1021 2.786789584441892
1022 2.7133173077480532
1023 2.7133173077480532
1024 2.7133173077480532
1025 2.7133173077480532
1026 2.7133173077480532
1027 3.48733753826262
1028 3.48733753826262
1029 3.48733753826262
1030 3.48733753826262
1031 3.48733753826262
1032 3.047599194559424
1033 3.047599194559424
1034 3.047599194559424
1035 3.047599194559424
1036 3.047599194559424
1037 2.3132876086556213
1038 2.3132876086556213
1039 2.3132876086556213
1040 2.3132876086556213
1041 2.3132876086556213
1042 2.188710638330816
1043 2.188710638330816
1044 2.188710638330816
1045 2.188710638330816
1046 2.188710638330816
1047 3.7960693998116577
1048 3.7960693998116577
1049 3.7960693998116577
1050 3.7960693998116577
1051 3.7960693998116577
1052 1.3385164152403382
1053 1.3385164152403382
1054 1.3385164152403382
1055 1.3385164152403382
1056 1.3385164152403382
1057 2.549603655626904
1058 2.549603655626904
1059 2.549603655626904
1060 2.549603655626904
1061 2.549603655626904
1062 3.021274456043542
1063 3.021274456043542
1064 3.021274456043542
1065 3.021274456043542
1066 3.021274456043542
1067 3.210715190427331
1068 1.4143628618201518
1069 1.4143628618201518
1070 1.4143628618201518
1071 1.4143628618201518
1072 1.4143628618201518
1073 1.8276763623490122
1074 1.8276763623490122
1075 1.8276763623490122
1076 1.8276763623490122
1077 1.8276763623490122
1078 2.2890116830578697
1079 2.2890116830578697
1080 2.2890116830578697
1081 2.2890116830578697
1082 2.2890116830578697
1083 1.409098286589719
1084 1.409098286589719
1085 1.409098286589719
1086 1.409098286589719
1087 1.409098286589719
1088 1.836415635906456
1089 1.836415635906456
1090 1.836415635906456
1091 1.836415635906456
1092 1.836415635906456
1093 1.8424155656465842
1094 1.8424155656465842
1095 1.8424155656465842
1096 1.8424155656465842
1097 1.8424155656465842
1098 1.7825152597510732
1099 1.7825152597510732
1100 1.7825152597510732
1101 1.7825152597510732
1102 1.7825152597510732
1103 1.5858501596525463
1104 1.5858501596525463
1105 1.5858501596525463
1106 1.5858501596525463
1107 1.5858501596525463
1108 2.0403765732936
1109 2.0403765732936
1110 2.0403765732936
1111 2.0403765732936
1112 2.0403765732936
1113 1.9299077775615023
1114 1.9299077775615023
1115 1.9299077775615023
1116 1.9299077775615023
1117 1.9299077775615023
1118 2.1300066833319726
1119 2.1300066833319726
1120 2.1300066833319726
1121 2.1300066833319726
1122 2.1300066833319726
1123 1.5283618197897333
1124 1.5283618197897333
1125 1.5283618197897333
1126 1.5283618197897333
1127 1.5283618197897333
1128 1.9780899986902531
1129 1.9780899986902531
1130 1.9780899986902531
1131 1.9780899986902531
1132 1.9780899986902531
1133 2.2540988025618747
1134 2.2540988025618747
1135 2.2540988025618747
1136 2.2540988025618747
1137 2.2540988025618747
1138 2.1645549446216092
1139 2.1645549446216092
1140 2.1645549446216092
1141 2.1645549446216092
1142 2.1645549446216092
1143 1.5573824379936476
1144 1.5573824379936476
1145 1.5573824379936476
1146 1.5573824379936476
1147 1.5573824379936476
1148 1.9646141717135306
1149 1.9646141717135306
1150 1.9646141717135306
1151 1.9646141717135306
1152 1.9646141717135306
1153 1.4812965475258069
1154 1.4812965475258069
1155 1.4812965475258069
1156 1.4812965475258069
1157 1.4812965475258069
1158 2.2965702230738994
1159 2.2965702230738994
1160 2.2965702230738994
1161 2.2965702230738994
1162 2.2965702230738994
1163 1.786281634299245
1164 1.786281634299245
1165 1.786281634299245
1166 1.786281634299245
1167 1.786281634299245
1168 1.05691038318793
1169 1.05691038318793
1170 1.05691038318793
1171 1.05691038318793
1172 1.05691038318793
1173 1.8071139971891539
1174 1.8071139971891539
1175 1.8071139971891539
1176 1.8071139971891539
1177 1.8071139971891539
1178 2.2129772681181894
1179 2.2129772681181894
1180 0.523714981175901
1181 0.523714981175901
1182 0.523714981175901
1183 0.523714981175901
1184 0.523714981175901
1185 0.4996236350838679
1186 0.4996236350838679
1187 0.4996236350838679
1188 0.4996236350838679
1189 0.4996236350838679
1190 0.45277827207454396
1191 0.45277827207454396
1192 0.45277827207454396
1193 0.45277827207454396
1194 0.45277827207454396
1195 0.7752702182096324
1196 0.7752702182096324
1197 0.7752702182096324
1198 0.7752702182096324
1199 0.7752702182096324
1200 0.7841607785555448
1201 0.7841607785555448
1202 0.7841607785555448
1203 0.7841607785555448
1204 0.7841607785555448
1205 0.5229105901047233
1206 0.5229105901047233
1207 0.5229105901047233
1208 0.5229105901047233
1209 0.5229105901047233
1210 0.584371269332251
1211 0.584371269332251
1212 0.584371269332251
1213 0.584371269332251
1214 0.584371269332251
1215 0.7079595173198266
1216 0.7079595173198266
1217 0.7079595173198266
1218 0.7079595173198266
1219 0.7079595173198266
1220 1.304368736317819
1221 1.304368736317819
1222 1.304368736317819
1223 1.304368736317819
1224 1.304368736317819
1225 1.2505898727223101
1226 1.2505898727223101
1227 1.2505898727223101
1228 1.2505898727223101
1229 1.2505898727223101
1230 0.8634098025432222
1231 0.8634098025432222
1232 0.8634098025432222
1233 0.8634098025432222
1234 0.8634098025432222
1235 1.1314292267845563
1236 1.1314292267845563
1237 1.1314292267845563
1238 1.1314292267845563
1239 1.1314292267845563
1240 1.2170784817383424
1241 1.2170784817383424
1242 1.2170784817383424
1243 1.2170784817383424
1244 1.2170784817383424
1245 0.8077374457471159
1246 0.8077374457471159
1247 0.8077374457471159
1248 0.8077374457471159
1249 0.8077374457471159
1250 1.116141670649149
1251 1.116141670649149
1252 1.116141670649149
1253 1.116141670649149
1254 1.116141670649149
1255 1.0583562235643378
1256 1.0583562235643378
1257 1.0583562235643378
1258 3.055542638785032
1259 3.055542638785032
1260 3.055542638785032
1261 3.055542638785032
1262 3.055542638785032
1263 2.707184731581714
1264 2.707184731581714
1265 2.707184731581714
1266 2.707184731581714
1267 2.707184731581714
1268 3.326468741037235
1269 3.326468741037235
1270 3.326468741037235
1271 3.326468741037235
1272 3.326468741037235
1273 2.62136222412522
1274 2.62136222412522
1275 2.62136222412522
1276 2.62136222412522
1277 2.62136222412522
1278 3.303063681318014
1279 3.303063681318014
1280 3.303063681318014
1281 3.303063681318014
1282 3.303063681318014
1283 3.1010856916742573
1284 3.1010856916742573
1285 3.1010856916742573
1286 3.1010856916742573
1287 3.1010856916742573
1288 2.8361402153241206
1289 2.8361402153241206
1290 2.8361402153241206
1291 2.8361402153241206
1292 2.8361402153241206
1293 3.2876776978930113
1294 3.2876776978930113
1295 3.2876776978930113
1296 3.2876776978930113
1297 3.2876776978930113
1298 2.6349891025347283
1299 2.6349891025347283
1300 2.6349891025347283
1301 2.6349891025347283
1302 2.6349891025347283
1303 2.1884128682477297
1304 2.1884128682477297
1305 2.1884128682477297
1306 2.1884128682477297
1307 2.1884128682477297
1308 2.544812538384155
1309 2.544812538384155
1310 2.544812538384155
1311 2.544812538384155
1312 2.544812538384155
1313 4.00814579744271
1314 4.00814579744271
1315 4.00814579744271
1316 4.00814579744271
1317 4.00814579744271
1318 2.3086896919142266
1319 2.3086896919142266
1320 2.3086896919142266
1321 2.3086896919142266
1322 2.3086896919142266
1323 2.851152421376597
1324 2.851152421376597
1325 2.851152421376597
1326 2.851152421376597
1327 2.851152421376597
1328 1.9552081894984807
1329 1.9552081894984807
1330 1.9552081894984807
1331 1.9552081894984807
1332 1.9552081894984807
1333 2.684934619704124
1334 2.684934619704124
1335 2.684934619704124
1336 2.684934619704124
1337 2.684934619704124
1338 2.026170933452493
1339 0.7966964214795549
1340 0.7966964214795549
1341 0.7966964214795549
1342 0.7966964214795549
1343 0.7966964214795549
1344 0.6764701281483787
1345 0.6764701281483787
1346 0.6764701281483787
1347 0.6764701281483787
1348 0.6764701281483787
1349 0.6367548384136534
1350 0.6367548384136534
1351 0.6367548384136534
1352 0.6367548384136534
1353 0.6367548384136534
1354 0.8555993114082319
1355 0.8937331568607029
1356 0.8937331568607029
1357 0.8937331568607029
1358 0.8937331568607029
1359 0.8937331568607029
1360 0.9697392125016037
1361 0.9697392125016037
1362 0.9697392125016037
1363 0.9697392125016037
1364 0.9697392125016037
1365 0.5431619478617029
1366 0.5431619478617029
1367 0.5431619478617029
1368 0.5431619478617029
1369 0.5431619478617029
1370 1.1744414181275011
1371 1.1744414181275011
1372 1.1744414181275011
1373 1.1744414181275011
1374 1.1744414181275011
1375 1.091593261040405
1376 1.091593261040405
1377 3.752555195925697
1378 3.752555195925697
1379 3.752555195925697
1380 3.752555195925697
1381 3.752555195925697
1382 2.4822863822149093
1383 2.4822863822149093
1384 2.4822863822149093
1385 2.4822863822149093
1386 2.4822863822149093
1387 3.1331262007686096
1388 3.1331262007686096
1389 3.1331262007686096
1390 3.1331262007686096
1391 3.1331262007686096
1392 3.3892579423129625
1393 3.3892579423129625
1394 3.3892579423129625
1395 3.3892579423129625
1396 3.3892579423129625
1397 3.6207997122183766
1398 3.6207997122183766
1399 3.6207997122183766
1400 3.6207997122183766
1401 3.6207997122183766
1402 2.2370607814688785
1403 2.2370607814688785
1404 2.2370607814688785
1405 2.2370607814688785
1406 2.2370607814688785
1407 3.584164381598082
1408 3.584164381598082
1409 3.584164381598082
1410 3.584164381598082
1411 3.584164381598082
1412 2.980227107381539
1413 2.980227107381539
1414 2.980227107381539
1415 2.980227107381539
1416 2.980227107381539
1417 3.5586202422969757
1418 3.5586202422969757
1419 3.5586202422969757
1420 3.5586202422969757
1421 3.5586202422969757
1422 4.132106278440323
1423 4.132106278440323
1424 4.132106278440323
1425 4.132106278440323
1426 4.132106278440323
1427 2.5477318891592073
1428 2.5477318891592073
1429 2.5477318891592073
1430 2.5477318891592073
1431 2.5477318891592073
1432 3.4060414093648355
1433 3.4060414093648355
1434 3.4060414093648355
1435 3.4060414093648355
1436 3.4060414093648355
1437 3.3085016557979823
1438 3.3085016557979823
1439 3.3085016557979823
1440 3.3085016557979823
1441 3.3085016557979823
1442 2.53487791922308
1443 2.53487791922308
1444 2.53487791922308
1445 2.53487791922308
1446 2.53487791922308
1447 3.331748091634516
1448 3.331748091634516
1449 3.331748091634516
1450 3.331748091634516
1451 3.331748091634516
1452 4.0169024928853645
1453 4.0169024928853645
1454 4.0169024928853645
1455 4.0169024928853645
1456 4.0169024928853645
1457 2.7346265032230357
1458 2.7346265032230357
1459 0.5784247762816261
1460 0.5784247762816261
1461 0.5784247762816261
1462 0.5784247762816261
1463 0.5784247762816261
1464 1.4014800187516514
1465 1.4014800187516514
1466 1.4014800187516514
1467 1.4014800187516514
1468 1.4014800187516514
1469 1.897396254109277
1470 1.897396254109277
1471 1.897396254109277
1472 1.897396254109277
1473 1.897396254109277
1474 1.616162703354605
1475 1.616162703354605
1476 1.616162703354605
1477 1.616162703354605
1478 1.616162703354605
1479 1.6035153155448936
1480 1.6035153155448936
1481 1.6035153155448936
1482 1.6035153155448936
1483 1.6035153155448936
1484 1.6126636249390223
1485 1.6126636249390223
1486 1.6126636249390223
1487 1.6126636249390223
1488 1.6126636249390223
1489 1.3701238008050174
1490 1.3701238008050174
1491 1.3701238008050174
1492 1.3701238008050174
1493 1.3701238008050174
1494 1.7109970360051556
1495 1.7109970360051556
1496 1.7109970360051556
1497 1.7109970360051556
1498 1.7109970360051556
1499 1.3381809219012017
1500 1.3381809219012017
1501 1.3381809219012017
1502 1.3381809219012017
1503 1.3381809219012017
1504 1.5478219732125404
1505 1.5478219732125404
1506 1.5478219732125404
1507 1.5478219732125404
1508 1.5478219732125404
1509 1.4633507437719917
1510 1.4633507437719917
1511 1.4633507437719917
1512 1.4633507437719917
1513 1.4633507437719917
1514 1.528840793518735
1515 1.528840793518735
1516 1.528840793518735
1517 1.528840793518735
1518 1.528840793518735
1519 1.284688864820856
1520 1.284688864820856
1521 1.284688864820856
1522 1.284688864820856
1523 1.284688864820856
1524 1.4755115635755651
1525 1.4755115635755651
1526 1.4755115635755651
1527 1.4755115635755651
1528 1.4755115635755651
1529 1.3531395064983067
1530 1.3531395064983067
1531 1.3531395064983067
1532 1.3531395064983067
1533 1.3531395064983067
1534 1.629499570542316
1535 1.629499570542316
1536 1.629499570542316
1537 1.629499570542316
1538 1.629499570542316
1539 1.6584896830604685
1540 1.6584896830604685
1541 1.6584896830604685
1542 1.6584896830604685
1543 1.6584896830604685
1544 1.832625480398295
1545 1.832625480398295
1546 1.832625480398295
1547 1.832625480398295
1548 1.832625480398295
1549 1.5482472006543693
1550 1.5482472006543693
1551 1.5482472006543693
1552 1.5482472006543693
1553 1.5482472006543693
1554 1.0944672615159836
1555 1.0944672615159836
1556 1.0944672615159836
1557 1.0944672615159836
1558 1.0944672615159836
1559 1.5287458775503333
1560 1.5287458775503333
1561 1.5287458775503333
1562 1.5287458775503333
1563 1.5287458775503333
1564 1.3642317715991787
1565 1.3642317715991787
1566 1.3642317715991787
1567 1.3642317715991787
1568 1.3642317715991787
1569 1.5778852325367105
1570 1.5778852325367105
1571 1.5778852325367105
1572 1.5778852325367105
1573 1.5778852325367105
1574 1.3768781003891433
1575 1.3768781003891433
1576 1.3768781003891433
1577 1.3768781003891433
1578 1.3768781003891433
1579 1.6888099500695195
1580 1.6888099500695195
1581 1.6888099500695195
1582 1.6888099500695195
1583 1.6888099500695195
1584 1.2834908739307773
1585 1.2834908739307773
1586 1.2834908739307773
1587 1.2834908739307773
1588 1.2834908739307773
1589 1.3331828453672474
1590 1.3331828453672474
1591 1.3331828453672474
1592 1.3331828453672474
1593 1.3331828453672474
1594 1.5389630143482487
1595 1.5389630143482487
1596 1.5389630143482487
1597 1.5389630143482487
1598 1.5389630143482487
1599 1.4603839548166337
1600 1.4603839548166337
1601 1.4603839548166337
1602 1.4603839548166337
1603 1.4603839548166337
1604 1.9390729109599911
1605 1.9390729109599911
1606 1.9390729109599911
1607 1.9390729109599911
1608 1.9390729109599911
1609 1.482720658592865
1610 1.482720658592865
1611 1.482720658592865
1612 1.482720658592865
1613 1.482720658592865
1614 1.7599606278247117
1615 1.7599606278247117
1616 1.7599606278247117
1617 1.7599606278247117
1618 1.7599606278247117
1619 1.8348769568693668
1620 1.8348769568693668
1621 1.8348769568693668
1622 1.8348769568693668
1623 1.8348769568693668
1624 0.8181452755562619
1625 0.8181452755562619
1626 0.8181452755562619
1627 0.8181452755562619
1628 0.8181452755562619
1629 1.6268959815811677
1630 1.6268959815811677
1631 1.6268959815811677
1632 1.6268959815811677
1633 1.6268959815811677
1634 1.7270306790685097
1635 1.7270306790685097
1636 1.7270306790685097
1637 1.7270306790685097
1638 1.7270306790685097
1639 2.0080215573440765
1640 2.0080215573440765
1641 2.0080215573440765
1642 2.0080215573440765
1643 2.0080215573440765
1644 1.3113180958193589
1645 1.3113180958193589
1646 1.3113180958193589
1647 1.3113180958193589
1648 1.3113180958193589
1649 2.2960862582217
1650 2.2960862582217
1651 2.2960862582217
1652 2.2960862582217
1653 2.2960862582217
1654 1.4557798351889946
1655 1.4557798351889946
1656 1.4557798351889946
1657 1.4557798351889946
1658 1.4557798351889946
1659 1.6240074811906073
1660 1.6240074811906073
1661 1.6240074811906073
1662 1.6240074811906073
1663 1.6240074811906073
1664 1.5159738161801084
1665 1.5159738161801084
1666 1.5159738161801084
1667 1.5159738161801084
1668 1.5159738161801084
1669 1.389591483670385
1670 1.389591483670385
1671 1.389591483670385
1672 1.389591483670385
1673 1.389591483670385
1674 1.7975111288545305
1675 1.7975111288545305
1676 1.7975111288545305
1677 1.7975111288545305
1678 1.7975111288545305
1679 1.7127516818300865
1680 1.7127516818300865
1681 1.7127516818300865
1682 1.7127516818300865
1683 1.7127516818300865
1684 1.5361618653411815
1685 1.5361618653411815
1686 1.5361618653411815
1687 1.5361618653411815
1688 1.5361618653411815
1689 1.1104316131753509
1690 1.1104316131753509
1691 1.1104316131753509
1692 1.1104316131753509
1693 1.1104316131753509
1694 1.584229617455071
1695 1.584229617455071
1696 1.584229617455071
1697 1.584229617455071
1698 1.584229617455071
1699 1.4350265414231462
1700 1.4350265414231462
1701 1.4350265414231462
1702 1.4350265414231462
1703 1.4350265414231462
1704 1.9401045948003894
1705 1.9401045948003894
1706 1.9401045948003894
1707 1.9401045948003894
1708 1.9401045948003894
1709 1.437634412238805
1710 1.437634412238805
1711 1.437634412238805
1712 1.437634412238805
1713 1.437634412238805
1714 1.7501204421520822
1715 1.7501204421520822
1716 1.7501204421520822
1717 1.7501204421520822
1718 1.7501204421520822
1719 3.1282575366442558
1720 3.1282575366442558
1721 3.1282575366442558
1722 3.1282575366442558
1723 3.1282575366442558
1724 3.9577447762044984
1725 3.9577447762044984
1726 3.9577447762044984
1727 3.9577447762044984
1728 3.9577447762044984
1729 5.357090437729625
1730 5.357090437729625
1731 5.357090437729625
1732 5.357090437729625
1733 5.357090437729625
1734 3.690844426623737
1735 2.430651480670105
1736 2.430651480670105
1737 2.430651480670105
1738 2.430651480670105
1739 2.430651480670105
1740 2.1741551400674854
1741 2.1741551400674854
1742 2.1741551400674854
1743 2.1741551400674854
1744 2.1741551400674854
1745 2.8476835850675704
1746 2.8476835850675704
1747 2.8476835850675704
1748 2.8476835850675704
1749 2.8476835850675704
1750 2.8381205773960887
1751 2.8381205773960887
1752 2.8381205773960887
1753 2.8381205773960887
1754 2.8381205773960887
1755 3.571134511660267
1756 3.571134511660267
1757 3.571134511660267
1758 3.571134511660267
1759 3.571134511660267
1760 3.225270504473339
1761 3.225270504473339
1762 3.225270504473339
1763 3.225270504473339
1764 3.225270504473339
1765 2.9186607939277485
1766 2.9186607939277485
1767 0.9178198595799648
1768 0.9178198595799648
1769 0.9178198595799648
1770 0.9178198595799648
1771 0.9178198595799648
1772 1.4116475001649587
1773 1.4116475001649587
1774 1.4116475001649587
1775 1.4116475001649587
1776 1.4116475001649587
1777 0.9718984273805878
1778 0.9718984273805878
1779 0.9718984273805878
1780 0.9718984273805878
1781 0.9718984273805878
1782 1.0353023312285898
1783 1.0353023312285898
1784 1.0353023312285898
1785 1.0353023312285898
1786 1.0353023312285898
1787 1.0078077996606551
1788 1.0078077996606551
1789 1.0078077996606551
1790 1.0078077996606551
1791 1.0078077996606551
1792 1.2041228223522793
1793 1.2041228223522793
1794 1.2041228223522793
1795 1.2041228223522793
1796 1.2041228223522793
1797 1.0107924369145567
1798 1.0107924369145567
1799 1.0107924369145567
1800 1.0107924369145567
1801 1.0107924369145567
1802 1.2245794051570198
1803 1.2245794051570198
1804 1.2245794051570198
1805 1.2245794051570198
1806 1.2245794051570198
1807 1.2008859452695833
1808 1.2008859452695833
1809 1.2008859452695833
1810 1.2008859452695833
1811 1.2008859452695833
1812 1.1988389246183702
1813 1.1988389246183702
1814 1.1988389246183702
1815 1.1988389246183702
1816 1.1988389246183702
1817 1.221248818411735
1818 1.221248818411735
1819 1.221248818411735
1820 1.221248818411735
1821 1.221248818411735
1822 1.2446231161788537
1823 1.2446231161788537
1824 1.2446231161788537
1825 1.2446231161788537
1826 1.2446231161788537
1827 0.8821997618043735
1828 0.8821997618043735
1829 0.8821997618043735
1830 0.8821997618043735
1831 0.8821997618043735
1832 1.1794625524374809
1833 1.1794625524374809
1834 1.1794625524374809
1835 1.1794625524374809
1836 1.1794625524374809
1837 0.9004593498982122
1838 0.9004593498982122
1839 0.9004593498982122
1840 0.9004593498982122
1841 0.9004593498982122
1842 0.9440456573663636
1843 0.9440456573663636
1844 0.9440456573663636
1845 0.9440456573663636
1846 0.9440456573663636
1847 0.8430753914845389
1848 0.8430753914845389
1849 0.8430753914845389
1850 0.8430753914845389
1851 0.8430753914845389
1852 1.0548463702877822
1853 1.0548463702877822
1854 1.0548463702877822
1855 1.0548463702877822
1856 1.0548463702877822
1857 1.3000442600526179
1858 1.3000442600526179
1859 1.3000442600526179
1860 1.3000442600526179
1861 1.3000442600526179
1862 1.518002180001218
1863 1.518002180001218
1864 1.518002180001218
1865 1.518002180001218
1866 1.518002180001218
1867 1.0297416279793035
1868 1.0297416279793035
1869 1.0297416279793035
1870 1.0297416279793035
1871 1.0297416279793035
1872 0.7646760630886358
1873 0.7646760630886358
1874 0.7646760630886358
1875 0.7646760630886358
1876 0.7646760630886358
1877 1.2232161019159826
1878 1.2232161019159826
1879 1.2232161019159826
1880 1.2232161019159826
1881 1.2232161019159826
1882 0.8072117157015737
1883 0.8072117157015737
1884 0.8072117157015737
1885 0.8072117157015737
1886 0.8072117157015737
1887 1.1798759109194765
1888 1.1798759109194765
1889 1.1798759109194765
1890 1.1798759109194765
1891 1.1798759109194765
1892 1.4781131134657115
1893 1.4781131134657115
1894 1.4781131134657115
1895 1.4781131134657115
1896 1.4781131134657115
1897 0.9822104898984044
1898 0.9822104898984044
1899 0.9822104898984044
1900 0.9822104898984044
1901 0.9822104898984044
1902 1.036000510258846
1903 1.036000510258846
1904 1.036000510258846
1905 1.036000510258846
1906 1.036000510258846
1907 1.4109890153060702
1908 1.4109890153060702
1909 1.4109890153060702
1910 1.4109890153060702
1911 1.4109890153060702
1912 1.230470587248723
1913 1.230470587248723
1914 1.230470587248723
1915 1.230470587248723
1916 1.230470587248723
1917 0.8406332358644608
1918 0.8406332358644608
1919 0.8406332358644608
1920 0.8406332358644608
1921 0.8406332358644608
1922 1.0973357557311725
1923 1.0973357557311725
1924 1.0973357557311725
1925 1.0973357557311725
1926 1.0973357557311725
1927 1.1734678690226765
1928 1.1734678690226765
1929 1.1734678690226765
1930 1.1734678690226765
1931 1.1734678690226765
1932 1.257783354799405
1933 1.257783354799405
1934 1.257783354799405
1935 1.257783354799405
1936 1.257783354799405
1937 1.2417814685514454
1938 1.2417814685514454
1939 1.2417814685514454
1940 1.2417814685514454
1941 1.2417814685514454
1942 0.7387477332784789
1943 0.7387477332784789
1944 0.7387477332784789
1945 0.7387477332784789
1946 0.7387477332784789
1947 1.0699994712163872
1948 1.0699994712163872
1949 1.0699994712163872
1950 1.0699994712163872
1951 1.0699994712163872
1952 1.153434912477548
1953 1.153434912477548
1954 1.153434912477548
1955 1.153434912477548
1956 1.153434912477548
1957 1.4060140157254915
1958 1.4060140157254915
1959 1.4060140157254915
1960 1.4060140157254915
1961 1.4060140157254915
1962 0.9389137385839632
1963 0.9389137385839632
1964 0.9389137385839632
1965 0.9389137385839632
1966 0.9389137385839632
1967 1.01397507036903
1968 1.01397507036903
1969 1.01397507036903
1970 1.01397507036903
1971 1.01397507036903
1972 1.2725729133938941
1973 1.2725729133938941
1974 1.2725729133938941
1975 1.2725729133938941
1976 1.2725729133938941
1977 0.9694795891271124
1978 0.9694795891271124
1979 0.9694795891271124
1980 0.9694795891271124
1981 0.9694795891271124
1982 1.2244338929377436
1983 1.2244338929377436
1984 1.2244338929377436
1985 1.2244338929377436
1986 1.2244338929377436
1987 1.3385023432614898
1988 1.3385023432614898
1989 1.3385023432614898
1990 1.3385023432614898
1991 1.3385023432614898
1992 1.1213820761342534
1993 1.1213820761342534
1994 1.1213820761342534
1995 1.1213820761342534
1996 1.1213820761342534
1997 1.1511525059586658
1998 1.1511525059586658
1999 1.1511525059586658
