0 4.930599928630212
1 4.930599928630212
2 2.9492196184020005
3 2.9492196184020005
4 2.9492196184020005
5 2.9492196184020005
6 2.9492196184020005
7 2.017150209632705
8 2.017150209632705
9 2.017150209632705
10 2.017150209632705
11 2.017150209632705
12 2.274319502493302
13 2.274319502493302
14 2.274319502493302
15 2.274319502493302
16 2.274319502493302
17 1.5378833199526132
18 1.5378833199526132
19 1.5378833199526132
20 1.5378833199526132
21 1.5378833199526132
22 2.705363685198913
23 2.705363685198913
24 2.705363685198913
25 2.705363685198913
26 2.705363685198913
27 2.3265362847402193
28 2.3265362847402193
29 2.3265362847402193
30 2.3265362847402193
31 2.3265362847402193
32 1.7756906814333069
33 1.7756906814333069
34 1.7756906814333069
35 1.7756906814333069
36 1.7756906814333069
37 2.275086333964365
38 2.275086333964365
39 2.275086333964365
40 2.275086333964365
41 2.275086333964365
42 2.719293388546641
43 2.719293388546641
44 2.719293388546641
45 2.719293388546641
46 2.719293388546641
47 2.305273276598639
48 0.1
49 0.1
50 0.1
51 0.1
52 0.1
53 0.2472667570083051
54 0.2472667570083051
55 0.2472667570083051
56 0.2472667570083051
57 0.2472667570083051
58 0.17523670133659827
59 0.17523670133659827
60 0.17523670133659827
61 0.17523670133659827
62 0.17523670133659827
63 0.24561219391178363
64 0.24561219391178363
65 0.24561219391178363
66 0.24561219391178363
67 0.24561219391178363
68 0.18594129229687179
69 0.18594129229687179
70 0.18594129229687179
71 0.18594129229687179
72 0.18594129229687179
73 0.19364761990912951
74 0.19364761990912951
75 0.19364761990912951
76 0.19364761990912951
77 0.19364761990912951
78 0.21058644464626117
79 0.21058644464626117
80 0.49180375668448467
81 0.49180375668448467
82 0.49180375668448467
83 0.49180375668448467
84 0.49180375668448467
85 0.5241832475599147
86 0.5241832475599147
87 0.5241832475599147
88 0.5241832475599147
89 0.5241832475599147
90 0.6001316817501412
91 0.6001316817501412
92 0.6001316817501412
93 0.6001316817501412
94 0.6001316817501412
95 0.4682875982966155
96 0.4682875982966155
97 0.4682875982966155
98 2.2538863921216983
99 2.2538863921216983
100 2.2538863921216983
101 2.2538863921216983
102 2.2538863921216983
103 3.2844033486929787
104 3.2844033486929787
105 3.2844033486929787
106 3.2844033486929787
107 3.2844033486929787
108 2.331755792404678
109 2.331755792404678
110 2.331755792404678
111 2.331755792404678
112 2.331755792404678
113 1.792096813074433
114 1.792096813074433
115 1.792096813074433
116 1.792096813074433
117 1.792096813074433
118 3.529567573023976
119 3.529567573023976
120 3.529567573023976
121 3.529567573023976
122 0.9210167656774643
123 0.9210167656774643
124 0.9210167656774643
125 0.9210167656774643
126 0.9210167656774643
127 1.7669599427248528
128 1.7669599427248528
129 1.7669599427248528
130 1.7669599427248528
131 1.7669599427248528
132 1.2534232890691037
133 1.2534232890691037
134 1.2534232890691037
135 1.2534232890691037
136 1.2534232890691037
137 1.0700962422670424
138 1.0700962422670424
139 1.0700962422670424
140 1.0700962422670424
141 1.0700962422670424
142 0.8276732836481678
143 0.8276732836481678
144 0.8276732836481678
145 0.8276732836481678
146 0.8276732836481678
147 1.7712580202033408
148 1.7712580202033408
149 1.7712580202033408
150 1.7712580202033408
151 1.7712580202033408
152 0.8455959082090592
153 0.8455959082090592
154 0.8455959082090592
155 0.8455959082090592
156 0.8455959082090592
157 1.6619468573320384
158 1.6619468573320384
159 1.6619468573320384
160 1.6619468573320384
161 1.6619468573320384
162 1.240799015316762
163 1.240799015316762
164 1.240799015316762
165 1.240799015316762
166 1.240799015316762
167 1.197264264732207
168 1.197264264732207
169 1.197264264732207
170 1.197264264732207
171 1.197264264732207
172 1.758058408416943
173 1.758058408416943
174 1.758058408416943
175 0.1
176 0.1
177 0.1
178 0.1
179 0.1
180 0.2512943721339435
181 0.2512943721339435
182 0.2512943721339435
183 0.2512943721339435
184 0.2512943721339435
185 0.1790414696091034
186 0.1790414696091034
187 0.1790414696091034
188 0.1790414696091034
189 0.1790414696091034
190 0.19309109287160253
191 0.19309109287160253
192 0.19309109287160253
193 0.19309109287160253
194 0.19309109287160253
195 0.14145262168719602
196 0.14145262168719602
197 0.14145262168719602
198 0.14145262168719602
199 0.14145262168719602
200 0.2776177327557803
201 0.2776177327557803
202 0.2776177327557803
203 0.2776177327557803
204 0.2776177327557803
205 0.1685466076132761
206 0.1685466076132761
207 0.1685466076132761
208 0.1685466076132761
209 0.1685466076132761
210 0.2623754562747483
211 0.2623754562747483
212 0.2623754562747483
213 0.2623754562747483
214 0.2623754562747483
215 0.24455934498754223
216 0.24455934498754223
217 0.24455934498754223
218 0.24455934498754223
219 0.24455934498754223
220 0.1999251192499275
221 0.1999251192499275
222 0.1999251192499275
223 0.1999251192499275
224 0.1999251192499275
225 0.24502878142612175
226 0.24502878142612175
227 0.24502878142612175
228 0.24502878142612175
229 0.24502878142612175
230 0.17944423295277867
231 0.17944423295277867
232 0.17944423295277867
233 0.17944423295277867
234 0.17944423295277867
235 0.2261822894304446
236 0.2261822894304446
237 0.2261822894304446
238 0.2261822894304446
239 0.2261822894304446
240 0.2090461270381926
241 0.2090461270381926
242 0.2090461270381926
243 0.2090461270381926
244 0.2090461270381926
245 0.16817416798745186
246 0.16817416798745186
247 0.16817416798745186
248 0.16817416798745186
249 0.16817416798745186
250 0.16923263616974327
251 0.16923263616974327
252 0.16923263616974327
253 0.16923263616974327
254 0.16923263616974327
255 0.273948173437762
256 0.273948173437762
257 0.273948173437762
258 0.273948173437762
259 0.273948173437762
260 0.2846466649185798
261 0.2846466649185798
262 0.2846466649185798
263 0.2846466649185798
264 0.2846466649185798
265 0.26538114911440236
266 0.26538114911440236
267 0.26538114911440236
268 0.26538114911440236
269 0.26538114911440236
270 0.2657243010731746
271 0.2657243010731746
272 0.2657243010731746
273 0.2657243010731746
274 0.2657243010731746
275 0.2546972161992986
276 0.2546972161992986
277 0.2546972161992986
278 0.2546972161992986
279 0.2546972161992986
280 0.13638111522270996
281 0.13638111522270996
282 0.13638111522270996
283 0.13638111522270996
284 0.13638111522270996
285 0.11950133886190147
286 0.4019989373851601
287 0.4019989373851601
288 0.4019989373851601
289 0.4019989373851601
290 0.4019989373851601
291 0.48901686480102896
292 0.48901686480102896
293 0.48901686480102896
294 0.48901686480102896
295 0.48901686480102896
296 0.43520468999762046
297 0.43520468999762046
298 0.43520468999762046
299 0.43520468999762046
300 0.43520468999762046
301 0.24436327112473116
302 0.24436327112473116
303 0.24436327112473116
304 0.24436327112473116
305 0.24436327112473116
306 0.15824544186497363
307 0.15824544186497363
308 0.15824544186497363
309 0.15824544186497363
310 0.15824544186497363
311 0.15921334167292178
312 0.15921334167292178
313 0.15921334167292178
314 0.15921334167292178
315 0.15921334167292178
316 0.18252068449515918
317 0.18252068449515918
318 0.18252068449515918
319 0.18252068449515918
320 0.18252068449515918
321 0.18570624073333433
322 0.18570624073333433
323 0.18570624073333433
324 0.18570624073333433
325 0.18570624073333433
326 0.24376572541855882
327 1.0098422610924929
328 1.0098422610924929
329 1.0098422610924929
330 1.0098422610924929
331 1.0098422610924929
332 1.3577855305163717
333 1.3577855305163717
334 1.3577855305163717
335 1.3577855305163717
336 1.3577855305163717
337 1.4675462971759756
338 1.4675462971759756
339 1.4675462971759756
340 1.4675462971759756
341 1.4675462971759756
342 1.3829976280012575
343 1.3829976280012575
344 1.3829976280012575
345 1.3829976280012575
346 1.3829976280012575
347 0.6940865253585764
348 0.6940865253585764
349 0.6940865253585764
350 0.6940865253585764
351 0.6940865253585764
352 1.555333111878927
353 1.555333111878927
354 1.555333111878927
355 1.555333111878927
356 1.555333111878927
357 2.899528205865963
358 2.899528205865963
359 2.899528205865963
360 2.899528205865963
361 2.899528205865963
362 3.1174210442448658
363 3.1174210442448658
364 3.1174210442448658
365 3.1174210442448658
366 3.1174210442448658
367 2.9794551314633
368 2.9794551314633
369 2.9794551314633
370 2.9794551314633
371 2.9794551314633
372 2.2349899244442324
373 2.2349899244442324
374 2.2349899244442324
375 2.2349899244442324
376 2.2349899244442324
377 1.9099990751812004
378 1.9099990751812004
379 1.9099990751812004
380 1.9099990751812004
381 1.9099990751812004
382 2.7197383306615626
383 2.7197383306615626
384 2.7197383306615626
385 1.0831287004129408
386 1.0831287004129408
387 1.0831287004129408
388 3.305324364121709
389 3.305324364121709
390 3.305324364121709
391 3.305324364121709
392 3.305324364121709
393 3.0005413153124305
394 3.0005413153124305
395 3.0005413153124305
396 3.0005413153124305
397 3.0005413153124305
398 2.4827304562255197
399 2.4827304562255197
400 2.4827304562255197
401 2.4827304562255197
402 2.4827304562255197
403 2.792221122054653
404 2.792221122054653
405 2.792221122054653
406 2.792221122054653
407 2.792221122054653
408 1.3482071460626273
409 1.3482071460626273
410 1.3482071460626273
411 1.3482071460626273
412 1.3482071460626273
413 2.3040440383536436
414 2.3040440383536436
415 2.3040440383536436
416 2.3040440383536436
417 2.3040440383536436
418 2.3188491158314717
419 2.3188491158314717
420 2.3188491158314717
421 2.3188491158314717
422 2.3188491158314717
423 4.036795174667728
424 4.036795174667728
425 4.036795174667728
426 4.036795174667728
427 4.036795174667728
428 2.2172455325041054
429 2.2172455325041054
430 2.2172455325041054
431 2.2172455325041054
432 2.2172455325041054
433 2.8948229667974537
434 2.8948229667974537
435 2.8948229667974537
436 2.8948229667974537
437 2.8948229667974537
438 2.236359291378784
439 2.236359291378784
440 2.236359291378784
441 2.236359291378784
442 2.236359291378784
443 3.0666989300443595
444 3.0666989300443595
445 3.0666989300443595
446 3.0666989300443595
447 3.0666989300443595
448 3.4128511500808134
449 3.4128511500808134
450 3.4128511500808134
451 3.4128511500808134
452 3.4128511500808134
453 3.38932489827285
454 3.38932489827285
455 3.38932489827285
456 3.9743544628109984
457 3.9743544628109984
458 3.9743544628109984
459 3.9743544628109984
460 3.9743544628109984
461 4.9044610785586205
462 4.9044610785586205
463 4.9044610785586205
464 4.9044610785586205
465 4.9044610785586205
466 4.353969463896405
467 4.353969463896405
468 4.353969463896405
469 4.353969463896405
470 4.353969463896405
471 4.313348566574566
472 1.7183130694276296
473 1.7183130694276296
474 1.7183130694276296
475 1.7183130694276296
476 1.7183130694276296
477 2.079971183075194
478 2.079971183075194
479 2.079971183075194
480 2.079971183075194
481 2.079971183075194
482 1.2094869622411974
483 1.2094869622411974
484 1.2094869622411974
485 1.2094869622411974
486 1.2094869622411974
487 2.0229504057144196
488 2.0229504057144196
489 2.0229504057144196
490 2.0229504057144196
491 2.0229504057144196
492 1.2257890751611895
493 1.2257890751611895
494 1.2257890751611895
495 1.2257890751611895
496 1.2257890751611895
497 1.477515676611834
498 1.477515676611834
499 1.477515676611834
500 1.477515676611834
501 1.477515676611834
502 2.229523558111913
503 2.229523558111913
504 2.229523558111913
505 2.229523558111913
506 2.229523558111913
507 3.2459603485127713
508 3.2459603485127713
509 3.2459603485127713
510 3.2459603485127713
511 3.2459603485127713
512 1.3467446318770544
513 1.3467446318770544
514 1.3467446318770544
515 1.3467446318770544
516 1.3467446318770544
517 3.143202036673409
518 3.143202036673409
519 3.143202036673409
520 3.143202036673409
521 3.143202036673409
522 1.735606260883095
523 1.735606260883095
524 1.735606260883095
525 1.735606260883095
526 1.735606260883095
527 0.933813807737903
528 0.933813807737903
529 0.933813807737903
530 0.933813807737903
531 0.933813807737903
532 1.7628678005244256
533 1.7628678005244256
534 1.7628678005244256
535 1.7628678005244256
536 2.984379122340963
537 2.984379122340963
538 2.984379122340963
539 2.984379122340963
540 2.984379122340963
541 1.5362454972206823
542 1.5362454972206823
543 1.5362454972206823
544 1.5362454972206823
545 1.5362454972206823
546 3.150797404000545
547 3.150797404000545
548 3.150797404000545
549 3.150797404000545
550 3.150797404000545
551 3.560756615976522
552 3.560756615976522
553 3.560756615976522
554 3.560756615976522
555 3.560756615976522
556 3.9453348393819256
557 3.9453348393819256
558 3.9453348393819256
559 3.9453348393819256
560 3.9453348393819256
561 3.0184206770902375
562 3.0184206770902375
563 3.0184206770902375
564 3.0184206770902375
565 3.0184206770902375
566 4.194616091655595
567 4.194616091655595
568 4.194616091655595
569 4.194616091655595
570 4.194616091655595
571 3.8903852306390596
572 3.8903852306390596
573 3.8903852306390596
574 3.8903852306390596
575 3.8903852306390596
576 4.8961663169132965
577 4.8961663169132965
578 4.8961663169132965
579 4.8961663169132965
580 4.8961663169132965
581 5.146499988653208
582 5.146499988653208
583 1.6055368429983616
584 1.6055368429983616
585 1.6055368429983616
586 1.6055368429983616
587 1.6055368429983616
588 1.6785837579134761
589 1.6785837579134761
590 1.6785837579134761
591 1.6785837579134761
592 1.6785837579134761
593 0.5099341789567047
594 0.5099341789567047
595 0.5099341789567047
596 0.5099341789567047
597 0.5099341789567047
598 1.2748933039434325
599 1.2748933039434325
600 1.2748933039434325
601 0.1
602 0.1
603 0.1
604 0.1
605 0.1
606 0.2190200955781937
607 0.2190200955781937
608 0.2190200955781937
609 0.2190200955781937
610 0.2190200955781937
611 0.12732558026246038
612 0.12732558026246038
613 0.12732558026246038
614 0.12732558026246038
615 0.12732558026246038
616 0.16244543555297575
617 0.16244543555297575
618 0.16244543555297575
619 0.16244543555297575
620 0.16244543555297575
621 0.2979257077217645
622 0.2979257077217645
623 0.2979257077217645
624 0.2979257077217645
625 0.2979257077217645
626 0.2632124754548062
627 0.2632124754548062
628 1.6127365741786663
629 1.6127365741786663
630 1.6127365741786663
631 1.6127365741786663
632 1.6127365741786663
633 1.6932203293914352
634 1.6932203293914352
635 1.6932203293914352
636 1.6932203293914352
637 1.6932203293914352
638 1.4273354768756756
639 1.4273354768756756
640 1.4273354768756756
641 1.4273354768756756
642 1.4273354768756756
643 1.5178428698295974
644 1.5178428698295974
645 1.5178428698295974
646 1.5178428698295974
647 1.5178428698295974
648 1.3259563591947945
649 1.3259563591947945
650 1.3259563591947945
651 1.3259563591947945
652 1.3259563591947945
653 1.82579674375752
654 1.82579674375752
655 1.82579674375752
656 1.82579674375752
657 1.82579674375752
658 2.030095297515405
659 2.030095297515405
660 2.030095297515405
661 2.030095297515405
662 2.030095297515405
663 2.0517571396931666
664 2.0517571396931666
665 2.0517571396931666
666 2.0517571396931666
667 2.0517571396931666
668 2.6324610720153148
669 2.6324610720153148
670 2.6324610720153148
671 2.6324610720153148
672 2.6324610720153148
673 1.2415454198386624
674 1.2415454198386624
675 1.2415454198386624
676 1.2415454198386624
677 1.2415454198386624
678 2.657646913634814
679 2.657646913634814
680 2.657646913634814
681 2.657646913634814
682 2.657646913634814
683 1.9049261580202053
684 1.9049261580202053
685 1.9049261580202053
686 1.9049261580202053
687 1.9049261580202053
688 1.8025142263280935
689 1.8025142263280935
690 1.8025142263280935
691 1.8025142263280935
692 1.8025142263280935
693 2.5958746126907446
694 2.5958746126907446
695 2.5958746126907446
696 2.5958746126907446
697 2.5958746126907446
698 1.578812184917455
699 1.578812184917455
700 1.578812184917455
701 1.578812184917455
702 1.578812184917455
703 3.173285190869799
704 3.173285190869799
705 3.173285190869799
706 3.173285190869799
707 3.173285190869799
708 0.9779933010991366
709 0.9779933010991366
710 0.9779933010991366
711 0.9779933010991366
712 0.9779933010991366
713 1.7255279823862917
714 1.7255279823862917
715 1.7255279823862917
716 1.7255279823862917
717 1.7255279823862917
718 1.8538941471808
719 1.8538941471808
720 1.8538941471808
721 1.8538941471808
722 1.8538941471808
723 2.3404125250806587
724 2.3404125250806587
725 2.3404125250806587
726 2.3404125250806587
727 2.3404125250806587
728 2.0934575545641563
729 2.0934575545641563
730 2.0934575545641563
731 2.0934575545641563
732 2.0934575545641563
733 2.6116179417207945
734 2.6116179417207945
735 2.6116179417207945
736 2.6116179417207945
737 2.6116179417207945
738 1.4796145179415636
739 1.4796145179415636
740 1.4796145179415636
741 1.4796145179415636
742 1.4796145179415636
743 2.4482922179627247
744 2.4482922179627247
745 2.4482922179627247
746 2.4482922179627247
747 2.4482922179627247
748 0.9599801414925149
749 0.9599801414925149
750 0.9599801414925149
751 0.9599801414925149
752 0.9599801414925149
753 2.3546155262212247
754 2.3546155262212247
755 2.3546155262212247
756 2.3546155262212247
757 2.3546155262212247
758 1.0346652504501768
759 1.0346652504501768
760 1.0346652504501768
761 1.0346652504501768
762 1.0346652504501768
763 1.4565502987955579
764 1.4565502987955579
765 1.4565502987955579
766 1.4565502987955579
767 1.4565502987955579
768 2.3183342814490513
769 2.3183342814490513
770 2.3183342814490513
771 2.3183342814490513
772 2.3183342814490513
773 2.9494856789818926
774 2.9494856789818926
775 2.9494856789818926
776 2.9494856789818926
777 2.9494856789818926
778 2.2900908328300273
779 2.2900908328300273
780 2.2900908328300273
781 2.2900908328300273
782 2.2900908328300273
783 2.236181036594188
784 2.236181036594188
785 2.236181036594188
786 2.236181036594188
787 2.236181036594188
788 1.749461569911384
789 1.749461569911384
790 1.749461569911384
791 1.749461569911384
792 1.749461569911384
793 2.0610005743992295
794 2.0610005743992295
795 2.0610005743992295
796 2.0610005743992295
797 2.0610005743992295
798 1.8039097447968682
799 1.8039097447968682
800 1.8039097447968682
801 1.8039097447968682
802 1.8039097447968682
803 1.4423440086850374
804 1.4423440086850374
805 1.4423440086850374
806 1.4423440086850374
807 1.4423440086850374
808 1.612986437231364
809 1.612986437231364
810 1.612986437231364
811 1.612986437231364
812 1.612986437231364
813 2.466665181625201
814 2.466665181625201
815 2.466665181625201
816 2.466665181625201
817 2.466665181625201
818 1.2982573930549224
819 1.2982573930549224
820 1.2982573930549224
821 1.2982573930549224
822 1.2982573930549224
823 2.11727778984554
824 2.11727778984554
825 2.11727778984554
826 2.11727778984554
827 2.11727778984554
828 2.1098356588806433
829 2.1098356588806433
830 2.1098356588806433
831 2.1098356588806433
832 2.1098356588806433
833 2.930335566985317
834 2.930335566985317
835 2.930335566985317
836 2.930335566985317
837 2.930335566985317
838 1.3665267096170752
839 1.3665267096170752
840 1.3665267096170752
841 1.3665267096170752
842 1.3665267096170752
843 1.9015488325738201
844 1.9015488325738201
845 1.9015488325738201
846 1.9015488325738201
847 1.9015488325738201
848 2.0219323455572353
849 2.0219323455572353
850 2.0219323455572353
851 2.0219323455572353
852 2.0219323455572353
853 0.6645124916901417
854 0.6645124916901417
855 0.6645124916901417
856 1.2114686400573895
857 1.2114686400573895
858 1.2114686400573895
859 1.2114686400573895
860 1.2114686400573895
861 1.1603837685893343
862 1.1603837685893343
863 2.979107439139489
864 2.979107439139489
865 2.979107439139489
866 2.979107439139489
867 2.979107439139489
868 4.002492154290462
869 4.002492154290462
870 4.002492154290462
871 4.002492154290462
872 4.002492154290462
873 5.375873056359239
874 5.375873056359239
875 5.375873056359239
876 5.375873056359239
877 5.375873056359239
878 2.914316296059448
879 2.914316296059448
880 2.914316296059448
881 2.914316296059448
882 2.914316296059448
883 2.3069567382535077
884 2.3069567382535077
885 2.3069567382535077
886 2.3069567382535077
887 2.3069567382535077
888 0.8917232354503928
889 0.8917232354503928
890 0.8917232354503928
891 0.8917232354503928
892 0.8917232354503928
893 0.9622048470465215
894 0.9622048470465215
895 0.9622048470465215
896 0.9622048470465215
897 0.9622048470465215
898 1.7224283396956048
899 1.7224283396956048
900 1.7224283396956048
901 1.7224283396956048
902 1.575688517909244
903 1.575688517909244
904 1.575688517909244
905 1.575688517909244
906 1.575688517909244
907 2.2804933502690825
908 2.2804933502690825
909 2.2804933502690825
910 2.2804933502690825
911 2.2804933502690825
912 2.4035973176196026
913 2.4035973176196026
914 2.4035973176196026
915 2.4035973176196026
916 2.4035973176196026
917 2.412647369995908
918 2.412647369995908
919 2.412647369995908
920 2.412647369995908
921 2.412647369995908
922 1.4667649646338363
923 1.4667649646338363
924 1.4667649646338363
925 1.4667649646338363
926 1.4667649646338363
927 1.78397762638455
928 1.78397762638455
929 1.78397762638455
930 1.78397762638455
931 1.78397762638455
932 2.4945268824230964
933 2.4945268824230964
934 2.4945268824230964
935 2.4945268824230964
936 2.4945268824230964
937 2.0008736136899468
938 2.0008736136899468
939 2.0008736136899468
940 2.0008736136899468
941 2.0008736136899468
942 1.3676800712372055
943 1.3676800712372055
944 1.3676800712372055
945 1.3676800712372055
946 1.3676800712372055
947 2.8706627468490438
948 2.8706627468490438
949 2.8706627468490438
950 2.8706627468490438
951 2.8706627468490438
952 1.8417403937783772
953 1.8417403937783772
954 1.8417403937783772
955 1.8417403937783772
956 1.8417403937783772
957 2.0326276684351177
958 2.0326276684351177
959 2.0326276684351177
960 2.0326276684351177
961 2.0326276684351177
962 1.5243802811981397
963 1.5243802811981397
964 1.5243802811981397
965 1.5243802811981397
966 1.5243802811981397
967 3.3882949525036334
968 3.3882949525036334
969 3.3882949525036334
970 3.3882949525036334
971 3.321602491277332
972 3.321602491277332
973 3.321602491277332
974 3.321602491277332
975 3.321602491277332
976 3.6121334214632075
977 3.6121334214632075
978 3.6121334214632075
979 3.6121334214632075
980 3.6121334214632075
981 3.2520890324380103
982 3.2520890324380103
983 3.2520890324380103
984 3.2520890324380103
985 3.2520890324380103
986 3.427766204253329
987 2.136969481474294
988 2.136969481474294
989 2.136969481474294
990 2.136969481474294
991 2.136969481474294
992 2.0487621779575402
993 2.0487621779575402
994 2.0487621779575402
995 2.0487621779575402
996 2.0487621779575402
997 1.4391136727748484
998 1.4391136727748484
999 1.4391136727748484
1000 1.4391136727748484
1001 2.4226376637598794
1002 2.4226376637598794
1003 2.4226376637598794
1004 2.4226376637598794
1005 2.4226376637598794
1006 2.5991633147934934
1007 2.5991633147934934
1008 2.5991633147934934
1009 2.5991633147934934
1010 2.5991633147934934
1011 3.0286199073141433
1012 0.3318895112500386
1013 0.3318895112500386
1014 0.3318895112500386
1015 0.3318895112500386
1016 0.3318895112500386
1017 0.651548014969854
1018 0.651548014969854
1019 0.651548014969854
1020 0.651548014969854
1021 0.651548014969854
1022 0.7797117369224749
1023 0.7797117369224749
1024 0.7797117369224749
1025 0.7797117369224749
1026 0.7797117369224749
1027 1.2818690710570244
1028 1.2818690710570244
1029 1.2818690710570244
1030 1.2818690710570244
1031 1.2818690710570244
1032 1.067075719390271
1033 1.067075719390271
1034 1.067075719390271
1035 1.067075719390271
1036 1.067075719390271
1037 0.8878318558076583
1038 0.8878318558076583
1039 0.8878318558076583
1040 0.8878318558076583
1041 0.8878318558076583
1042 1.0039472828626204
1043 1.0039472828626204
1044 1.0039472828626204
1045 1.0039472828626204
1046 1.0039472828626204
1047 1.3985217767095492
1048 1.3985217767095492
1049 1.3985217767095492
1050 1.3985217767095492
1051 1.3985217767095492
1052 0.8950835256872248
1053 0.8950835256872248
1054 0.8950835256872248
1055 0.8950835256872248
1056 0.8950835256872248
1057 1.233484627870576
1058 1.233484627870576
1059 1.233484627870576
1060 1.233484627870576
1061 1.233484627870576
1062 0.9815403503317068
1063 0.9815403503317068
1064 0.9815403503317068
1065 0.9815403503317068
1066 3.0739968262977797
1067 3.0739968262977797
1068 3.0739968262977797
1069 3.0739968262977797
1070 3.0739968262977797
1071 4.285225630632776
1072 4.285225630632776
1073 4.285225630632776
1074 4.285225630632776
1075 4.285225630632776
1076 3.529889004132632
1077 3.529889004132632
1078 3.529889004132632
1079 3.529889004132632
1080 3.529889004132632
1081 5.083520735365864
1082 5.083520735365864
1083 5.083520735365864
1084 5.083520735365864
1085 5.083520735365864
1086 1.295310611171503
1087 1.295310611171503
1088 1.295310611171503
1089 1.295310611171503
1090 1.295310611171503
1091 2.9199007150197263
1092 2.9199007150197263
1093 2.9199007150197263
1094 2.9199007150197263
1095 2.9199007150197263
1096 3.2280417751217287
1097 3.2280417751217287
1098 3.2280417751217287
1099 3.2280417751217287
1100 3.2280417751217287
1101 2.624912369418426
1102 2.624912369418426
1103 2.624912369418426
1104 2.624912369418426
1105 2.624912369418426
1106 3.7722850155860463
1107 3.7722850155860463
1108 3.7722850155860463
1109 3.7722850155860463
1110 3.7722850155860463
1111 3.525712677294751
1112 3.525712677294751
1113 3.525712677294751
1114 3.525712677294751
1115 3.525712677294751
1116 4.50324136432734
1117 4.50324136432734
1118 4.50324136432734
1119 4.50324136432734
1120 4.50324136432734
1121 1.5160380207974844
1122 1.5160380207974844
1123 1.5160380207974844
1124 1.5160380207974844
1125 1.5160380207974844
1126 4.093950427324577
1127 4.093950427324577
1128 4.093950427324577
1129 4.093950427324577
1130 4.093950427324577
1131 2.25417684726989
1132 2.25417684726989
1133 2.25417684726989
1134 2.25417684726989
1135 2.25417684726989
1136 6.306283927138736
1137 6.306283927138736
1138 6.306283927138736
1139 6.306283927138736
1140 6.306283927138736
1141 2.9746043666323523
1142 2.9746043666323523
1143 2.9746043666323523
1144 2.9746043666323523
1145 2.9746043666323523
1146 5.075437092377607
1147 5.075437092377607
1148 5.075437092377607
1149 5.075437092377607
1150 5.075437092377607
1151 3.4340209420179284
1152 3.4340209420179284
1153 3.4340209420179284
1154 3.4340209420179284
1155 3.4340209420179284
1156 3.8002042123152924
1157 3.8002042123152924
1158 3.8002042123152924
1159 3.8002042123152924
1160 3.8002042123152924
1161 2.8107130930960196
1162 2.8107130930960196
1163 2.8107130930960196
1164 2.8107130930960196
1165 2.8107130930960196
1166 5.150750915345673
1167 1.648306018008506
1168 1.648306018008506
1169 1.648306018008506
1170 1.648306018008506
1171 1.648306018008506
1172 1.234469966318118
1173 1.234469966318118
1174 1.234469966318118
1175 1.234469966318118
1176 1.234469966318118
1177 2.284119755699296
1178 2.284119755699296
1179 2.284119755699296
1180 2.284119755699296
1181 2.284119755699296
1182 2.1257729048832057
1183 2.1257729048832057
1184 2.1257729048832057
1185 2.1257729048832057
1186 2.1257729048832057
1187 2.094155922071666
1188 2.094155922071666
1189 2.094155922071666
1190 2.094155922071666
1191 2.094155922071666
1192 2.413480514124912
1193 2.413480514124912
1194 2.413480514124912
1195 2.413480514124912
1196 2.413480514124912
1197 2.451700269631231
1198 2.451700269631231
1199 2.451700269631231
1200 2.451700269631231
1201 2.451700269631231
1202 0.9540818684161771
1203 0.9540818684161771
1204 4.035686644430326
1205 4.035686644430326
1206 4.035686644430326
1207 4.035686644430326
1208 4.035686644430326
1209 3.9029577520855234
1210 3.9029577520855234
1211 3.9029577520855234
1212 3.9029577520855234
1213 3.9029577520855234
1214 4.197520270256891
1215 4.197520270256891
1216 4.197520270256891
1217 4.197520270256891
1218 4.197520270256891
1219 2.6299818582886614
1220 2.6299818582886614
1221 2.6299818582886614
1222 2.6299818582886614
1223 2.6299818582886614
1224 3.5152655758511218
1225 3.5152655758511218
1226 3.5152655758511218
1227 3.5152655758511218
1228 3.5152655758511218
1229 4.559972841169106
1230 4.559972841169106
1231 4.559972841169106
1232 4.559972841169106
1233 4.559972841169106
1234 2.1484614191675284
1235 2.1484614191675284
1236 2.1484614191675284
1237 2.1484614191675284
1238 2.1484614191675284
1239 4.439624552200341
1240 4.439624552200341
1241 4.439624552200341
1242 4.439624552200341
1243 4.439624552200341
1244 2.9799676579177516
1245 2.9799676579177516
1246 2.9799676579177516
1247 2.9799676579177516
1248 2.9799676579177516
1249 3.158025231034485
1250 3.158025231034485
1251 3.158025231034485
1252 1.1905100129329433
1253 1.1905100129329433
1254 1.1905100129329433
1255 2.6623479348727317
1256 2.6623479348727317
1257 2.6623479348727317
1258 2.6623479348727317
1259 2.6623479348727317
1260 0.9660034016366679
1261 0.9660034016366679
1262 0.9660034016366679
1263 0.9660034016366679
1264 0.9660034016366679
1265 3.0071430234282874
1266 3.0071430234282874
1267 3.0071430234282874
1268 3.0071430234282874
1269 3.0071430234282874
1270 2.6881951047879693
1271 2.6881951047879693
1272 2.6881951047879693
1273 2.6881951047879693
1274 2.6881951047879693
1275 1.9013496344945504
1276 1.9013496344945504
1277 1.9013496344945504
1278 1.9013496344945504
1279 1.9013496344945504
1280 1.6418298912739238
1281 1.6418298912739238
1282 1.6418298912739238
1283 1.6418298912739238
1284 1.6418298912739238
1285 1.0003315835664244
1286 1.0003315835664244
1287 1.0003315835664244
1288 1.0003315835664244
1289 1.0003315835664244
1290 2.165352455224777
1291 2.165352455224777
1292 2.165352455224777
1293 2.165352455224777
1294 2.165352455224777
1295 2.3182148330731556
1296 2.3182148330731556
1297 2.3182148330731556
1298 2.3182148330731556
1299 2.3182148330731556
1300 1.7617988630041006
1301 1.7617988630041006
1302 1.7617988630041006
1303 1.7617988630041006
1304 1.7617988630041006
1305 1.2621389357388257
1306 1.2621389357388257
1307 1.2621389357388257
1308 1.2621389357388257
1309 1.2621389357388257
1310 2.7201810958926713
1311 2.7201810958926713
1312 2.7201810958926713
1313 2.7201810958926713
1314 2.7201810958926713
1315 2.7422549315273845
1316 2.7422549315273845
1317 2.7422549315273845
1318 2.7422549315273845
1319 2.7422549315273845
1320 2.061937573561999
1321 2.061937573561999
1322 2.061937573561999
1323 2.061937573561999
1324 2.061937573561999
1325 1.3086202547031938
1326 1.3086202547031938
1327 1.3086202547031938
1328 1.3086202547031938
1329 1.3086202547031938
1330 1.3259235661505833
1331 1.3259235661505833
1332 1.3259235661505833
1333 1.3259235661505833
1334 1.3259235661505833
1335 1.811458791354588
1336 2.0121487116773937
1337 2.0121487116773937
1338 2.0121487116773937
1339 0.8050593984270874
1340 0.8050593984270874
1341 0.8050593984270874
1342 0.8050593984270874
1343 0.8050593984270874
1344 0.9409209282094669
1345 0.9409209282094669
1346 0.9409209282094669
1347 0.9409209282094669
1348 0.9409209282094669
1349 2.12829729300121
1350 2.12829729300121
1351 2.12829729300121
1352 2.12829729300121
1353 2.12829729300121
1354 2.306184416247562
1355 2.306184416247562
1356 2.306184416247562
1357 2.306184416247562
1358 2.306184416247562
1359 2.6470708456093015
1360 2.6470708456093015
1361 2.6470708456093015
1362 2.6470708456093015
1363 2.6470708456093015
1364 1.8551835968416341
1365 1.8551835968416341
1366 1.8551835968416341
1367 1.8551835968416341
1368 1.8551835968416341
1369 1.4986384527084806
1370 1.4986384527084806
1371 1.4986384527084806
1372 1.4986384527084806
1373 1.4986384527084806
1374 1.022788298262605
1375 1.022788298262605
1376 1.022788298262605
1377 1.022788298262605
1378 1.022788298262605
1379 1.2606907092114121
1380 1.2606907092114121
1381 1.2606907092114121
1382 1.2606907092114121
1383 1.2606907092114121
1384 1.8388802994969864
1385 1.8388802994969864
1386 1.8388802994969864
1387 1.8388802994969864
1388 1.8388802994969864
1389 1.6556454499558992
1390 1.6556454499558992
1391 1.6556454499558992
1392 1.6556454499558992
1393 1.6556454499558992
1394 1.5604545029124073
1395 1.5604545029124073
1396 1.5604545029124073
1397 1.5604545029124073
1398 1.5604545029124073
1399 1.6464601697240657
1400 1.6464601697240657
1401 1.6464601697240657
1402 1.6464601697240657
1403 1.6464601697240657
1404 0.5979497995236261
1405 0.5979497995236261
1406 0.5979497995236261
1407 0.5979497995236261
1408 0.5979497995236261
1409 1.9658899046036624
1410 1.9658899046036624
1411 1.9658899046036624
1412 1.9658899046036624
1413 1.9658899046036624
1414 1.889283476774636
1415 1.889283476774636
1416 1.889283476774636
1417 1.889283476774636
1418 1.889283476774636
1419 1.6246068222906902
1420 1.6246068222906902
1421 1.6246068222906902
1422 1.6246068222906902
1423 1.6246068222906902
1424 1.4455589959781787
1425 1.4455589959781787
1426 1.4455589959781787
1427 1.4455589959781787
1428 1.4455589959781787
1429 1.515821301067751
1430 1.515821301067751
1431 1.515821301067751
1432 3.2920170327521086
1433 0.5146898163856096
1434 0.5146898163856096
1435 0.5146898163856096
1436 0.5146898163856096
1437 2.524535945116056
1438 2.524535945116056
1439 2.524535945116056
1440 2.524535945116056
1441 2.524535945116056
1442 2.091446586081385
1443 2.091446586081385
1444 2.091446586081385
1445 2.091446586081385
1446 2.091446586081385
1447 2.7514102383345977
1448 2.7514102383345977
1449 2.7514102383345977
1450 2.7514102383345977
1451 2.7514102383345977
1452 2.28275536463381
1453 2.28275536463381
1454 2.28275536463381
1455 2.28275536463381
1456 2.28275536463381
1457 0.6890225141813728
1458 0.6890225141813728
1459 0.6890225141813728
1460 0.6890225141813728
1461 0.6890225141813728
1462 2.4822099056246514
1463 2.4822099056246514
1464 2.4822099056246514
1465 2.4822099056246514
1466 2.4822099056246514
1467 2.2342669685486487
1468 2.2342669685486487
1469 2.2342669685486487
1470 2.2342669685486487
1471 2.2342669685486487
1472 1.6113835003776054
1473 1.6113835003776054
1474 1.6113835003776054
1475 1.6113835003776054
1476 1.6113835003776054
1477 0.15858219874155138
1478 0.15858219874155138
1479 0.15858219874155138
1480 2.7326679758054997
1481 2.7326679758054997
1482 2.7326679758054997
1483 2.7326679758054997
1484 2.7326679758054997
1485 1.4502845375253415
1486 1.4502845375253415
1487 1.4502845375253415
1488 1.4502845375253415
1489 1.4502845375253415
1490 2.603596720405295
1491 2.603596720405295
1492 2.603596720405295
1493 2.603596720405295
1494 2.603596720405295
1495 1.970223156262143
1496 1.970223156262143
1497 1.970223156262143
1498 1.970223156262143
1499 1.970223156262143
1500 2.169015161127097
1501 2.1985698751897127
1502 0.1743492670402348
1503 0.1743492670402348
1504 0.1743492670402348
1505 0.1743492670402348
1506 0.1743492670402348
1507 0.26296618339668054
1508 0.26296618339668054
1509 0.26296618339668054
1510 0.26296618339668054
1511 0.26296618339668054
1512 0.2554985201669612
1513 0.2554985201669612
1514 0.2554985201669612
1515 0.2554985201669612
1516 0.2554985201669612
1517 0.2031845578891968
1518 0.2031845578891968
1519 0.2031845578891968
1520 0.2031845578891968
1521 0.2031845578891968
1522 0.1
1523 0.1
1524 0.1
1525 0.1
1526 0.1
1527 0.19597610599082654
1528 0.19597610599082654
1529 0.19597610599082654
1530 0.19597610599082654
1531 0.19597610599082654
1532 0.16113195199707459
1533 0.16113195199707459
1534 0.16113195199707459
1535 0.16113195199707459
1536 0.16113195199707459
1537 0.14111714413416301
1538 0.14111714413416301
1539 0.14111714413416301
1540 0.14111714413416301
1541 0.14111714413416301
1542 0.23863537561684556
1543 0.23863537561684556
1544 0.23863537561684556
1545 0.23863537561684556
1546 0.23863537561684556
1547 0.1440495218177525
1548 0.1440495218177525
1549 0.1440495218177525
1550 0.1440495218177525
1551 0.1440495218177525
1552 0.3481941357070652
1553 0.3481941357070652
1554 0.3481941357070652
1555 0.3481941357070652
1556 0.3481941357070652
1557 0.3015905605716576
1558 0.3015905605716576
1559 0.3015905605716576
1560 0.3015905605716576
1561 0.3015905605716576
1562 0.1
1563 0.1
1564 0.1
1565 0.1
1566 0.1
1567 0.21023416314927287
1568 0.21023416314927287
1569 0.21023416314927287
1570 0.21023416314927287
1571 0.21023416314927287
1572 0.2150770471129868
1573 0.2150770471129868
1574 0.2150770471129868
1575 0.2150770471129868
1576 0.2150770471129868
1577 0.25944026969710265
1578 0.25944026969710265
1579 0.25944026969710265
1580 0.25944026969710265
1581 0.25944026969710265
1582 0.20542012327741893
1583 0.20542012327741893
1584 0.20542012327741893
1585 0.20542012327741893
1586 0.20542012327741893
1587 0.23206698810583964
1588 0.47684359145383726
1589 0.47684359145383726
1590 0.47684359145383726
1591 0.47684359145383726
1592 0.47684359145383726
1593 0.5796461934307435
1594 0.5796461934307435
1595 0.5796461934307435
1596 0.5796461934307435
1597 0.5796461934307435
1598 0.7984532208782998
1599 0.7984532208782998
1600 0.7984532208782998
1601 0.7984532208782998
1602 0.7984532208782998
1603 0.2696628609602392
1604 0.2696628609602392
1605 0.2696628609602392
1606 0.2696628609602392
1607 0.2696628609602392
1608 0.32897351090558724
1609 0.32897351090558724
1610 0.32897351090558724
1611 0.32897351090558724
1612 0.32897351090558724
1613 0.6194553850690105
1614 0.6194553850690105
1615 0.6194553850690105
1616 0.6194553850690105
1617 0.6194553850690105
1618 0.7535993717788565
1619 0.7535993717788565
1620 0.7535993717788565
1621 0.7535993717788565
1622 0.7535993717788565
1623 0.4963160804608381
1624 0.4963160804608381
1625 0.4963160804608381
1626 0.4963160804608381
1627 0.4963160804608381
1628 0.8412270393215021
1629 0.8412270393215021
1630 0.8412270393215021
1631 0.8412270393215021
1632 0.8412270393215021
1633 0.4102227002595108
1634 0.4102227002595108
1635 0.4102227002595108
1636 0.4102227002595108
1637 0.4102227002595108
1638 0.4947205357243335
1639 3.01202064525454
1640 3.01202064525454
1641 3.01202064525454
1642 3.01202064525454
1643 3.01202064525454
1644 3.369940949206943
1645 3.369940949206943
1646 3.369940949206943
1647 3.369940949206943
1648 3.369940949206943
1649 3.5370532930539205
1650 3.5370532930539205
1651 3.5370532930539205
1652 3.5370532930539205
1653 3.5370532930539205
1654 2.216342612299148
1655 2.216342612299148
1656 2.216342612299148
1657 2.216342612299148
1658 2.216342612299148
1659 2.2916264760161402
1660 2.2916264760161402
1661 2.2916264760161402
1662 2.2916264760161402
1663 2.2916264760161402
1664 2.033153483889928
1665 2.033153483889928
1666 2.033153483889928
1667 2.033153483889928
1668 2.033153483889928
1669 3.832392009007277
1670 3.832392009007277
1671 3.832392009007277
1672 3.832392009007277
1673 3.832392009007277
1674 3.132039108233404
1675 3.132039108233404
1676 3.132039108233404
1677 3.132039108233404
1678 3.132039108233404
1679 1.9357746808770224
1680 1.9357746808770224
1681 1.9357746808770224
1682 1.9357746808770224
1683 1.9357746808770224
1684 4.648499716996192
1685 4.648499716996192
1686 4.648499716996192
1687 4.648499716996192
1688 4.648499716996192
1689 2.541814234462689
1690 2.541814234462689
1691 2.541814234462689
1692 2.541814234462689
1693 2.541814234462689
1694 4.023047662604777
1695 4.023047662604777
1696 4.023047662604777
1697 4.023047662604777
1698 4.023047662604777
1699 3.174035527118644
1700 3.174035527118644
1701 3.174035527118644
1702 3.174035527118644
1703 3.174035527118644
1704 3.3533496090934025
1705 3.3533496090934025
1706 3.3533496090934025
1707 3.3533496090934025
1708 3.3533496090934025
1709 4.4815902346240595
1710 4.4815902346240595
1711 4.4815902346240595
1712 4.4815902346240595
1713 4.4815902346240595
1714 3.3964046248484987
1715 3.3964046248484987
1716 3.3964046248484987
1717 3.3964046248484987
1718 3.3964046248484987
1719 2.8579019204391543
1720 2.8579019204391543
1721 2.8579019204391543
1722 2.8579019204391543
1723 2.8579019204391543
1724 2.229654060628828
1725 2.229654060628828
1726 2.229654060628828
1727 2.229654060628828
1728 2.229654060628828
1729 4.660790938357565
1730 4.660790938357565
1731 4.660790938357565
1732 3.7317882035409196
1733 3.7317882035409196
1734 3.7317882035409196
1735 3.7317882035409196
1736 3.7317882035409196
1737 3.0411987846094033
1738 3.0411987846094033
1739 3.0411987846094033
1740 3.0411987846094033
1741 3.0411987846094033
1742 2.4691857266153665
1743 2.4691857266153665
1744 2.4691857266153665
1745 2.4691857266153665
1746 2.4691857266153665
1747 2.9694030662566253
1748 2.9694030662566253
1749 2.9694030662566253
1750 2.9694030662566253
1751 2.9694030662566253
1752 1.7744939257972563
1753 1.7744939257972563
1754 1.7744939257972563
1755 1.7744939257972563
1756 1.7744939257972563
1757 2.0057552506165504
1758 1.1650725509643522
1759 1.1650725509643522
1760 1.1650725509643522
1761 1.1650725509643522
1762 1.1650725509643522
1763 2.266769439767147
1764 2.266769439767147
1765 5.098220230466521
1766 5.098220230466521
1767 5.098220230466521
1768 5.098220230466521
1769 5.098220230466521
1770 3.738573574336336
1771 3.738573574336336
1772 3.738573574336336
1773 3.738573574336336
1774 1.1264858929522483
1775 1.1264858929522483
1776 1.1264858929522483
1777 1.1264858929522483
1778 1.1264858929522483
1779 1.2458948351413603
1780 1.2458948351413603
1781 1.2458948351413603
1782 1.2458948351413603
1783 1.2458948351413603
1784 0.5699656727317828
1785 0.5699656727317828
1786 0.5699656727317828
1787 0.5699656727317828
1788 0.5699656727317828
1789 0.6569386317010919
1790 0.6569386317010919
1791 0.6569386317010919
1792 0.6569386317010919
1793 0.6569386317010919
1794 1.6052515642321026
1795 1.6052515642321026
1796 1.6052515642321026
1797 1.6052515642321026
1798 1.6052515642321026
1799 1.251412239924754
1800 1.251412239924754
1801 1.251412239924754
1802 1.251412239924754
1803 1.251412239924754
1804 0.1
1805 0.1
1806 0.1
1807 0.1
1808 0.1
1809 0.39179759126632685
1810 0.39179759126632685
1811 0.39179759126632685
1812 0.39179759126632685
1813 0.39179759126632685
1814 1.0229242030864283
1815 1.0229242030864283
1816 1.0229242030864283
1817 1.0229242030864283
1818 1.0229242030864283
1819 1.0941320144535975
1820 1.0941320144535975
1821 1.0941320144535975
1822 1.0941320144535975
1823 1.0941320144535975
1824 1.9221306909310325
1825 1.9221306909310325
1826 1.9221306909310325
1827 1.9221306909310325
1828 1.9221306909310325
1829 0.5296418418243847
1830 0.5296418418243847
1831 0.5296418418243847
1832 0.5296418418243847
1833 0.5296418418243847
1834 1.0877784419425105
1835 1.0877784419425105
1836 1.0877784419425105
1837 1.0877784419425105
1838 3.013298366095072
1839 3.013298366095072
1840 3.013298366095072
1841 3.013298366095072
1842 3.013298366095072
1843 2.5129078225553005
1844 2.5129078225553005
1845 2.5129078225553005
1846 2.5129078225553005
1847 2.5129078225553005
1848 1.459068387361799
1849 1.459068387361799
1850 1.459068387361799
1851 1.459068387361799
1852 1.459068387361799
1853 3.9781667260879137
1854 3.9781667260879137
1855 3.9781667260879137
1856 3.9781667260879137
1857 3.9781667260879137
1858 6.697447378984728
1859 6.697447378984728
1860 6.697447378984728
1861 6.697447378984728
1862 6.697447378984728
1863 2.8580747283857555
1864 2.8580747283857555
1865 2.8580747283857555
1866 2.8580747283857555
1867 2.8580747283857555
1868 4.787714189997834
1869 4.787714189997834
1870 4.787714189997834
1871 4.787714189997834
1872 4.787714189997834
1873 5.321799958300673
1874 5.321799958300673
1875 5.321799958300673
1876 5.321799958300673
1877 5.321799958300673
1878 4.55254891341258
1879 4.55254891341258
1880 0.7187460477762061
1881 0.7187460477762061
1882 0.7187460477762061
1883 0.7187460477762061
1884 0.7187460477762061
1885 0.9798745771435968
1886 0.9798745771435968
1887 0.9798745771435968
1888 0.9798745771435968
1889 0.9798745771435968
1890 0.9270936579265012
1891 0.9270936579265012
1892 0.9270936579265012
1893 0.9270936579265012
1894 0.9270936579265012
1895 0.619855169120583
1896 0.619855169120583
1897 0.619855169120583
1898 0.619855169120583
1899 0.619855169120583
1900 0.5726275731488301
1901 0.5726275731488301
1902 0.5726275731488301
1903 0.5726275731488301
1904 0.5726275731488301
1905 0.7067424593823534
1906 0.7067424593823534
1907 0.7067424593823534
1908 0.7067424593823534
1909 0.7067424593823534
1910 0.6839668070192289
1911 0.6839668070192289
1912 0.6839668070192289
1913 0.6839668070192289
1914 0.6839668070192289
1915 0.4415852455539084
1916 0.4415852455539084
1917 0.4415852455539084
1918 0.4415852455539084
1919 0.4415852455539084
1920 0.562036117010733
1921 0.562036117010733
1922 0.562036117010733
1923 0.562036117010733
1924 0.562036117010733
1925 0.5735334111546241
1926 0.5735334111546241
1927 0.5735334111546241
1928 0.5735334111546241
1929 0.5735334111546241
1930 0.7652614057566851
1931 0.7652614057566851
1932 0.7652614057566851
1933 0.7652614057566851
1934 0.7652614057566851
1935 0.7943100642642419
1936 0.2067954798063973
1937 0.2067954798063973
1938 0.2067954798063973
1939 0.2067954798063973
1940 0.2067954798063973
1941 0.1924074007635814
1942 0.1924074007635814
1943 0.1924074007635814
1944 0.1924074007635814
1945 0.1924074007635814
1946 0.10242218008948432
1947 1.4043154854672983
1948 1.4043154854672983
1949 1.4043154854672983
1950 1.4043154854672983
1951 1.4043154854672983
1952 2.3216661394983267
1953 2.3216661394983267
1954 2.3216661394983267
1955 2.3216661394983267
1956 2.3216661394983267
1957 2.1659640900751786
1958 2.1659640900751786
1959 2.1659640900751786
1960 2.1659640900751786
1961 2.1659640900751786
1962 0.4961392771077172
1963 0.4961392771077172
1964 0.4961392771077172
1965 0.4961392771077172
1966 0.4961392771077172
1967 2.9056630333412476
1968 2.9056630333412476
1969 2.9056630333412476
1970 2.9056630333412476
1971 2.9056630333412476
1972 3.3788581260915516
1973 3.3788581260915516
1974 3.3788581260915516
1975 3.3788581260915516
1976 3.3788581260915516
1977 1.5773800570993388
1978 1.5773800570993388
1979 1.5773800570993388
1980 1.5773800570993388
1981 1.5773800570993388
1982 1.980190830526181
1983 1.980190830526181
1984 1.980190830526181
1985 1.980190830526181
1986 1.980190830526181
1987 1.3503453248199222
1988 1.3503453248199222
1989 1.3503453248199222
1990 1.3503453248199222
1991 1.3503453248199222
1992 4.101780346106281
1993 4.101780346106281
1994 4.101780346106281
1995 4.101780346106281
1996 4.101780346106281
1997 3.561799023695705
1998 3.561799023695705
1999 3.561799023695705
