0 3.2575657053502503
1 3.2575657053502503
2 3.2575657053502503
3 3.2575657053502503
4 3.356518118780501
5 3.356518118780501
6 3.356518118780501
7 3.356518118780501
8 4.375903594810963
9 4.375903594810963
10 4.375903594810963
11 4.375903594810963
12 5.108803285878308
13 5.108803285878308
14 5.108803285878308
15 5.108803285878308
16 3.1266952186853914
17 3.1266952186853914
18 3.1266952186853914
19 3.1266952186853914
20 3.105945294858829
21 3.105945294858829
22 1.6877880648966792
23 1.6877880648966792
24 1.159357098161797
25 1.159357098161797
26 1.159357098161797
27 1.159357098161797
28 1.3452400371725206
29 1.3452400371725206
30 1.3452400371725206
31 1.3452400371725206
32 0.841998576271318
33 0.841998576271318
34 0.841998576271318
35 0.841998576271318
36 0.9251653920891229
37 0.9251653920891229
38 0.9251653920891229
39 0.9251653920891229
40 0.7185237150219372
41 0.7185237150219372
42 0.7185237150219372
43 0.7185237150219372
44 1.278494667839388
45 1.278494667839388
46 1.278494667839388
47 1.278494667839388
48 1.256484314366731
49 1.256484314366731
50 1.256484314366731
51 1.256484314366731
52 1.137641315165914
53 1.137641315165914
54 1.137641315165914
55 1.137641315165914
56 1.0057612992719098
57 1.0057612992719098
58 1.0057612992719098
59 1.0057612992719098
60 0.9636615320645526
61 0.9636615320645526
62 0.9636615320645526
63 0.9636615320645526
64 0.9391869329244888
65 0.9391869329244888
66 0.9391869329244888
67 0.9391869329244888
68 1.0603395099377273
69 1.0603395099377273
70 1.0603395099377273
71 1.0603395099377273
72 0.8147535601713678
73 0.8147535601713678
74 0.8147535601713678
75 0.8147535601713678
76 1.4188933296232604
77 1.4188933296232604
78 1.4188933296232604
79 1.4188933296232604
80 1.2485975302394814
81 1.2485975302394814
82 1.2485975302394814
83 1.2485975302394814
84 1.2807389239920761
85 1.2807389239920761
86 1.2807389239920761
87 1.2807389239920761
88 1.018011972281634
89 1.018011972281634
90 1.018011972281634
91 1.018011972281634
92 1.4332358340841393
93 1.4332358340841393
94 1.4332358340841393
95 1.4332358340841393
96 1.7508124336951312
97 1.7508124336951312
98 1.7508124336951312
99 1.7508124336951312
100 1.5134387316536508
101 1.5134387316536508
102 1.5134387316536508
103 1.5134387316536508
104 0.7647159016621048
105 0.7647159016621048
106 0.7647159016621048
107 0.7647159016621048
108 1.508198109668921
109 1.508198109668921
110 1.508198109668921
111 1.508198109668921
112 1.309679907777871
113 1.309679907777871
114 1.309679907777871
115 1.309679907777871
116 1.29942822767179
117 1.29942822767179
118 1.29942822767179
119 1.29942822767179
120 0.9999449957948602
121 0.9999449957948602
122 0.9999449957948602
123 0.9999449957948602
124 0.6345350232006779
125 0.6345350232006779
126 0.6345350232006779
127 0.6345350232006779
128 1.3728624378323429
129 1.3728624378323429
130 1.3728624378323429
131 1.3728624378323429
132 0.9873139653515064
133 0.9873139653515064
134 0.9873139653515064
135 0.9873139653515064
136 0.9250127327151756
137 0.9250127327151756
138 0.9250127327151756
139 0.9250127327151756
140 1.3461898984852767
141 1.3461898984852767
142 1.3461898984852767
143 1.3461898984852767
144 0.9502888001495823
145 0.9502888001495823
146 0.9502888001495823
147 0.9502888001495823
148 1.7762812489705735
149 1.7762812489705735
150 1.7762812489705735
151 1.7762812489705735
152 0.9421330101616833
153 0.9421330101616833
154 0.5772225110900859
155 0.5772225110900859
156 0.5772225110900859
157 0.5772225110900859
158 0.6929357295182874
159 0.6929357295182874
160 0.6929357295182874
161 0.6929357295182874
162 0.875410403142993
163 0.875410403142993
164 0.875410403142993
165 0.875410403142993
166 0.47067343562522224
167 0.47067343562522224
168 0.47067343562522224
169 0.47067343562522224
170 0.8274544799407318
171 0.8274544799407318
172 0.8274544799407318
173 0.8274544799407318
174 0.6743306705302008
175 0.6743306705302008
176 0.6743306705302008
177 0.6743306705302008
178 0.31139150511510133
179 0.31139150511510133
180 0.31139150511510133
181 0.31139150511510133
182 0.8191671439405055
183 0.8191671439405055
184 0.8191671439405055
185 0.8191671439405055
186 0.8235800364630266
187 0.8235800364630266
188 0.8235800364630266
189 0.8235800364630266
190 0.5664136248513519
191 0.5664136248513519
192 0.5664136248513519
193 1.269147370241936
194 1.269147370241936
195 1.269147370241936
196 1.269147370241936
197 1.1865949502700621
198 1.1865949502700621
199 1.1865949502700621
200 1.1865949502700621
201 1.008198334985636
202 1.008198334985636
203 1.008198334985636
204 1.008198334985636
205 1.1850938041509615
206 1.1850938041509615
207 1.1850938041509615
208 1.1850938041509615
209 1.112738541940197
210 1.112738541940197
211 0.6969523115894765
212 0.6969523115894765
213 0.6969523115894765
214 0.6969523115894765
215 0.5871825643627477
216 0.5871825643627477
217 0.5871825643627477
218 0.5871825643627477
219 1.8817537093820236
220 1.8817537093820236
221 1.8817537093820236
222 1.8817537093820236
223 1.952478377713275
224 1.952478377713275
225 1.952478377713275
226 1.952478377713275
227 2.721451195893782
228 2.721451195893782
229 2.721451195893782
230 2.721451195893782
231 2.9862718170287033
232 2.9862718170287033
233 2.9862718170287033
234 2.9862718170287033
235 2.236608439425339
236 2.236608439425339
237 2.236608439425339
238 2.236608439425339
239 2.2580083627408527
240 2.2580083627408527
241 2.2580083627408527
242 2.2580083627408527
243 3.3660745800350167
244 3.3660745800350167
245 3.3660745800350167
246 3.3660745800350167
247 2.793201310143666
248 2.793201310143666
249 2.793201310143666
250 2.793201310143666
251 2.7688977378590067
252 2.7688977378590067
253 2.7688977378590067
254 2.7688977378590067
255 3.3851885916694635
256 3.3851885916694635
257 3.3851885916694635
258 3.3851885916694635
259 2.2348839475806948
260 2.2348839475806948
261 2.2348839475806948
262 2.2348839475806948
263 3.172877140110318
264 3.172877140110318
265 3.172877140110318
266 3.172877140110318
267 1.9313452151580144
268 1.9313452151580144
269 1.9313452151580144
270 1.9313452151580144
271 3.1831856594095056
272 3.1831856594095056
273 3.1831856594095056
274 3.1831856594095056
275 2.276912238619769
276 2.276912238619769
277 2.276912238619769
278 2.276912238619769
279 2.5394972559294766
280 2.5394972559294766
281 2.5394972559294766
282 2.5394972559294766
283 2.039051570453587
284 2.039051570453587
285 2.039051570453587
286 2.039051570453587
287 1.9260728602543036
288 1.9260728602543036
289 1.9260728602543036
290 1.9260728602543036
291 3.100788615773692
292 3.100788615773692
293 3.100788615773692
294 3.100788615773692
295 2.2453520715130706
296 2.2453520715130706
297 2.2453520715130706
298 2.2453520715130706
299 2.874935038068948
300 2.874935038068948
301 2.874935038068948
302 2.874935038068948
303 3.0006496568523064
304 3.0006496568523064
305 3.0006496568523064
306 3.0006496568523064
307 2.268449272043851
308 2.268449272043851
309 2.268449272043851
310 2.268449272043851
311 3.0048690511108544
312 3.0048690511108544
313 3.0048690511108544
314 3.0048690511108544
315 1.9659329698693262
316 1.9659329698693262
317 1.9659329698693262
318 1.9659329698693262
319 2.399863353153146
320 2.399863353153146
321 2.399863353153146
322 2.399863353153146
323 2.4905721271940013
324 2.4905721271940013
325 2.4905721271940013
326 2.4905721271940013
327 3.645131019921772
328 3.645131019921772
329 3.645131019921772
330 3.645131019921772
331 3.121051916035282
332 3.121051916035282
333 3.121051916035282
334 3.121051916035282
335 2.681584981020126
336 2.681584981020126
337 2.681584981020126
338 2.681584981020126
339 1.780266037219183
340 1.780266037219183
341 1.780266037219183
342 1.780266037219183
343 3.7884311558504047
344 3.7884311558504047
345 3.7884311558504047
346 3.7884311558504047
347 2.9753298436398823
348 2.9753298436398823
349 2.9753298436398823
350 2.9753298436398823
351 3.6860591591525185
352 3.6860591591525185
353 3.6860591591525185
354 3.6860591591525185
355 3.276124700229426
356 3.276124700229426
357 3.276124700229426
358 3.276124700229426
359 2.6711951321401273
360 2.6711951321401273
361 2.6711951321401273
362 2.6711951321401273
363 2.37561831117917
364 2.37561831117917
365 2.37561831117917
366 2.37561831117917
367 2.85464705721945
368 2.85464705721945
369 2.85464705721945
370 2.85464705721945
371 2.916425935795165
372 2.916425935795165
373 2.916425935795165
374 2.916425935795165
375 3.921626262231795
376 3.921626262231795
377 3.921626262231795
378 3.921626262231795
379 2.3448765195522236
380 2.3448765195522236
381 2.3448765195522236
382 2.3448765195522236
383 3.5552186735478255
384 3.5552186735478255
385 3.5552186735478255
386 3.5552186735478255
387 2.6641640045808472
388 2.6641640045808472
389 2.6641640045808472
390 2.6641640045808472
391 3.5183468423668014
392 3.5183468423668014
393 3.5183468423668014
394 3.5183468423668014
395 2.951260471307024
396 2.951260471307024
397 2.951260471307024
398 2.951260471307024
399 2.8726337371215
400 2.8726337371215
401 2.8726337371215
402 0.8531109277532891
403 0.8531109277532891
404 0.8531109277532891
405 0.8531109277532891
406 1.0488085540519108
407 1.0488085540519108
408 1.0488085540519108
409 1.0488085540519108
410 0.7686124208424605
411 0.7686124208424605
412 0.7686124208424605
413 0.7686124208424605
414 1.6126736690342935
415 1.6126736690342935
416 1.6126736690342935
417 1.6126736690342935
418 0.9367034003266006
419 0.9367034003266006
420 0.9367034003266006
421 0.9367034003266006
422 1.489365200531091
423 1.489365200531091
424 1.489365200531091
425 1.489365200531091
426 1.1149819659144713
427 1.1149819659144713
428 1.1149819659144713
429 1.1149819659144713
430 0.9806707615117888
431 0.9806707615117888
432 0.9806707615117888
433 0.9806707615117888
434 1.3043983777112116
435 1.3043983777112116
436 1.3043983777112116
437 1.3043983777112116
438 0.7115923817690093
439 0.7115923817690093
440 0.7115923817690093
441 0.7115923817690093
442 1.225775685592418
443 1.225775685592418
444 1.225775685592418
445 1.225775685592418
446 1.3225876222862984
447 1.3225876222862984
448 1.3225876222862984
449 1.3225876222862984
450 1.3348224120784669
451 1.3348224120784669
452 1.3348224120784669
453 1.3348224120784669
454 1.3932336026572743
455 1.3932336026572743
456 1.3932336026572743
457 1.3932336026572743
458 1.281456022552603
459 1.281456022552603
460 1.281456022552603
461 1.281456022552603
462 1.6047028697038908
463 1.6047028697038908
464 1.6047028697038908
465 1.6047028697038908
466 0.8153995698753114
467 0.8153995698753114
468 0.8153995698753114
469 0.8153995698753114
470 0.6730198878345643
471 0.6730198878345643
472 0.6730198878345643
473 0.6730198878345643
474 1.0401419788619986
475 1.0401419788619986
476 1.0401419788619986
477 1.0401419788619986
478 0.9759056893525079
479 0.9759056893525079
480 0.9759056893525079
481 0.9759056893525079
482 0.8224565616366326
483 0.8224565616366326
484 0.8224565616366326
485 0.8224565616366326
486 0.8844512971418378
487 0.8844512971418378
488 0.8844512971418378
489 0.8844512971418378
490 0.9870717490695503
491 0.9870717490695503
492 0.9870717490695503
493 0.9870717490695503
494 1.1207685171266188
495 1.1207685171266188
496 1.1207685171266188
497 1.1207685171266188
498 0.9262803340812757
499 0.9262803340812757
500 0.9262803340812757
501 0.9262803340812757
502 1.0031941081010487
503 1.0031941081010487
504 1.0031941081010487
505 1.0031941081010487
506 1.558440746452118
507 1.558440746452118
508 0.695352976354363
509 0.695352976354363
510 0.695352976354363
511 0.695352976354363
512 0.8858419637027503
513 0.8858419637027503
514 0.8858419637027503
515 0.8858419637027503
516 0.7251246017660623
517 0.7251246017660623
518 0.7251246017660623
519 0.7251246017660623
520 0.6638106136583489
521 0.6638106136583489
522 0.6638106136583489
523 0.6638106136583489
524 0.8709114922098139
525 0.8709114922098139
526 0.8709114922098139
527 0.8709114922098139
528 0.9332704769646205
529 0.9332704769646205
530 0.9332704769646205
531 0.9332704769646205
532 0.5305587358336318
533 0.5305587358336318
534 0.5305587358336318
535 0.5305587358336318
536 1.9333419313642306
537 1.9333419313642306
538 1.9333419313642306
539 1.9333419313642306
540 2.247625200723928
541 2.247625200723928
542 2.247625200723928
543 2.247625200723928
544 2.702609029040813
545 2.702609029040813
546 2.702609029040813
547 2.702609029040813
548 3.4300357709160756
549 3.4300357709160756
550 3.4300357709160756
551 3.4300357709160756
552 2.561556993306605
553 2.561556993306605
554 2.561556993306605
555 2.561556993306605
556 3.4383538799839006
557 3.4383538799839006
558 3.4383538799839006
559 3.4383538799839006
560 3.2664831555704965
561 3.2664831555704965
562 3.2664831555704965
563 3.2664831555704965
564 2.529287519680411
565 2.529287519680411
566 2.529287519680411
567 2.529287519680411
568 2.2381620679786556
569 2.2381620679786556
570 2.2381620679786556
571 2.2381620679786556
572 3.253893902535331
573 3.253893902535331
574 3.253893902535331
575 3.253893902535331
576 3.0052747662054293
577 3.0052747662054293
578 3.0052747662054293
579 3.0052747662054293
580 2.718314804283955
581 2.718314804283955
582 2.718314804283955
583 2.718314804283955
584 3.0370780443535055
585 3.0370780443535055
586 3.0370780443535055
587 3.0370780443535055
588 2.5636347622691718
589 2.5636347622691718
590 2.5636347622691718
591 2.5636347622691718
592 2.738771320893333
593 2.738771320893333
594 2.738771320893333
595 2.738771320893333
596 2.8278588907451723
597 2.8278588907451723
598 2.8278588907451723
599 2.8278588907451723
600 1.6961016464892662
601 1.6961016464892662
602 1.6961016464892662
603 1.6961016464892662
604 2.7043510626889997
605 2.7043510626889997
606 2.7043510626889997
607 2.7043510626889997
608 3.370957106076949
609 3.370957106076949
610 3.370957106076949
611 3.370957106076949
612 2.3220974193065946
613 2.3220974193065946
614 2.3220974193065946
615 2.3220974193065946
616 2.1243550652878853
617 2.1243550652878853
618 2.1243550652878853
619 2.1243550652878853
620 2.1806395091651996
621 2.1806395091651996
622 2.1806395091651996
623 2.1806395091651996
624 2.9330778208659725
625 2.9330778208659725
626 2.9330778208659725
627 2.9330778208659725
628 2.1441741750112016
629 2.1441741750112016
630 2.1441741750112016
631 2.1441741750112016
632 2.9773868018097875
633 2.9773868018097875
634 2.9773868018097875
635 2.9773868018097875
636 2.5479803026021597
637 2.5479803026021597
638 2.5479803026021597
639 2.5479803026021597
640 2.877573281997693
641 2.877573281997693
642 2.877573281997693
643 2.877573281997693
644 2.713359399287413
645 2.713359399287413
646 2.713359399287413
647 2.713359399287413
648 1.8604561392742633
649 0.9201089432323081
650 0.9201089432323081
651 0.9201089432323081
652 0.9201089432323081
653 1.0719784785968574
654 1.0719784785968574
655 1.0719784785968574
656 1.0719784785968574
657 0.974717038915792
658 0.974717038915792
659 0.974717038915792
660 0.974717038915792
661 0.8014472741522359
662 0.8014472741522359
663 0.8014472741522359
664 0.8014472741522359
665 1.2186363650721854
666 1.2186363650721854
667 1.2186363650721854
668 1.2186363650721854
669 1.0522848993035778
670 1.0522848993035778
671 1.0522848993035778
672 1.0522848993035778
673 1.4837602157720389
674 1.4837602157720389
675 1.4837602157720389
676 1.4837602157720389
677 1.0316020481190402
678 1.0316020481190402
679 1.0316020481190402
680 1.0316020481190402
681 0.8347377771659471
682 0.8347377771659471
683 0.8347377771659471
684 0.8347377771659471
685 0.9871304498200216
686 0.9871304498200216
687 0.9871304498200216
688 0.9871304498200216
689 1.0733849130537654
690 1.0733849130537654
691 1.0733849130537654
692 1.0733849130537654
693 1.3427001711442967
694 1.3427001711442967
695 1.3427001711442967
696 1.3427001711442967
697 1.159495117078744
698 1.159495117078744
699 1.159495117078744
700 1.159495117078744
701 1.2368908519144346
702 1.2368908519144346
703 1.2368908519144346
704 1.2368908519144346
705 1.1012769207816067
706 1.1012769207816067
707 1.1012769207816067
708 1.1012769207816067
709 0.8907433540902531
710 0.8907433540902531
711 0.8907433540902531
712 0.8907433540902531
713 1.005416184638299
714 1.005416184638299
715 1.005416184638299
716 1.005416184638299
717 0.6812958931582911
718 0.6812958931582911
719 0.6812958931582911
720 0.6812958931582911
721 0.969708844626968
722 0.969708844626968
723 0.969708844626968
724 0.969708844626968
725 0.8992963056567994
726 0.8992963056567994
727 0.8992963056567994
728 0.8992963056567994
729 0.928390853655059
730 0.928390853655059
731 0.928390853655059
732 0.928390853655059
733 0.88077925618656
734 0.88077925618656
735 0.88077925618656
736 0.88077925618656
737 1.1197614340446238
738 1.1197614340446238
739 1.1197614340446238
740 1.1197614340446238
741 0.8067108233563557
742 2.096544300725758
743 2.096544300725758
744 2.096544300725758
745 2.096544300725758
746 2.5423904554420655
747 2.5423904554420655
748 2.5423904554420655
749 2.5423904554420655
750 2.513756609114538
751 2.513756609114538
752 2.513756609114538
753 2.513756609114538
754 2.995047748266872
755 2.995047748266872
756 2.995047748266872
757 2.995047748266872
758 2.253082177000453
759 2.253082177000453
760 2.253082177000453
761 2.253082177000453
762 3.0439506001665744
763 3.0439506001665744
764 3.0439506001665744
765 3.0439506001665744
766 2.564979906545709
767 2.564979906545709
768 2.564979906545709
769 2.564979906545709
770 2.9799123796278773
771 2.9799123796278773
772 2.9799123796278773
773 2.9799123796278773
774 1.6922887701304044
775 1.6922887701304044
776 1.6922887701304044
777 1.6922887701304044
778 3.713468780385094
779 3.713468780385094
780 3.713468780385094
781 3.713468780385094
782 2.4852545806294657
783 2.4852545806294657
784 2.4852545806294657
785 2.4852545806294657
786 2.9931354319473025
787 2.9931354319473025
788 2.9931354319473025
789 2.9931354319473025
790 3.80269885082243
791 3.80269885082243
792 3.80269885082243
793 3.80269885082243
794 1.6797263270543483
795 1.6797263270543483
796 1.6797263270543483
797 1.6797263270543483
798 1.7533886977968416
799 1.7533886977968416
800 1.7533886977968416
801 1.7533886977968416
802 2.7414736499881247
803 2.7414736499881247
804 2.7414736499881247
805 2.7414736499881247
806 3.300798238341158
807 3.300798238341158
808 3.300798238341158
809 3.300798238341158
810 3.5808394304001334
811 3.5808394304001334
812 3.5808394304001334
813 3.5808394304001334
814 2.8269502889285394
815 2.8269502889285394
816 2.8269502889285394
817 2.8269502889285394
818 2.7620096997875985
819 2.7620096997875985
820 2.7620096997875985
821 2.7620096997875985
822 2.238193995165196
823 2.238193995165196
824 2.238193995165196
825 2.238193995165196
826 1.6936222671684187
827 1.6936222671684187
828 1.6936222671684187
829 1.6936222671684187
830 1.8656083035574866
831 1.8656083035574866
832 1.8656083035574866
833 1.8656083035574866
834 4.026575960684888
835 4.026575960684888
836 4.026575960684888
837 4.026575960684888
838 1.9956500038232199
839 1.9956500038232199
840 1.9956500038232199
841 1.9956500038232199
842 3.6126955658116753
843 3.6126955658116753
844 3.6126955658116753
845 3.6126955658116753
846 3.6251506093434283
847 3.6251506093434283
848 3.6251506093434283
849 3.6251506093434283
850 3.3213758725892406
851 3.3213758725892406
852 3.3213758725892406
853 3.3213758725892406
854 2.502086629488709
855 2.502086629488709
856 2.502086629488709
857 2.502086629488709
858 2.773520684719924
859 2.773520684719924
860 2.773520684719924
861 2.773520684719924
862 2.748735123048934
863 2.748735123048934
864 2.748735123048934
865 2.748735123048934
866 3.3866318175608248
867 3.3866318175608248
868 3.3866318175608248
869 3.3866318175608248
870 3.464871599072138
871 3.464871599072138
872 3.464871599072138
873 3.464871599072138
874 3.0626156070393993
875 3.0626156070393993
876 3.0626156070393993
877 3.0626156070393993
878 3.0185885029704775
879 3.0185885029704775
880 3.0185885029704775
881 3.0185885029704775
882 3.773392153703558
883 3.773392153703558
884 3.773392153703558
885 3.773392153703558
886 1.8087401423663083
887 1.8087401423663083
888 1.8087401423663083
889 1.8087401423663083
890 4.471512635953646
891 4.471512635953646
892 4.471512635953646
893 4.471512635953646
894 3.6293559442666634
895 3.6293559442666634
896 3.6293559442666634
897 3.6293559442666634
898 2.7057702835859994
899 2.7057702835859994
900 2.7057702835859994
901 2.7057702835859994
902 3.584630354398347
903 3.584630354398347
904 3.584630354398347
905 3.584630354398347
906 3.2809223153751583
907 3.2809223153751583
908 3.2809223153751583
909 3.2809223153751583
910 5.069168241098711
911 5.069168241098711
912 5.069168241098711
913 5.069168241098711
914 3.4283355289462305
915 3.4283355289462305
916 3.4283355289462305
917 3.4283355289462305
918 3.5975172220532468
919 3.5975172220532468
920 3.5975172220532468
921 3.5975172220532468
922 3.7431860399312837
923 3.7431860399312837
924 3.7431860399312837
925 3.7431860399312837
926 2.878894340925314
927 2.878894340925314
928 2.878894340925314
929 2.878894340925314
930 4.425902337403762
931 4.425902337403762
932 4.425902337403762
933 4.425902337403762
934 3.8052586154802954
935 3.8052586154802954
936 3.8052586154802954
937 3.8052586154802954
938 2.763506072470685
939 2.763506072470685
940 2.763506072470685
941 2.763506072470685
942 2.68472640910155
943 2.68472640910155
944 2.68472640910155
945 2.68472640910155
946 3.0748357130016157
947 3.0748357130016157
948 3.0748357130016157
949 3.0748357130016157
950 2.735108784565209
951 2.735108784565209
952 2.735108784565209
953 2.735108784565209
954 3.1556295900854856
955 3.1556295900854856
956 3.1556295900854856
957 3.1556295900854856
958 3.1006550254342513
959 3.1006550254342513
960 3.1006550254342513
961 3.1006550254342513
962 2.602513251590442
963 2.602513251590442
964 2.602513251590442
965 2.602513251590442
966 3.678395687868815
967 3.678395687868815
968 3.678395687868815
969 3.678395687868815
970 4.455094810927963
971 4.455094810927963
972 4.455094810927963
973 4.455094810927963
974 4.2203528390138185
975 4.2203528390138185
976 4.2203528390138185
977 4.2203528390138185
978 2.475277402111158
979 2.475277402111158
980 2.475277402111158
981 2.475277402111158
982 2.9857251224544283
983 2.9857251224544283
984 2.9857251224544283
985 2.9857251224544283
986 2.7523425122368192
987 2.7523425122368192
988 2.7523425122368192
989 2.7523425122368192
990 3.0119869443942
991 3.0119869443942
992 3.0119869443942
993 3.0119869443942
994 2.438315710853801
995 2.438315710853801
996 2.438315710853801
997 2.438315710853801
998 3.080768344517784
999 3.080768344517784
1000 3.080768344517784
1001 3.080768344517784
1002 3.1184596111529728
1003 3.1184596111529728
1004 3.1184596111529728
1005 3.1184596111529728
1006 2.171885966286958
1007 2.171885966286958
1008 2.171885966286958
1009 2.171885966286958
1010 3.453283541487745
1011 3.453283541487745
1012 3.453283541487745
1013 3.453283541487745
1014 3.5482166323160365
1015 3.5482166323160365
1016 3.5482166323160365
1017 3.5482166323160365
1018 2.482710300300161
1019 2.482710300300161
1020 2.482710300300161
1021 2.482710300300161
1022 3.494629499422254
1023 3.494629499422254
1024 3.494629499422254
1025 3.494629499422254
1026 4.677221785845699
1027 4.677221785845699
1028 4.677221785845699
1029 4.677221785845699
1030 2.8031892378489736
1031 2.8031892378489736
1032 2.8031892378489736
1033 2.8031892378489736
1034 2.779482985638155
1035 2.779482985638155
1036 2.779482985638155
1037 2.779482985638155
1038 2.0731886588502655
1039 2.0731886588502655
1040 2.0731886588502655
1041 2.0731886588502655
1042 4.099048371876899
1043 4.099048371876899
1044 4.099048371876899
1045 4.099048371876899
1046 3.6540909353658635
1047 3.6540909353658635
1048 3.6540909353658635
1049 3.6540909353658635
1050 3.041405624168671
1051 3.041405624168671
1052 3.041405624168671
1053 3.041405624168671
1054 2.1508135447864984
1055 2.1508135447864984
1056 2.1508135447864984
1057 2.1508135447864984
1058 2.505768256907478
1059 2.505768256907478
1060 2.505768256907478
1061 2.505768256907478
1062 2.8733789758891373
1063 2.8733789758891373
1064 2.8733789758891373
1065 2.8733789758891373
1066 3.2225316683578895
1067 3.2225316683578895
1068 3.2225316683578895
1069 3.2225316683578895
1070 2.715314026437313
1071 2.715314026437313
1072 2.715314026437313
1073 2.715314026437313
1074 3.2963365488588336
1075 3.2963365488588336
1076 3.2963365488588336
1077 3.2963365488588336
1078 4.447300649741098
1079 4.447300649741098
1080 4.447300649741098
1081 4.447300649741098
1082 2.4331370933578027
1083 2.4331370933578027
1084 2.4331370933578027
1085 2.4331370933578027
1086 2.875984325528157
1087 2.875984325528157
1088 2.875984325528157
1089 2.875984325528157
1090 2.644134443646274
1091 2.644134443646274
1092 2.644134443646274
1093 2.644134443646274
1094 2.9358856285551442
1095 2.9358856285551442
1096 2.012853199307255
1097 2.012853199307255
1098 2.012853199307255
1099 2.012853199307255
1100 1.4917191797076363
1101 1.4917191797076363
1102 1.4917191797076363
1103 1.4917191797076363
1104 2.2362015058886278
1105 2.2362015058886278
1106 2.2362015058886278
1107 2.2362015058886278
1108 1.901393104699352
1109 1.901393104699352
1110 1.901393104699352
1111 1.901393104699352
1112 1.691612407524332
1113 1.691612407524332
1114 1.691612407524332
1115 1.691612407524332
1116 2.5413654542253
1117 2.5413654542253
1118 2.5413654542253
1119 2.5413654542253
1120 2.528356960107549
1121 2.528356960107549
1122 2.528356960107549
1123 2.528356960107549
1124 2.0241805929442545
1125 2.0241805929442545
1126 2.0241805929442545
1127 2.0241805929442545
1128 2.4363197751461634
1129 2.4363197751461634
1130 2.4363197751461634
1131 2.4363197751461634
1132 1.8943181797059843
1133 1.8943181797059843
1134 1.8943181797059843
1135 1.8943181797059843
1136 2.0199333984568244
1137 2.0199333984568244
1138 2.0199333984568244
1139 2.0199333984568244
1140 2.5796084209225096
1141 2.5796084209225096
1142 2.5796084209225096
1143 2.5796084209225096
1144 2.460042899759279
1145 2.460042899759279
1146 2.460042899759279
1147 2.460042899759279
1148 1.773370408590272
1149 1.773370408590272
1150 1.773370408590272
1151 1.773370408590272
1152 2.483614065863893
1153 2.483614065863893
1154 2.483614065863893
1155 2.483614065863893
1156 1.8360756518459145
1157 1.8360756518459145
1158 1.8360756518459145
1159 1.8360756518459145
1160 1.9995770353954443
1161 1.9995770353954443
1162 1.9995770353954443
1163 1.9995770353954443
1164 1.952112364462266
1165 1.952112364462266
1166 1.952112364462266
1167 1.952112364462266
1168 1.448896313120243
1169 1.448896313120243
1170 1.448896313120243
1171 1.448896313120243
1172 2.7124258571252273
1173 2.7124258571252273
1174 2.7124258571252273
1175 2.7124258571252273
1176 2.1881945743691853
1177 2.1881945743691853
1178 2.1881945743691853
1179 2.1881945743691853
1180 2.6475700256046104
1181 2.6475700256046104
1182 2.6475700256046104
1183 2.6475700256046104
1184 2.4188156958388283
1185 2.4188156958388283
1186 2.4188156958388283
1187 2.4188156958388283
1188 2.327707831755525
1189 2.327707831755525
1190 2.327707831755525
1191 2.327707831755525
1192 2.6174845656437284
1193 2.6174845656437284
1194 2.6174845656437284
1195 2.6174845656437284
1196 1.7817359170379534
1197 1.7817359170379534
1198 1.7817359170379534
1199 1.7817359170379534
1200 1.6257251210848136
1201 4.366310830797055
1202 4.366310830797055
1203 4.366310830797055
1204 4.366310830797055
1205 4.446757179505612
1206 4.446757179505612
1207 4.446757179505612
1208 4.446757179505612
1209 3.831637036237447
1210 3.831637036237447
1211 3.831637036237447
1212 3.831637036237447
1213 3.1926422721118026
1214 3.1926422721118026
1215 3.1926422721118026
1216 3.1926422721118026
1217 5.40598392891205
1218 5.40598392891205
1219 5.40598392891205
1220 5.40598392891205
1221 4.525149140277074
1222 4.525149140277074
1223 4.525149140277074
1224 4.525149140277074
1225 3.632905330686318
1226 3.632905330686318
1227 3.632905330686318
1228 3.632905330686318
1229 4.029825675759723
1230 4.029825675759723
1231 1.537596627647209
1232 1.537596627647209
1233 1.537596627647209
1234 1.537596627647209
1235 1.522422719141968
1236 1.522422719141968
1237 1.522422719141968
1238 1.522422719141968
1239 1.4353920712728272
1240 1.4353920712728272
1241 1.4353920712728272
1242 1.4353920712728272
1243 1.423405175102948
1244 1.423405175102948
1245 1.423405175102948
1246 1.423405175102948
1247 1.7168407302313777
1248 1.7168407302313777
1249 1.7168407302313777
1250 1.7168407302313777
1251 1.1073923382333906
1252 1.1073923382333906
1253 3.510198034501967
1254 3.510198034501967
1255 3.510198034501967
1256 3.510198034501967
1257 6.218038573559801
1258 6.218038573559801
1259 6.218038573559801
1260 6.218038573559801
1261 4.716191210816617
1262 4.716191210816617
1263 4.716191210816617
1264 4.716191210816617
1265 3.3738924796257272
1266 3.3738924796257272
1267 3.3738924796257272
1268 3.3738924796257272
1269 4.087897511915331
1270 4.087897511915331
1271 4.087897511915331
1272 4.087897511915331
1273 4.70364994403753
1274 4.70364994403753
1275 4.70364994403753
1276 4.70364994403753
1277 4.323693632345459
1278 4.323693632345459
1279 4.323693632345459
1280 4.323693632345459
1281 4.737657886501077
1282 4.737657886501077
1283 4.737657886501077
1284 4.737657886501077
1285 4.031234346644157
1286 4.031234346644157
1287 4.031234346644157
1288 4.031234346644157
1289 2.311777365324345
1290 2.311777365324345
1291 2.311777365324345
1292 2.311777365324345
1293 3.2702048686934257
1294 3.2702048686934257
1295 3.2702048686934257
1296 3.2702048686934257
1297 5.06719922206502
1298 5.06719922206502
1299 5.06719922206502
1300 5.06719922206502
1301 4.7675815534809125
1302 4.7675815534809125
1303 4.7675815534809125
1304 4.7675815534809125
1305 6.0840824506571725
1306 6.0840824506571725
1307 6.0840824506571725
1308 6.0840824506571725
1309 4.426590224426897
1310 4.426590224426897
1311 4.426590224426897
1312 4.426590224426897
1313 5.729553101535256
1314 5.729553101535256
1315 5.729553101535256
1316 5.729553101535256
1317 4.493213453501498
1318 4.493213453501498
1319 4.493213453501498
1320 4.493213453501498
1321 3.4031511244984305
1322 3.4031511244984305
1323 3.4031511244984305
1324 3.4031511244984305
1325 2.860909480969713
1326 2.860909480969713
1327 2.860909480969713
1328 2.860909480969713
1329 2.5744934318425616
1330 2.5744934318425616
1331 2.5744934318425616
1332 2.5744934318425616
1333 2.817610023021918
1334 2.817610023021918
1335 2.817610023021918
1336 2.817610023021918
1337 3.2031900641602973
1338 3.2031900641602973
1339 3.2031900641602973
1340 3.2031900641602973
1341 3.035848786794959
1342 3.035848786794959
1343 3.035848786794959
1344 3.035848786794959
1345 1.546571420926346
1346 1.546571420926346
1347 1.546571420926346
1348 1.546571420926346
1349 1.4838352281456542
1350 1.4838352281456542
1351 1.4838352281456542
1352 1.4838352281456542
1353 3.3594923196874116
1354 3.3594923196874116
1355 3.3594923196874116
1356 3.3594923196874116
1357 2.5460584117115377
1358 2.5460584117115377
1359 2.5460584117115377
1360 2.5460584117115377
1361 3.1058102527824314
1362 3.1058102527824314
1363 3.1058102527824314
1364 3.1058102527824314
1365 3.7812223072593314
1366 3.7812223072593314
1367 3.7812223072593314
1368 3.7812223072593314
1369 2.7892273158566034
1370 2.7892273158566034
1371 2.7892273158566034
1372 2.7892273158566034
1373 2.558204446037498
1374 2.558204446037498
1375 2.558204446037498
1376 2.558204446037498
1377 2.922111473446791
1378 2.922111473446791
1379 2.922111473446791
1380 2.922111473446791
1381 2.0547649594091437
1382 2.0547649594091437
1383 2.0547649594091437
1384 2.0547649594091437
1385 2.147220150321622
1386 2.147220150321622
1387 2.147220150321622
1388 2.147220150321622
1389 2.99091041212992
1390 2.99091041212992
1391 2.99091041212992
1392 2.99091041212992
1393 2.335289253493341
1394 2.335289253493341
1395 2.335289253493341
1396 2.335289253493341
1397 2.5970049386882756
1398 2.5970049386882756
1399 2.5970049386882756
1400 2.5970049386882756
1401 1.9450756711256825
1402 1.9450756711256825
1403 1.9450756711256825
1404 1.9450756711256825
1405 2.8916170668116123
1406 2.8916170668116123
1407 2.8916170668116123
1408 2.8916170668116123
1409 1.8735875028949813
1410 1.8735875028949813
1411 1.8735875028949813
1412 1.8735875028949813
1413 2.39140995365309
1414 2.39140995365309
1415 2.39140995365309
1416 2.39140995365309
1417 2.6423987818700434
1418 2.6423987818700434
1419 2.6423987818700434
1420 2.6423987818700434
1421 2.767696936597157
1422 2.767696936597157
1423 2.767696936597157
1424 2.767696936597157
1425 2.6379024203649495
1426 2.6379024203649495
1427 2.6379024203649495
1428 2.6379024203649495
1429 2.5255079551575768
1430 2.5255079551575768
1431 2.5255079551575768
1432 2.5255079551575768
1433 1.8173757842979248
1434 1.8173757842979248
1435 1.8173757842979248
1436 1.8173757842979248
1437 1.0581777345977863
1438 1.0581777345977863
1439 1.0581777345977863
1440 1.0581777345977863
1441 1.9938401154035557
1442 1.9938401154035557
1443 1.9938401154035557
1444 1.9938401154035557
1445 1.160454794258798
1446 1.160454794258798
1447 1.160454794258798
1448 1.160454794258798
1449 1.3820078378227183
1450 1.3820078378227183
1451 1.3820078378227183
1452 1.3820078378227183
1453 1.3407213055937848
1454 1.3407213055937848
1455 1.3407213055937848
1456 1.3407213055937848
1457 1.74420812029572
1458 1.74420812029572
1459 0.7867673630365849
1460 0.7867673630365849
1461 0.7867673630365849
1462 0.7867673630365849
1463 1.2435668485452738
1464 1.2435668485452738
1465 1.2435668485452738
1466 1.2435668485452738
1467 0.5283165728805319
1468 0.5283165728805319
1469 0.5283165728805319
1470 0.5283165728805319
1471 1.4228887537739905
1472 1.4228887537739905
1473 1.4228887537739905
1474 1.4228887537739905
1475 1.308836542413978
1476 1.308836542413978
1477 1.308836542413978
1478 1.308836542413978
1479 0.7412648619529483
1480 0.7412648619529483
1481 0.7412648619529483
1482 0.7412648619529483
1483 1.0191214736448169
1484 1.0191214736448169
1485 1.0191214736448169
1486 1.0191214736448169
1487 1.107184921120925
1488 1.107184921120925
1489 1.107184921120925
1490 1.107184921120925
1491 1.0539449478257348
1492 1.0539449478257348
1493 1.0539449478257348
1494 1.0539449478257348
1495 0.7867226048429048
1496 0.7867226048429048
1497 0.7867226048429048
1498 0.7867226048429048
1499 0.6308403234184914
1500 0.6308403234184914
1501 0.6308403234184914
1502 0.6308403234184914
1503 1.251358506167444
1504 1.251358506167444
1505 1.251358506167444
1506 1.251358506167444
1507 1.174139595803747
1508 1.174139595803747
1509 1.174139595803747
1510 1.174139595803747
1511 1.016789794161291
1512 1.016789794161291
1513 1.016789794161291
1514 1.016789794161291
1515 1.1955966206807669
1516 1.1955966206807669
1517 1.1955966206807669
1518 1.1955966206807669
1519 1.1882022853419962
1520 1.1882022853419962
1521 1.1882022853419962
1522 1.1882022853419962
1523 1.1802070859474818
1524 1.1802070859474818
1525 1.1802070859474818
1526 1.1802070859474818
1527 1.30067859414387
1528 1.30067859414387
1529 1.30067859414387
1530 1.30067859414387
1531 1.367181043003345
1532 1.367181043003345
1533 1.367181043003345
1534 1.367181043003345
1535 0.6804198883126156
1536 0.6804198883126156
1537 0.6804198883126156
1538 0.6804198883126156
1539 0.8980273833683028
1540 0.8980273833683028
1541 0.8980273833683028
1542 0.8980273833683028
1543 0.8317909501736966
1544 0.8317909501736966
1545 0.8317909501736966
1546 0.8317909501736966
1547 0.7876464226306046
1548 0.7876464226306046
1549 0.7876464226306046
1550 0.7876464226306046
1551 1.1660140479001215
1552 1.1660140479001215
1553 1.1660140479001215
1554 1.1660140479001215
1555 1.3104169354151234
1556 1.3104169354151234
1557 1.3104169354151234
1558 1.3104169354151234
1559 1.1511562729272697
1560 1.1511562729272697
1561 1.1511562729272697
1562 1.1511562729272697
1563 1.1238844344674142
1564 1.1238844344674142
1565 1.1238844344674142
1566 1.1238844344674142
1567 2.389291638104513
1568 2.389291638104513
1569 2.389291638104513
1570 2.389291638104513
1571 1.8023585459467555
1572 1.8023585459467555
1573 1.8023585459467555
1574 1.8023585459467555
1575 3.0310865171782013
1576 3.0310865171782013
1577 3.0310865171782013
1578 3.0310865171782013
1579 3.2444619063381728
1580 3.2444619063381728
1581 3.2444619063381728
1582 3.2444619063381728
1583 3.328832735492571
1584 3.328832735492571
1585 3.328832735492571
1586 3.328832735492571
1587 3.712066398278637
1588 3.712066398278637
1589 3.712066398278637
1590 3.712066398278637
1591 3.4082332475211814
1592 3.4082332475211814
1593 3.4082332475211814
1594 3.4082332475211814
1595 2.437177339940743
1596 2.437177339940743
1597 2.437177339940743
1598 2.437177339940743
1599 1.395352990609322
1600 1.395352990609322
1601 3.95992282081609
1602 3.95992282081609
1603 3.95992282081609
1604 3.95992282081609
1605 4.2294099782432015
1606 4.2294099782432015
1607 4.2294099782432015
1608 4.2294099782432015
1609 2.5542443289696317
1610 2.5542443289696317
1611 2.5542443289696317
1612 2.5542443289696317
1613 4.467281787251743
1614 4.467281787251743
1615 4.467281787251743
1616 4.467281787251743
1617 2.772577759701681
1618 2.772577759701681
1619 2.772577759701681
1620 2.772577759701681
1621 4.380464632534665
1622 4.380464632534665
1623 4.380464632534665
1624 4.380464632534665
1625 3.024721849318754
1626 3.024721849318754
1627 3.024721849318754
1628 2.8126035747155695
1629 2.8126035747155695
1630 2.8126035747155695
1631 2.8126035747155695
1632 3.848101202128632
1633 3.848101202128632
1634 3.848101202128632
1635 3.848101202128632
1636 4.509163076474533
1637 4.509163076474533
1638 4.509163076474533
1639 4.509163076474533
1640 4.543477449168875
1641 4.543477449168875
1642 4.543477449168875
1643 4.543477449168875
1644 1.5147256956736261
1645 1.5147256956736261
1646 1.5147256956736261
1647 1.5147256956736261
1648 2.464072713087438
1649 2.464072713087438
1650 2.464072713087438
1651 2.464072713087438
1652 1.7069866272669807
1653 1.7069866272669807
1654 1.7069866272669807
1655 1.7069866272669807
1656 2.6986744873070005
1657 2.6986744873070005
1658 2.6986744873070005
1659 2.6986744873070005
1660 3.3849268923946068
1661 3.3849268923946068
1662 3.3849268923946068
1663 1.1691274679668726
1664 1.1691274679668726
1665 1.1691274679668726
1666 1.1691274679668726
1667 1.2280348175914386
1668 1.2280348175914386
1669 1.2280348175914386
1670 1.2280348175914386
1671 1.8523690250055913
1672 1.8523690250055913
1673 1.8523690250055913
1674 1.8523690250055913
1675 1.0102399202373082
1676 1.0102399202373082
1677 1.0102399202373082
1678 1.0102399202373082
1679 1.0410619855712941
1680 1.0410619855712941
1681 1.0410619855712941
1682 1.0410619855712941
1683 0.5861225775241333
1684 0.5861225775241333
1685 0.5861225775241333
1686 0.5861225775241333
1687 1.6311418513347067
1688 1.6311418513347067
1689 1.6311418513347067
1690 1.6311418513347067
1691 1.1713091239848283
1692 1.1713091239848283
1693 1.1713091239848283
1694 1.1713091239848283
1695 1.0587710416623013
1696 1.0587710416623013
1697 1.0587710416623013
1698 1.0587710416623013
1699 1.0255556912443289
1700 1.0255556912443289
1701 1.0255556912443289
1702 1.0255556912443289
1703 0.9075323456500524
1704 0.9075323456500524
1705 0.9075323456500524
1706 0.9075323456500524
1707 1.4028809327029115
1708 1.4028809327029115
1709 1.4028809327029115
1710 2.364827998583132
1711 2.364827998583132
1712 2.364827998583132
1713 2.364827998583132
1714 2.2239655858196006
1715 2.2239655858196006
1716 2.2239655858196006
1717 2.2239655858196006
1718 4.073850998477447
1719 4.073850998477447
1720 4.073850998477447
1721 4.073850998477447
1722 2.2235660419316123
1723 2.2235660419316123
1724 2.2235660419316123
1725 2.2235660419316123
1726 3.6668977799440534
1727 3.6668977799440534
1728 3.6668977799440534
1729 3.6668977799440534
1730 3.896532710059944
1731 3.896532710059944
1732 3.896532710059944
1733 3.896532710059944
1734 4.09097538734091
1735 4.09097538734091
1736 4.09097538734091
1737 4.09097538734091
1738 4.259283135476835
1739 4.259283135476835
1740 4.259283135476835
1741 4.259283135476835
1742 4.79133909896893
1743 4.79133909896893
1744 4.79133909896893
1745 4.79133909896893
1746 3.85824566781889
1747 3.85824566781889
1748 3.85824566781889
1749 3.85824566781889
1750 3.4345028396871666
1751 3.4345028396871666
1752 3.4345028396871666
1753 3.4345028396871666
1754 1.2971410943639405
1755 1.2971410943639405
1756 1.2971410943639405
1757 1.2971410943639405
1758 1.418290168989354
1759 1.418290168989354
1760 1.418290168989354
1761 1.418290168989354
1762 0.9600221667847855
1763 0.9600221667847855
1764 0.9600221667847855
1765 0.9600221667847855
1766 0.7019462212899528
1767 0.7019462212899528
1768 0.7019462212899528
1769 0.7019462212899528
1770 1.1431875296290335
1771 1.1431875296290335
1772 1.1431875296290335
1773 1.1431875296290335
1774 1.37514531828053
1775 1.37514531828053
1776 2.185502995430399
1777 2.185502995430399
1778 2.185502995430399
1779 2.185502995430399
1780 2.9714017791084673
1781 2.9714017791084673
1782 2.9714017791084673
1783 2.9714017791084673
1784 0.99302874224687
1785 0.99302874224687
1786 0.99302874224687
1787 0.99302874224687
1788 1.9746763581369216
1789 1.9746763581369216
1790 1.9746763581369216
1791 1.9746763581369216
1792 2.930429230770284
1793 2.930429230770284
1794 2.930429230770284
1795 2.930429230770284
1796 2.563055054970494
1797 2.563055054970494
1798 2.563055054970494
1799 2.563055054970494
1800 2.7576725919666423
1801 2.7576725919666423
1802 2.7576725919666423
1803 2.7576725919666423
1804 3.125069051424576
1805 3.125069051424576
1806 3.125069051424576
1807 3.125069051424576
1808 2.5139201242112823
1809 2.5139201242112823
1810 2.5139201242112823
1811 2.5139201242112823
1812 2.5654862102187055
1813 2.5654862102187055
1814 2.5654862102187055
1815 2.5654862102187055
1816 2.145228886634278
1817 2.145228886634278
1818 2.145228886634278
1819 2.145228886634278
1820 2.164906219283164
1821 2.164906219283164
1822 2.164906219283164
1823 2.164906219283164
1824 2.126634742234503
1825 2.126634742234503
1826 2.911831152852719
1827 2.911831152852719
1828 2.911831152852719
1829 2.911831152852719
1830 4.765322931112301
1831 4.765322931112301
1832 4.765322931112301
1833 4.765322931112301
1834 4.9046508568864775
1835 4.9046508568864775
1836 4.9046508568864775
1837 4.9046508568864775
1838 5.108903638588966
1839 5.108903638588966
1840 5.108903638588966
1841 5.108903638588966
1842 4.804457255359427
1843 4.804457255359427
1844 4.804457255359427
1845 4.804457255359427
1846 6.2015898843895245
1847 6.2015898843895245
1848 6.2015898843895245
1849 6.2015898843895245
1850 4.599591886565952
1851 4.599591886565952
1852 4.599591886565952
1853 4.599591886565952
1854 4.5708819704441
1855 4.5708819704441
1856 4.5708819704441
1857 4.5708819704441
1858 3.4278461790983035
1859 3.4278461790983035
1860 3.4278461790983035
1861 3.4278461790983035
1862 4.661356630079408
1863 4.661356630079408
1864 4.661356630079408
1865 4.661356630079408
1866 2.441234193727269
1867 2.441234193727269
1868 2.441234193727269
1869 2.441234193727269
1870 3.5338626116551985
1871 3.5338626116551985
1872 3.5338626116551985
1873 3.5338626116551985
1874 4.803302243110774
1875 4.803302243110774
1876 4.803302243110774
1877 4.803302243110774
1878 4.792980186011329
1879 4.792980186011329
1880 4.792980186011329
1881 4.792980186011329
1882 4.77497719971758
1883 4.77497719971758
1884 4.77497719971758
1885 4.77497719971758
1886 3.0200929790405118
1887 3.0200929790405118
1888 3.0200929790405118
1889 3.0200929790405118
1890 4.641159947798805
1891 4.641159947798805
1892 4.641159947798805
1893 4.641159947798805
1894 4.509788826097903
1895 4.509788826097903
1896 4.509788826097903
1897 4.509788826097903
1898 4.595111236671633
1899 4.595111236671633
1900 4.595111236671633
1901 4.595111236671633
1902 4.531276009485313
1903 4.531276009485313
1904 4.531276009485313
1905 4.531276009485313
1906 5.122871296475119
1907 5.122871296475119
1908 5.122871296475119
1909 5.122871296475119
1910 4.539033125181172
1911 4.539033125181172
1912 4.539033125181172
1913 4.539033125181172
1914 3.7628020986631943
1915 3.7628020986631943
1916 3.7628020986631943
1917 3.7628020986631943
1918 3.786896777168299
1919 3.786896777168299
1920 3.786896777168299
1921 3.786896777168299
1922 3.2940456062433405
1923 3.2940456062433405
1924 3.2940456062433405
1925 3.2940456062433405
1926 3.260189973353552
1927 3.260189973353552
1928 3.260189973353552
1929 3.260189973353552
1930 4.146674330046503
1931 4.146674330046503
1932 4.146674330046503
1933 4.146674330046503
1934 3.2804163901374883
1935 3.2804163901374883
1936 3.2804163901374883
1937 3.2804163901374883
1938 4.365561415559867
1939 4.365561415559867
1940 4.365561415559867
1941 4.365561415559867
1942 5.070100468083574
1943 5.070100468083574
1944 5.070100468083574
1945 5.070100468083574
1946 4.292429073545573
1947 4.292429073545573
1948 4.292429073545573
1949 4.292429073545573
1950 4.721291952005531
1951 4.721291952005531
1952 4.721291952005531
1953 4.721291952005531
1954 3.7221767000582493
1955 3.7221767000582493
1956 3.7221767000582493
1957 3.7221767000582493
1958 2.7766005423652267
1959 2.7766005423652267
1960 2.7766005423652267
1961 2.7766005423652267
1962 3.7866518118828223
1963 3.7866518118828223
1964 3.7866518118828223
1965 3.2500680228182963
1966 3.2500680228182963
1967 3.2500680228182963
1968 3.2500680228182963
1969 3.140075337534658
1970 3.140075337534658
1971 3.140075337534658
1972 3.140075337534658
1973 2.177442313069376
1974 2.177442313069376
1975 2.177442313069376
1976 2.177442313069376
1977 3.401979843044128
1978 3.401979843044128
1979 3.401979843044128
1980 3.401979843044128
1981 2.829273668164578
1982 2.829273668164578
1983 2.829273668164578
1984 2.829273668164578
1985 2.607931665594676
1986 2.607931665594676
1987 2.607931665594676
1988 2.607931665594676
1989 2.471184240999815
1990 2.471184240999815
1991 2.471184240999815
1992 2.471184240999815
1993 4.371422833457618
1994 4.371422833457618
1995 4.371422833457618
1996 4.371422833457618
1997 3.8328831756950543
1998 3.8328831756950543
1999 3.8328831756950543
