0 0.7957336094827749
1 0.7957336094827749
2 0.7957336094827749
3 0.7957336094827749
4 1.5849420299157746
5 1.5849420299157746
6 1.5849420299157746
7 1.5849420299157746
8 0.8540675709996054
9 0.8540675709996054
10 0.8540675709996054
11 0.8540675709996054
12 1.048983424837163
13 1.048983424837163
14 1.048983424837163
15 1.048983424837163
16 0.5124534956347556
17 0.5124534956347556
18 0.5124534956347556
19 0.5124534956347556
20 1.0266530727635184
21 1.0266530727635184
22 1.0266530727635184
23 1.0266530727635184
24 1.3360311351178964
25 1.3360311351178964
26 1.3360311351178964
27 1.3360311351178964
28 1.118874644798909
29 1.118874644798909
30 1.118874644798909
31 1.118874644798909
32 1.16196275351596
33 1.16196275351596
34 1.16196275351596
35 1.16196275351596
36 1.5639954439338923
37 1.5639954439338923
38 1.5639954439338923
39 1.5639954439338923
40 1.1288977332015708
41 1.1288977332015708
42 1.1288977332015708
43 1.1288977332015708
44 1.4679251317587034
45 1.4679251317587034
46 1.4679251317587034
47 1.4679251317587034
48 0.8816433867716151
49 0.8816433867716151
50 0.8816433867716151
51 0.8816433867716151
52 1.1928056127065612
53 1.1928056127065612
54 1.1928056127065612
55 1.1928056127065612
56 0.67402073522321
57 0.67402073522321
58 0.67402073522321
59 0.67402073522321
60 1.2757103642790415
61 1.2757103642790415
62 1.2757103642790415
63 1.2757103642790415
64 1.4933075094398833
65 1.4933075094398833
66 1.4933075094398833
67 1.4933075094398833
68 1.2492460402395134
69 1.2492460402395134
70 1.2492460402395134
71 1.2492460402395134
72 1.2332977881459133
73 1.2332977881459133
74 1.2332977881459133
75 1.2332977881459133
76 1.0990198828907138
77 1.0990198828907138
78 1.0990198828907138
79 1.0990198828907138
80 0.847734603903753
81 0.847734603903753
82 0.847734603903753
83 0.847734603903753
84 0.920106743669747
85 0.920106743669747
86 0.920106743669747
87 0.920106743669747
88 0.9530108045090155
89 0.9530108045090155
90 0.9530108045090155
91 0.9530108045090155
92 1.5308635518882405
93 1.5308635518882405
94 1.5308635518882405
95 1.5308635518882405
96 1.5205504956314766
97 1.5205504956314766
98 1.5205504956314766
99 1.5205504956314766
100 0.8961139126655084
101 0.8961139126655084
102 0.8961139126655084
103 0.8961139126655084
104 1.292809000125314
105 1.292809000125314
106 1.292809000125314
107 1.292809000125314
108 0.1796615389288052
109 0.1796615389288052
110 0.1796615389288052
111 0.1796615389288052
112 1.4561074697696075
113 1.4561074697696075
114 1.4561074697696075
115 1.4561074697696075
116 0.527085959476006
117 0.527085959476006
118 0.527085959476006
119 0.527085959476006
120 1.2555789703648543
121 1.2555789703648543
122 1.2555789703648543
123 1.2555789703648543
124 0.7755098704945924
125 0.7755098704945924
126 0.7755098704945924
127 0.7755098704945924
128 1.2433699315382911
129 1.2433699315382911
130 1.2433699315382911
131 1.2433699315382911
132 1.1476394893807547
133 1.1476394893807547
134 1.1476394893807547
135 1.1476394893807547
136 1.0912760874134793
137 1.0912760874134793
138 1.0912760874134793
139 1.0912760874134793
140 0.568378974134116
141 0.864397752208839
142 0.864397752208839
143 0.864397752208839
144 0.864397752208839
145 0.8782154906428218
146 0.8782154906428218
147 0.8782154906428218
148 0.8782154906428218
149 0.7404750427089342
150 0.7404750427089342
151 0.7404750427089342
152 0.7404750427089342
153 1.182671650758976
154 1.182671650758976
155 1.182671650758976
156 1.182671650758976
157 0.5449824250734333
158 0.5449824250734333
159 0.5449824250734333
160 0.5449824250734333
161 0.9427132339659711
162 0.9427132339659711
163 0.9427132339659711
164 0.9427132339659711
165 1.1571979295148362
166 1.1571979295148362
167 1.1571979295148362
168 1.1571979295148362
169 0.6862584257174108
170 0.6862584257174108
171 0.6862584257174108
172 0.6862584257174108
173 0.7656801381747015
174 0.7656801381747015
175 0.7656801381747015
176 0.7656801381747015
177 0.7448703133472185
178 0.7448703133472185
179 0.7448703133472185
180 0.7448703133472185
181 0.18786052135295728
182 0.18786052135295728
183 0.18786052135295728
184 0.18786052135295728
185 1.1020783049366445
186 1.1020783049366445
187 1.1020783049366445
188 1.1020783049366445
189 1.2237030872290644
190 1.2237030872290644
191 1.2237030872290644
192 1.2237030872290644
193 1.180314218853289
194 1.180314218853289
195 1.180314218853289
196 1.180314218853289
197 0.24806313863082657
198 0.24806313863082657
199 0.24806313863082657
200 0.24806313863082657
201 0.39172761837612424
202 0.39172761837612424
203 0.39172761837612424
204 0.39172761837612424
205 0.8774466670441592
206 0.8774466670441592
207 0.8774466670441592
208 0.8774466670441592
209 0.4984663344798881
210 0.4984663344798881
211 0.4984663344798881
212 0.4984663344798881
213 0.46659230009748504
214 0.46659230009748504
215 0.46659230009748504
216 0.46659230009748504
217 0.23478471288116548
218 0.23478471288116548
219 0.23478471288116548
220 0.23478471288116548
221 0.43973983895997865
222 0.43973983895997865
223 0.43973983895997865
224 0.43973983895997865
225 0.3115956751455323
226 0.3115956751455323
227 0.3115956751455323
228 0.3115956751455323
229 1.0563079097339454
230 1.0563079097339454
231 1.0563079097339454
232 1.0563079097339454
233 0.30214789717218726
234 0.30214789717218726
235 0.30214789717218726
236 0.30214789717218726
237 0.361649373152653
238 0.361649373152653
239 0.361649373152653
240 0.361649373152653
241 0.7332309980687315
242 0.7332309980687315
243 0.7332309980687315
244 0.7332309980687315
245 0.5616433011441557
246 0.5616433011441557
247 0.5616433011441557
248 0.5616433011441557
249 0.7336552465201546
250 0.7336552465201546
251 0.7336552465201546
252 0.7336552465201546
253 0.5505575492048381
254 0.5505575492048381
255 0.5505575492048381
256 0.5505575492048381
257 0.7572188784800286
258 0.7572188784800286
259 0.7572188784800286
260 0.7572188784800286
261 0.6080710783846985
262 0.6080710783846985
263 0.6080710783846985
264 0.6080710783846985
265 1.1828640015361522
266 1.1828640015361522
267 1.1828640015361522
268 1.1828640015361522
269 0.5628832270994161
270 0.5628832270994161
271 0.5628832270994161
272 0.5628832270994161
273 0.9227482531403215
274 0.9227482531403215
275 0.9227482531403215
276 0.9227482531403215
277 0.7777024557179418
278 0.7777024557179418
279 0.7777024557179418
280 0.7777024557179418
281 0.24737622746543098
282 0.24737622746543098
283 0.24737622746543098
284 0.24737622746543098
285 1.372265704507797
286 1.372265704507797
287 1.372265704507797
288 1.372265704507797
289 0.6690792589065436
290 0.6690792589065436
291 0.6690792589065436
292 0.6690792589065436
293 0.9074835151419782
294 0.9074835151419782
295 0.9074835151419782
296 0.9074835151419782
297 0.7662044379313384
298 0.7662044379313384
299 0.7662044379313384
300 0.7662044379313384
301 0.5016680263430217
302 0.5016680263430217
303 0.5016680263430217
304 0.5016680263430217
305 1.0817639448106084
306 1.0817639448106084
307 1.0817639448106084
308 1.0817639448106084
309 0.7246973745844754
310 0.7246973745844754
311 0.7246973745844754
312 0.7246973745844754
313 0.1999803556914731
314 0.1999803556914731
315 0.1999803556914731
316 0.1999803556914731
317 0.529020412240728
318 0.529020412240728
319 0.529020412240728
320 0.529020412240728
321 0.7324176164551383
322 0.7324176164551383
323 0.7324176164551383
324 0.7324176164551383
325 0.8510812033733923
326 0.8510812033733923
327 0.8510812033733923
328 0.8510812033733923
329 0.9407487499521476
330 0.9407487499521476
331 0.9407487499521476
332 0.9407487499521476
333 0.9837707747603199
334 0.9837707747603199
335 0.9837707747603199
336 0.9837707747603199
337 0.72356158156896
338 2.485562173620895
339 2.485562173620895
340 2.485562173620895
341 2.485562173620895
342 3.795623224071949
343 3.795623224071949
344 3.795623224071949
345 3.795623224071949
346 4.131295663595407
347 4.131295663595407
348 4.131295663595407
349 4.131295663595407
350 2.104489814771916
351 2.104489814771916
352 2.104489814771916
353 2.104489814771916
354 2.716383579864689
355 2.716383579864689
356 2.716383579864689
357 2.716383579864689
358 1.4048094796108044
359 1.4048094796108044
360 1.4048094796108044
361 1.4048094796108044
362 2.4146867149052733
363 2.4146867149052733
364 2.4146867149052733
365 2.4146867149052733
366 1.4935852438363773
367 1.4935852438363773
368 1.4935852438363773
369 1.4935852438363773
370 2.6764379175659787
371 2.6764379175659787
372 2.6764379175659787
373 2.6764379175659787
374 0.33747099248703005
375 0.33747099248703005
376 0.33747099248703005
377 0.33747099248703005
378 1.7299513510852664
379 1.7299513510852664
380 1.7299513510852664
381 1.7299513510852664
382 2.3232864028321454
383 2.3232864028321454
384 2.3232864028321454
385 2.3232864028321454
386 3.3065974761550114
387 3.3065974761550114
388 3.3065974761550114
389 3.3065974761550114
390 2.793154193669747
391 2.793154193669747
392 2.793154193669747
393 2.793154193669747
394 1.0956673166911939
395 1.0956673166911939
396 1.0956673166911939
397 1.0956673166911939
398 0.6717220377834772
399 0.6717220377834772
400 0.6717220377834772
401 0.6717220377834772
402 1.4354655801164313
403 1.4354655801164313
404 1.4354655801164313
405 1.4354655801164313
406 0.9310292115758372
407 0.9310292115758372
408 0.9310292115758372
409 0.9310292115758372
410 1.4478597038912824
411 1.4478597038912824
412 1.4478597038912824
413 1.4478597038912824
414 1.7793957299076342
415 1.7793957299076342
416 1.7793957299076342
417 1.7793957299076342
418 1.0974417787053061
419 1.0974417787053061
420 1.0974417787053061
421 1.0974417787053061
422 1.2705049812219098
423 1.2705049812219098
424 1.2705049812219098
425 1.2705049812219098
426 0.8779966696858558
427 0.8779966696858558
428 0.8779966696858558
429 0.8779966696858558
430 0.6836133311321643
431 0.6836133311321643
432 0.6836133311321643
433 0.6836133311321643
434 1.0284623128326291
435 1.0284623128326291
436 1.0284623128326291
437 1.0284623128326291
438 1.1344416084478322
439 1.1344416084478322
440 1.1344416084478322
441 1.1344416084478322
442 0.5425123316011401
443 0.5425123316011401
444 0.5425123316011401
445 0.5425123316011401
446 1.137233041322704
447 1.137233041322704
448 1.137233041322704
449 1.137233041322704
450 0.7987027536740523
451 0.7987027536740523
452 0.7987027536740523
453 0.7987027536740523
454 0.9630260429615527
455 0.9630260429615527
456 0.9630260429615527
457 0.9630260429615527
458 0.9287586785971537
459 0.9287586785971537
460 0.9287586785971537
461 0.9287586785971537
462 1.6690769875240719
463 1.6690769875240719
464 1.6690769875240719
465 1.6690769875240719
466 0.5521787108466215
467 0.5521787108466215
468 0.5521787108466215
469 0.5521787108466215
470 1.1902732268097647
471 1.1902732268097647
472 1.1902732268097647
473 1.1902732268097647
474 2.2340310850743226
475 2.2340310850743226
476 2.2340310850743226
477 2.2340310850743226
478 1.069341827238292
479 1.069341827238292
480 1.069341827238292
481 1.069341827238292
482 0.42610418651774096
483 0.42610418651774096
484 0.42610418651774096
485 0.42610418651774096
486 1.0058345501377353
487 1.0058345501377353
488 1.0058345501377353
489 1.0058345501377353
490 1.3590139259857823
491 1.3590139259857823
492 1.3590139259857823
493 1.3590139259857823
494 1.2912508792153063
495 1.2912508792153063
496 1.2912508792153063
497 1.2912508792153063
498 1.5308969473227676
499 1.5308969473227676
500 1.5308969473227676
501 1.5308969473227676
502 0.9049389845274933
503 0.9049389845274933
504 0.9049389845274933
505 0.9049389845274933
506 1.1585435468268173
507 1.1585435468268173
508 1.1585435468268173
509 1.1585435468268173
510 1.1758871240359197
511 1.1758871240359197
512 1.1758871240359197
513 1.1758871240359197
514 1.104616922914747
515 1.104616922914747
516 1.104616922914747
517 1.104616922914747
518 0.4103427856587518
519 0.4103427856587518
520 0.4103427856587518
521 0.4103427856587518
522 1.110557070925481
523 1.110557070925481
524 1.110557070925481
525 1.110557070925481
526 0.8473077153282303
527 0.8473077153282303
528 0.8473077153282303
529 0.8473077153282303
530 1.1093857705976986
531 1.1093857705976986
532 1.1093857705976986
533 1.1093857705976986
534 0.8638161105057137
535 0.8638161105057137
536 0.8638161105057137
537 0.8638161105057137
538 1.451206244306384
539 1.451206244306384
540 1.451206244306384
541 1.451206244306384
542 1.0705789335729687
543 1.0705789335729687
544 1.0705789335729687
545 1.0705789335729687
546 1.3433944692891429
547 1.3433944692891429
548 1.3433944692891429
549 1.3433944692891429
550 0.7272599806011613
551 0.7272599806011613
552 0.7272599806011613
553 0.7272599806011613
554 0.8971185446335576
555 0.8971185446335576
556 0.8971185446335576
557 4.010030510496854
558 4.010030510496854
559 4.010030510496854
560 4.010030510496854
561 2.354233875828424
562 2.354233875828424
563 2.354233875828424
564 2.354233875828424
565 4.244428955029297
566 4.244428955029297
567 4.244428955029297
568 4.244428955029297
569 2.4708307663661637
570 2.4708307663661637
571 2.4708307663661637
572 2.4708307663661637
573 1.7412894148019649
574 1.7412894148019649
575 1.7412894148019649
576 1.7412894148019649
577 1.5782686062616098
578 1.5782686062616098
579 1.5782686062616098
580 1.5782686062616098
581 5.425457406902771
582 5.425457406902771
583 5.425457406902771
584 5.425457406902771
585 4.850700488446815
586 4.850700488446815
587 4.850700488446815
588 4.850700488446815
589 1.7805751582350529
590 1.7805751582350529
591 1.7805751582350529
592 1.7805751582350529
593 5.065304041479348
594 5.065304041479348
595 5.065304041479348
596 5.065304041479348
597 1.3706369100287272
598 1.3706369100287272
599 1.3706369100287272
600 1.3706369100287272
601 1.6029664713833602
602 1.6029664713833602
603 1.6029664713833602
604 1.6029664713833602
605 2.0478543268760787
606 2.0478543268760787
607 2.0478543268760787
608 2.0478543268760787
609 2.809129343442237
610 2.809129343442237
611 2.809129343442237
612 2.809129343442237
613 4.42018244301817
614 4.42018244301817
615 4.42018244301817
616 4.42018244301817
617 3.3654426626094116
618 3.3654426626094116
619 3.3654426626094116
620 3.3654426626094116
621 4.086922933693345
622 4.086922933693345
623 4.086922933693345
624 4.086922933693345
625 5.397837902397231
626 5.397837902397231
627 5.397837902397231
628 5.397837902397231
629 3.905426062634337
630 3.905426062634337
631 3.905426062634337
632 3.905426062634337
633 6.568296433387308
634 6.568296433387308
635 6.568296433387308
636 6.568296433387308
637 2.566010874513031
638 2.566010874513031
639 2.566010874513031
640 2.566010874513031
641 2.9325960007380987
642 2.9325960007380987
643 2.9325960007380987
644 2.9325960007380987
645 1.6715328251290025
646 1.6715328251290025
647 1.6715328251290025
648 1.6715328251290025
649 3.523893400777315
650 3.523893400777315
651 3.523893400777315
652 3.523893400777315
653 1.4746579199081062
654 1.4746579199081062
655 1.4746579199081062
656 1.4746579199081062
657 4.261537604223423
658 4.261537604223423
659 4.261537604223423
660 4.261537604223423
661 5.158434038113941
662 5.158434038113941
663 5.158434038113941
664 5.158434038113941
665 5.890864148334538
666 5.890864148334538
667 5.890864148334538
668 5.890864148334538
669 3.381917931802497
670 3.381917931802497
671 3.381917931802497
672 3.381917931802497
673 2.4735509498141215
674 2.4735509498141215
675 2.4735509498141215
676 2.4735509498141215
677 6.326186017392173
678 6.326186017392173
679 6.326186017392173
680 6.326186017392173
681 2.1215668908885137
682 2.1215668908885137
683 2.1215668908885137
684 2.1215668908885137
685 5.8223886683007295
686 5.8223886683007295
687 5.8223886683007295
688 5.8223886683007295
689 1.717943877405275
690 1.717943877405275
691 1.717943877405275
692 1.717943877405275
693 0.9890970470211462
694 0.9890970470211462
695 0.9890970470211462
696 0.9890970470211462
697 2.8031385737242074
698 2.8031385737242074
699 2.8031385737242074
700 2.8031385737242074
701 1.7363806570911775
702 1.7363806570911775
703 1.7363806570911775
704 1.7363806570911775
705 4.47705519257372
706 4.47705519257372
707 4.47705519257372
708 4.47705519257372
709 2.752276481563308
710 2.752276481563308
711 2.752276481563308
712 2.752276481563308
713 3.9138093762836856
714 3.9138093762836856
715 3.9138093762836856
716 3.9138093762836856
717 1.8900099381918902
718 1.8900099381918902
719 1.8900099381918902
720 1.8900099381918902
721 0.553451944230642
722 0.553451944230642
723 0.553451944230642
724 0.553451944230642
725 5.314858974971572
726 5.314858974971572
727 5.314858974971572
728 5.314858974971572
729 5.130233354376619
730 5.130233354376619
731 5.130233354376619
732 5.130233354376619
733 6.53332115796253
734 6.53332115796253
735 6.53332115796253
736 6.53332115796253
737 3.940674610869267
738 3.940674610869267
739 3.940674610869267
740 3.940674610869267
741 4.349593118252528
742 4.349593118252528
743 4.349593118252528
744 4.349593118252528
745 4.521086896774417
746 4.521086896774417
747 4.521086896774417
748 4.521086896774417
749 3.475182027152543
750 3.475182027152543
751 1.6085667165528301
752 1.6085667165528301
753 1.6085667165528301
754 1.6085667165528301
755 2.199329848139876
756 2.199329848139876
757 2.199329848139876
758 2.199329848139876
759 1.839373764548181
760 1.839373764548181
761 1.839373764548181
762 1.839373764548181
763 1.7124457758997778
764 1.7124457758997778
765 1.7124457758997778
766 1.7124457758997778
767 2.4146370748066803
768 2.4146370748066803
769 2.4146370748066803
770 2.4146370748066803
771 0.8982385777288429
772 0.8982385777288429
773 0.8982385777288429
774 0.8982385777288429
775 1.975853888496529
776 1.975853888496529
777 1.975853888496529
778 1.975853888496529
779 1.412372216549093
780 1.412372216549093
781 1.412372216549093
782 1.412372216549093
783 1.4311161432037252
784 1.4311161432037252
785 1.4311161432037252
786 1.4311161432037252
787 1.397503493149979
788 1.397503493149979
789 1.397503493149979
790 1.397503493149979
791 0.7400786495231374
792 0.7400786495231374
793 0.7400786495231374
794 0.7400786495231374
795 1.8061561909982866
796 1.8061561909982866
797 1.8061561909982866
798 1.8061561909982866
799 1.9080810667286179
800 1.9080810667286179
801 1.9080810667286179
802 1.9080810667286179
803 0.686302609003703
804 0.686302609003703
805 0.686302609003703
806 0.686302609003703
807 2.126219905714098
808 2.126219905714098
809 2.126219905714098
810 2.126219905714098
811 0.5916207415245783
812 0.5916207415245783
813 0.5916207415245783
814 0.5916207415245783
815 0.962580715650868
816 0.962580715650868
817 0.962580715650868
818 0.962580715650868
819 2.130268329365828
820 2.130268329365828
821 2.130268329365828
822 2.130268329365828
823 2.183931027408623
824 2.183931027408623
825 2.183931027408623
826 2.183931027408623
827 0.5968635754665875
828 0.5968635754665875
829 0.5968635754665875
830 0.5968635754665875
831 0.5846494272752649
832 0.5846494272752649
833 0.5846494272752649
834 0.5846494272752649
835 1.6256745038133538
836 1.6256745038133538
837 1.6256745038133538
838 1.6256745038133538
839 2.318228238269267
840 2.318228238269267
841 2.318228238269267
842 2.318228238269267
843 2.22841871996161
844 2.22841871996161
845 2.22841871996161
846 2.22841871996161
847 1.8744107089002784
848 1.8744107089002784
849 1.8744107089002784
850 1.8744107089002784
851 1.7013646414759642
852 1.7013646414759642
853 1.7013646414759642
854 1.7013646414759642
855 2.7745283407661683
856 2.7745283407661683
857 2.7745283407661683
858 2.7745283407661683
859 2.1471588806355264
860 2.1471588806355264
861 2.1471588806355264
862 2.1471588806355264
863 2.8370386271118884
864 2.8370386271118884
865 2.8370386271118884
866 2.8370386271118884
867 2.909340709018658
868 2.909340709018658
869 2.909340709018658
870 2.909340709018658
871 1.889559964782657
872 1.889559964782657
873 1.889559964782657
874 1.889559964782657
875 0.921408519175096
876 0.921408519175096
877 0.921408519175096
878 0.921408519175096
879 1.3926297084542276
880 1.3926297084542276
881 1.3926297084542276
882 1.3926297084542276
883 1.755146517687216
884 1.755146517687216
885 1.755146517687216
886 1.755146517687216
887 1.6083859604404767
888 1.6083859604404767
889 1.6083859604404767
890 1.6083859604404767
891 1.326276261685813
892 1.326276261685813
893 1.326276261685813
894 1.326276261685813
895 1.8699164625422577
896 1.8699164625422577
897 1.8699164625422577
898 1.8699164625422577
899 2.1000451566408684
900 2.1000451566408684
901 2.1000451566408684
902 2.1000451566408684
903 2.0932651010989276
904 2.0932651010989276
905 2.0932651010989276
906 2.0932651010989276
907 2.463949537759105
908 2.463949537759105
909 0.31168609913112677
910 0.31168609913112677
911 0.31168609913112677
912 0.31168609913112677
913 0.1481798358613179
914 0.1481798358613179
915 0.1481798358613179
916 0.1481798358613179
917 0.25233317452420595
918 0.25233317452420595
919 0.25233317452420595
920 0.25233317452420595
921 0.11221498206352314
922 0.11221498206352314
923 0.11221498206352314
924 0.11221498206352314
925 0.18855737453858157
926 0.18855737453858157
927 0.18855737453858157
928 0.18855737453858157
929 0.25753985100912347
930 0.25753985100912347
931 0.25753985100912347
932 0.25753985100912347
933 0.12342511074740532
934 0.12342511074740532
935 0.12342511074740532
936 0.12342511074740532
937 0.1051217876343691
938 0.1051217876343691
939 0.1051217876343691
940 0.1051217876343691
941 0.1537592518514639
942 0.1537592518514639
943 0.1537592518514639
944 0.1537592518514639
945 0.1399164012087633
946 0.1399164012087633
947 0.1399164012087633
948 0.1399164012087633
949 0.22798223887248462
950 0.22798223887248462
951 0.22798223887248462
952 0.22798223887248462
953 0.2585592728829695
954 0.2585592728829695
955 0.2585592728829695
956 0.2585592728829695
957 0.21300521628138772
958 0.21300521628138772
959 0.21300521628138772
960 0.21300521628138772
961 0.21457504092837326
962 0.21457504092837326
963 0.21457504092837326
964 0.21457504092837326
965 0.12971157927413418
966 0.12971157927413418
967 0.12971157927413418
968 0.12971157927413418
969 0.25709912966445403
970 0.25709912966445403
971 0.25709912966445403
972 0.25709912966445403
973 0.3239887897597922
974 0.3239887897597922
975 0.3239887897597922
976 0.3239887897597922
977 0.19119961115951117
978 0.19119961115951117
979 0.19119961115951117
980 0.19119961115951117
981 0.2952840962913005
982 0.2952840962913005
983 0.2952840962913005
984 0.2952840962913005
985 0.261246447822989
986 0.261246447822989
987 0.261246447822989
988 0.261246447822989
989 0.1754414128385926
990 0.1754414128385926
991 0.1754414128385926
992 0.1754414128385926
993 0.19914406592948664
994 0.19914406592948664
995 0.19914406592948664
996 0.19914406592948664
997 0.15114653567274225
998 0.15114653567274225
999 0.15114653567274225
1000 0.15114653567274225
1001 0.14878037436028924
1002 0.14878037436028924
1003 0.14878037436028924
1004 0.14878037436028924
1005 0.17653904521577718
1006 0.17653904521577718
1007 0.17653904521577718
1008 0.17653904521577718
1009 0.15140247914280483
1010 0.15140247914280483
1011 0.15140247914280483
1012 0.15140247914280483
1013 0.16195941198678476
1014 0.16195941198678476
1015 0.16195941198678476
1016 0.16195941198678476
1017 0.18645270090117919
1018 0.18645270090117919
1019 0.18645270090117919
1020 0.18645270090117919
1021 0.21951822655438544
1022 0.21951822655438544
1023 0.21951822655438544
1024 0.21951822655438544
1025 0.1
1026 0.8716150224877066
1027 0.8716150224877066
1028 0.8716150224877066
1029 0.8716150224877066
1030 1.7053714343185102
1031 1.7053714343185102
1032 1.7053714343185102
1033 1.7053714343185102
1034 1.2504746603470958
1035 1.2504746603470958
1036 1.2504746603470958
1037 1.2504746603470958
1038 0.7531756122070348
1039 0.7531756122070348
1040 0.7531756122070348
1041 0.7531756122070348
1042 1.1431638530071453
1043 1.1431638530071453
1044 1.1431638530071453
1045 1.1431638530071453
1046 1.9865379653317259
1047 1.9865379653317259
1048 1.9865379653317259
1049 1.9865379653317259
1050 1.2410973360351858
1051 1.2410973360351858
1052 1.2410973360351858
1053 1.2410973360351858
1054 1.2323609980989776
1055 1.2323609980989776
1056 1.2323609980989776
1057 1.2323609980989776
1058 1.3927391596500902
1059 1.3927391596500902
1060 1.3927391596500902
1061 1.3927391596500902
1062 0.9625341404937985
1063 0.9625341404937985
1064 0.9625341404937985
1065 0.9625341404937985
1066 0.6689399833129108
1067 0.6689399833129108
1068 0.6689399833129108
1069 0.6689399833129108
1070 0.9891817104587516
1071 0.9891817104587516
1072 0.9891817104587516
1073 0.9891817104587516
1074 0.7310668691480378
1075 0.7310668691480378
1076 0.7310668691480378
1077 0.7310668691480378
1078 1.258189834346387
1079 1.258189834346387
1080 1.258189834346387
1081 1.258189834346387
1082 1.2168869339934207
1083 1.2168869339934207
1084 1.2168869339934207
1085 1.2168869339934207
1086 0.7838772177112856
1087 0.7838772177112856
1088 0.7838772177112856
1089 0.7838772177112856
1090 1.4328023143990105
1091 1.4328023143990105
1092 1.4328023143990105
1093 1.4328023143990105
1094 0.5383706067068602
1095 0.5383706067068602
1096 0.5383706067068602
1097 0.5383706067068602
1098 0.6176083943493202
1099 0.6176083943493202
1100 0.6176083943493202
1101 0.6176083943493202
1102 0.2864357040901456
1103 0.2864357040901456
1104 0.2864357040901456
1105 0.2864357040901456
1106 1.0137044682509602
1107 1.0137044682509602
1108 1.0137044682509602
1109 1.0137044682509602
1110 0.9203737525559252
1111 0.9203737525559252
1112 0.9203737525559252
1113 0.9203737525559252
1114 1.2140802838456393
1115 1.2140802838456393
1116 1.2140802838456393
1117 1.2140802838456393
1118 1.6795186421778074
1119 1.6795186421778074
1120 1.6795186421778074
1121 1.6795186421778074
1122 0.9608046413310096
1123 0.9608046413310096
1124 0.9608046413310096
1125 0.9608046413310096
1126 1.336018034013418
1127 1.336018034013418
1128 1.336018034013418
1129 1.336018034013418
1130 0.12874008036283247
1131 0.12874008036283247
1132 0.12874008036283247
1133 0.12874008036283247
1134 0.6335093186653609
1135 0.6335093186653609
1136 0.6335093186653609
1137 0.6335093186653609
1138 0.9714310691396277
1139 0.9714310691396277
1140 0.9714310691396277
1141 0.9714310691396277
1142 0.8109772510419759
1143 0.8109772510419759
1144 0.8109772510419759
1145 0.8109772510419759
1146 0.8973632501615165
1147 0.8973632501615165
1148 0.8973632501615165
1149 0.8973632501615165
1150 1.123673293740968
1151 1.123673293740968
1152 1.123673293740968
1153 1.123673293740968
1154 1.1907232979472389
1155 1.1907232979472389
1156 1.1907232979472389
1157 1.1907232979472389
1158 1.5061203986531737
1159 1.5061203986531737
1160 1.5061203986531737
1161 1.5061203986531737
1162 0.9888985684049274
1163 0.9888985684049274
1164 0.9888985684049274
1165 0.9888985684049274
1166 1.5918456141726438
1167 1.5918456141726438
1168 1.5918456141726438
1169 1.5918456141726438
1170 1.2061287316056717
1171 1.2061287316056717
1172 1.2061287316056717
1173 1.2061287316056717
1174 0.7595814212152767
1175 0.7595814212152767
1176 0.7595814212152767
1177 0.7595814212152767
1178 0.5605786901812164
1179 0.5605786901812164
1180 0.5605786901812164
1181 0.5605786901812164
1182 1.2150698634129309
1183 1.2150698634129309
1184 1.2150698634129309
1185 1.2150698634129309
1186 1.4706006604178012
1187 1.4706006604178012
1188 1.4706006604178012
1189 1.4706006604178012
1190 1.8160890927524855
1191 1.8160890927524855
1192 1.8160890927524855
1193 1.8160890927524855
1194 1.1648636435524495
1195 1.1648636435524495
1196 1.1648636435524495
1197 1.1648636435524495
1198 0.9974032729551454
1199 0.9974032729551454
1200 0.9974032729551454
1201 0.9974032729551454
1202 1.0866532688921369
1203 1.0866532688921369
1204 1.0866532688921369
1205 1.0866532688921369
1206 1.071434835235908
1207 1.071434835235908
1208 1.071434835235908
1209 1.071434835235908
1210 1.5755327932177121
1211 1.5755327932177121
1212 1.5755327932177121
1213 1.5755327932177121
1214 1.8010516487755344
1215 1.8010516487755344
1216 1.8010516487755344
1217 1.8010516487755344
1218 1.2407703626267235
1219 1.2407703626267235
1220 1.2407703626267235
1221 1.2407703626267235
1222 0.4556453625093484
1223 0.4556453625093484
1224 0.4556453625093484
1225 0.4556453625093484
1226 0.9743325624592183
1227 0.9743325624592183
1228 0.9743325624592183
1229 0.9743325624592183
1230 0.8786531321473707
1231 0.8786531321473707
1232 0.8786531321473707
1233 0.8786531321473707
1234 1.674736321824134
1235 1.674736321824134
1236 1.674736321824134
1237 1.674736321824134
1238 0.8604119591305182
1239 0.8604119591305182
1240 0.8604119591305182
1241 0.8604119591305182
1242 1.4904854723555367
1243 1.4904854723555367
1244 1.4904854723555367
1245 1.4904854723555367
1246 1.7248903223237768
1247 1.7248903223237768
1248 1.7248903223237768
1249 1.7248903223237768
1250 0.6147767505742118
1251 0.6147767505742118
1252 0.6147767505742118
1253 0.6147767505742118
1254 0.8318929415454408
1255 0.8318929415454408
1256 0.8318929415454408
1257 0.8318929415454408
1258 0.7248797111863814
1259 0.7248797111863814
1260 0.7248797111863814
1261 0.7248797111863814
1262 0.1
1263 0.1
1264 0.1
1265 0.1
1266 0.5820741207790852
1267 0.5820741207790852
1268 0.5820741207790852
1269 0.5820741207790852
1270 0.9268249976936684
1271 0.9268249976936684
1272 0.9268249976936684
1273 0.9268249976936684
1274 1.8073410064764448
1275 1.8073410064764448
1276 1.8073410064764448
1277 1.8073410064764448
1278 1.4571843888694669
1279 1.4571843888694669
1280 1.4571843888694669
1281 1.4571843888694669
1282 1.733148054355198
1283 1.733148054355198
1284 1.733148054355198
1285 1.733148054355198
1286 1.1620582742107304
1287 1.1620582742107304
1288 1.1620582742107304
1289 1.1620582742107304
1290 1.0899451908365398
1291 1.0899451908365398
1292 1.0899451908365398
1293 1.0899451908365398
1294 0.6825353395455954
1295 0.6825353395455954
1296 0.6825353395455954
1297 0.6825353395455954
1298 0.7966313172054207
1299 0.7966313172054207
1300 0.7966313172054207
1301 0.9357806017294252
1302 0.9357806017294252
1303 0.9357806017294252
1304 0.9357806017294252
1305 0.2818771258004509
1306 0.2818771258004509
1307 0.2818771258004509
1308 0.2818771258004509
1309 0.8916300624757805
1310 0.8916300624757805
1311 0.8916300624757805
1312 0.8916300624757805
1313 0.4800838136657208
1314 0.4800838136657208
1315 0.4800838136657208
1316 0.4800838136657208
1317 0.6022893050478543
1318 0.6022893050478543
1319 0.6022893050478543
1320 0.6022893050478543
1321 0.7810259585658885
1322 0.7810259585658885
1323 0.7810259585658885
1324 0.7810259585658885
1325 0.6698852974542271
1326 0.6698852974542271
1327 0.6698852974542271
1328 0.6698852974542271
1329 0.36263839366374173
1330 0.36263839366374173
1331 0.36263839366374173
1332 0.36263839366374173
1333 0.342061836987375
1334 0.342061836987375
1335 0.342061836987375
1336 0.342061836987375
1337 0.958268575492772
1338 0.958268575492772
1339 0.958268575492772
1340 0.958268575492772
1341 0.40824087612537363
1342 0.40824087612537363
1343 0.40824087612537363
1344 0.40824087612537363
1345 0.5937772754609262
1346 1.5667865917988792
1347 1.5667865917988792
1348 1.5667865917988792
1349 1.5667865917988792
1350 0.5999348093930335
1351 0.5999348093930335
1352 0.5999348093930335
1353 0.5999348093930335
1354 0.1
1355 0.1
1356 0.1
1357 0.1
1358 1.4162730577534095
1359 1.4162730577534095
1360 1.4162730577534095
1361 1.4162730577534095
1362 2.374992213348074
1363 2.374992213348074
1364 2.374992213348074
1365 2.374992213348074
1366 0.7293592057055682
1367 0.7293592057055682
1368 0.7293592057055682
1369 0.7293592057055682
1370 2.6022167226955544
1371 2.6022167226955544
1372 2.6022167226955544
1373 2.6022167226955544
1374 2.34547918771093
1375 2.34547918771093
1376 2.34547918771093
1377 2.34547918771093
1378 2.0419890956394537
1379 2.0419890956394537
1380 2.0419890956394537
1381 2.0419890956394537
1382 0.6425284780350649
1383 0.6425284780350649
1384 0.6425284780350649
1385 0.6425284780350649
1386 1.5025415277151586
1387 1.5025415277151586
1388 1.5025415277151586
1389 1.5025415277151586
1390 0.3077460794452772
1391 0.3077460794452772
1392 0.3077460794452772
1393 0.3077460794452772
1394 0.1212593286050458
1395 0.1212593286050458
1396 0.1212593286050458
1397 0.1212593286050458
1398 0.221142633276656
1399 0.221142633276656
1400 0.221142633276656
1401 0.221142633276656
1402 0.1902031168415121
1403 0.1902031168415121
1404 0.1902031168415121
1405 0.1902031168415121
1406 0.37309329411515163
1407 0.37309329411515163
1408 0.37309329411515163
1409 0.37309329411515163
1410 0.2322053440958237
1411 0.2322053440958237
1412 0.2322053440958237
1413 0.2322053440958237
1414 0.3115571567229285
1415 0.3115571567229285
1416 0.3115571567229285
1417 0.3115571567229285
1418 0.3248949846701533
1419 0.3248949846701533
1420 0.3248949846701533
1421 0.3248949846701533
1422 0.25403414130207014
1423 0.25403414130207014
1424 0.25403414130207014
1425 0.25403414130207014
1426 0.244610541411497
1427 0.244610541411497
1428 0.244610541411497
1429 0.244610541411497
1430 0.24947493055511705
1431 0.24947493055511705
1432 0.24947493055511705
1433 0.24947493055511705
1434 0.252154428774566
1435 0.252154428774566
1436 0.252154428774566
1437 0.252154428774566
1438 0.1
1439 0.1
1440 0.1
1441 0.1
1442 0.24801461756738757
1443 0.24801461756738757
1444 0.24801461756738757
1445 0.24801461756738757
1446 0.16882142649045484
1447 0.16882142649045484
1448 0.16882142649045484
1449 0.16882142649045484
1450 0.3151064153245833
1451 0.3151064153245833
1452 0.3151064153245833
1453 0.3151064153245833
1454 0.23745240114296615
1455 0.23745240114296615
1456 0.23745240114296615
1457 0.23745240114296615
1458 2.3809271276075767
1459 2.3809271276075767
1460 2.3809271276075767
1461 2.3809271276075767
1462 1.9773873790654801
1463 1.9773873790654801
1464 1.9773873790654801
1465 1.9773873790654801
1466 2.549867250781409
1467 2.549867250781409
1468 2.549867250781409
1469 2.549867250781409
1470 2.7568203941160836
1471 2.7568203941160836
1472 2.7568203941160836
1473 2.7568203941160836
1474 1.4622398271059311
1475 1.4622398271059311
1476 1.4622398271059311
1477 1.4622398271059311
1478 1.946536207376002
1479 1.946536207376002
1480 1.946536207376002
1481 1.946536207376002
1482 1.0667311134999382
1483 1.0667311134999382
1484 1.0667311134999382
1485 1.0667311134999382
1486 2.334388730508766
1487 2.334388730508766
1488 2.334388730508766
1489 2.334388730508766
1490 2.896233643404417
1491 2.896233643404417
1492 2.896233643404417
1493 2.896233643404417
1494 3.722409568607793
1495 3.722409568607793
1496 3.722409568607793
1497 3.722409568607793
1498 2.4352283284557816
1499 2.4352283284557816
1500 2.4352283284557816
1501 2.4352283284557816
1502 3.3662615403163145
1503 3.3662615403163145
1504 3.3662615403163145
1505 3.3662615403163145
1506 3.5386416896777515
1507 3.5386416896777515
1508 3.5386416896777515
1509 3.5386416896777515
1510 2.9782076487154816
1511 2.9782076487154816
1512 2.9782076487154816
1513 2.9782076487154816
1514 4.092580562662995
1515 4.092580562662995
1516 4.092580562662995
1517 4.092580562662995
1518 1.0947615792287113
1519 1.0947615792287113
1520 1.0947615792287113
1521 1.0947615792287113
1522 2.7232354739459748
1523 2.7232354739459748
1524 2.7232354739459748
1525 2.7232354739459748
1526 1.6646572449622357
1527 1.6646572449622357
1528 1.6646572449622357
1529 1.6646572449622357
1530 2.5963016484896433
1531 2.5963016484896433
1532 2.5963016484896433
1533 2.5963016484896433
1534 3.167244387183401
1535 3.167244387183401
1536 3.167244387183401
1537 3.167244387183401
1538 2.1908634725467624
1539 2.1908634725467624
1540 2.1908634725467624
1541 2.1908634725467624
1542 3.796471133728623
1543 3.796471133728623
1544 3.796471133728623
1545 3.796471133728623
1546 0.8088203750522553
1547 0.8088203750522553
1548 0.8088203750522553
1549 0.8088203750522553
1550 2.4190786651271274
1551 2.4190786651271274
1552 2.4190786651271274
1553 2.4190786651271274
1554 0.24069693293577732
1555 0.24069693293577732
1556 0.24069693293577732
1557 0.24069693293577732
1558 2.4768859888421484
1559 2.4768859888421484
1560 2.4768859888421484
1561 2.4768859888421484
1562 0.8104147853284265
1563 0.8104147853284265
1564 0.8104147853284265
1565 0.8104147853284265
1566 3.0382220922257677
1567 3.0382220922257677
1568 3.0382220922257677
1569 3.0382220922257677
1570 2.0768513922199103
1571 2.0768513922199103
1572 2.0768513922199103
1573 2.0768513922199103
1574 2.0951640621242387
1575 2.0951640621242387
1576 2.0951640621242387
1577 2.0951640621242387
1578 3.9526075107458
1579 3.9526075107458
1580 3.9526075107458
1581 3.9526075107458
1582 2.3885981848275293
1583 2.3885981848275293
1584 2.3885981848275293
1585 2.3885981848275293
1586 3.3678687651197796
1587 3.3678687651197796
1588 3.3678687651197796
1589 3.3678687651197796
1590 2.710924845386136
1591 2.710924845386136
1592 2.710924845386136
1593 2.710924845386136
1594 1.1219433101534257
1595 1.1219433101534257
1596 1.1219433101534257
1597 1.1219433101534257
1598 2.7760523578652467
1599 2.7760523578652467
1600 2.7760523578652467
1601 2.7760523578652467
1602 4.171843309794721
1603 4.171843309794721
1604 4.171843309794721
1605 4.171843309794721
1606 1.7895505938659322
1607 1.7895505938659322
1608 1.7895505938659322
1609 1.7895505938659322
1610 3.270442702424432
1611 3.270442702424432
1612 3.270442702424432
1613 3.270442702424432
1614 3.4530175912525487
1615 3.4530175912525487
1616 3.4530175912525487
1617 3.4530175912525487
1618 1.725725142449425
1619 1.725725142449425
1620 1.725725142449425
1621 1.725725142449425
1622 3.6421319962399554
1623 3.6421319962399554
1624 3.6421319962399554
1625 3.6421319962399554
1626 3.901636608558646
1627 3.901636608558646
1628 3.901636608558646
1629 3.901636608558646
1630 2.8765577145856898
1631 2.8765577145856898
1632 2.8765577145856898
1633 2.8765577145856898
1634 4.438757975051286
1635 4.438757975051286
1636 4.438757975051286
1637 4.438757975051286
1638 0.303923580640832
1639 0.303923580640832
1640 0.303923580640832
1641 0.303923580640832
1642 2.3764431803377244
1643 2.3764431803377244
1644 2.3764431803377244
1645 2.3764431803377244
1646 1.7769767851308407
1647 1.7769767851308407
1648 1.7769767851308407
1649 1.7769767851308407
1650 2.135033773124177
1651 2.135033773124177
1652 2.135033773124177
1653 2.135033773124177
1654 4.176275081404583
1655 4.176275081404583
1656 4.176275081404583
1657 4.176275081404583
1658 2.4467658782651824
1659 2.4467658782651824
1660 2.4467658782651824
1661 2.4467658782651824
1662 2.839944508685544
1663 2.839944508685544
1664 2.839944508685544
1665 2.839944508685544
1666 0.7489459581052571
1667 0.7489459581052571
1668 0.7489459581052571
1669 0.7489459581052571
1670 2.0340404495256252
1671 2.0340404495256252
1672 2.0340404495256252
1673 2.0340404495256252
1674 2.5080828624640974
1675 2.5080828624640974
1676 2.5080828624640974
1677 2.5080828624640974
1678 2.0587944404545975
1679 2.0587944404545975
1680 2.3584440209912225
1681 2.3584440209912225
1682 2.3584440209912225
1683 2.3584440209912225
1684 3.0541435606475655
1685 3.0541435606475655
1686 3.0541435606475655
1687 3.0541435606475655
1688 5.322927405430776
1689 5.322927405430776
1690 5.322927405430776
1691 5.322927405430776
1692 2.491104708949223
1693 2.491104708949223
1694 2.491104708949223
1695 2.491104708949223
1696 4.296242327565061
1697 4.296242327565061
1698 4.296242327565061
1699 4.296242327565061
1700 2.626619769263944
1701 2.626619769263944
1702 2.626619769263944
1703 2.626619769263944
1704 3.957202643422224
1705 3.957202643422224
1706 3.957202643422224
1707 3.957202643422224
1708 5.713264013351031
1709 5.713264013351031
1710 5.713264013351031
1711 5.713264013351031
1712 2.7395468367826035
1713 2.7395468367826035
1714 2.7395468367826035
1715 2.7395468367826035
1716 4.982543044947733
1717 4.982543044947733
1718 4.982543044947733
1719 4.982543044947733
1720 1.9286260606794055
1721 1.9286260606794055
1722 1.9286260606794055
1723 2.412795105496863
1724 2.412795105496863
1725 2.412795105496863
1726 2.412795105496863
1727 1.8596152641941208
1728 1.8596152641941208
1729 1.8596152641941208
1730 1.8596152641941208
1731 1.2326798081729944
1732 1.2326798081729944
1733 1.2326798081729944
1734 1.2326798081729944
1735 2.1135775594407313
1736 2.1135775594407313
1737 2.1135775594407313
1738 2.1135775594407313
1739 1.9259799479277526
1740 1.9259799479277526
1741 1.9259799479277526
1742 1.9259799479277526
1743 1.9820828945198703
1744 1.9820828945198703
1745 1.9820828945198703
1746 1.9820828945198703
1747 2.101691422324037
1748 2.101691422324037
1749 2.101691422324037
1750 2.101691422324037
1751 0.8816928469901638
1752 0.8816928469901638
1753 0.8816928469901638
1754 0.8816928469901638
1755 2.045788819462286
1756 2.045788819462286
1757 2.045788819462286
1758 2.045788819462286
1759 1.1074831505068379
1760 1.1074831505068379
1761 1.1074831505068379
1762 1.1074831505068379
1763 1.0831945556777354
1764 1.0831945556777354
1765 1.0831945556777354
1766 1.0831945556777354
1767 1.9621635578640717
1768 1.9621635578640717
1769 1.9621635578640717
1770 1.9621635578640717
1771 1.886966579647724
1772 1.886966579647724
1773 1.886966579647724
1774 1.886966579647724
1775 1.6980609003308622
1776 1.6980609003308622
1777 1.6980609003308622
1778 1.6980609003308622
1779 0.8201901430473628
1780 0.8201901430473628
1781 0.8201901430473628
1782 0.8201901430473628
1783 1.9650213405599657
1784 1.9650213405599657
1785 1.9650213405599657
1786 1.9650213405599657
1787 2.717023075777539
1788 2.717023075777539
1789 2.717023075777539
1790 2.717023075777539
1791 2.416425925892107
1792 2.416425925892107
1793 2.416425925892107
1794 2.416425925892107
1795 0.26130603900252747
1796 0.26130603900252747
1797 0.26130603900252747
1798 0.26130603900252747
1799 0.7810406168686936
1800 0.7810406168686936
1801 0.7810406168686936
1802 0.7810406168686936
1803 2.0479778085339664
1804 2.0479778085339664
1805 2.0479778085339664
1806 2.0479778085339664
1807 1.2192863689393667
1808 1.2192863689393667
1809 1.2192863689393667
1810 1.2192863689393667
1811 1.2437153361239601
1812 1.2437153361239601
1813 1.2437153361239601
1814 1.2437153361239601
1815 2.6772769889018333
1816 2.6772769889018333
1817 2.6772769889018333
1818 2.6772769889018333
1819 2.375343038913462
1820 2.375343038913462
1821 2.375343038913462
1822 2.375343038913462
1823 2.8615253615977725
1824 2.8615253615977725
1825 2.8615253615977725
1826 2.8615253615977725
1827 2.41116680185175
1828 2.41116680185175
1829 2.41116680185175
1830 2.41116680185175
1831 2.669897933736157
1832 2.669897933736157
1833 2.669897933736157
1834 2.669897933736157
1835 2.2739181340142034
1836 2.2739181340142034
1837 2.2739181340142034
1838 2.2739181340142034
1839 1.380485674650885
1840 1.380485674650885
1841 1.380485674650885
1842 1.380485674650885
1843 1.5135627960505442
1844 1.5135627960505442
1845 1.5135627960505442
1846 1.5135627960505442
1847 1.7861176820903764
1848 1.7861176820903764
1849 1.7861176820903764
1850 1.7861176820903764
1851 0.976558223041867
1852 0.976558223041867
1853 0.976558223041867
1854 0.976558223041867
1855 2.0793848846078324
1856 2.0793848846078324
1857 2.0793848846078324
1858 2.0793848846078324
1859 1.4680033702725799
1860 1.4680033702725799
1861 1.4680033702725799
1862 1.4680033702725799
1863 1.1843495218209106
1864 1.1843495218209106
1865 1.1843495218209106
1866 1.1843495218209106
1867 1.402077416305609
1868 1.402077416305609
1869 1.402077416305609
1870 1.402077416305609
1871 1.5582718290306496
1872 1.5582718290306496
1873 1.5582718290306496
1874 1.5582718290306496
1875 1.4985680398726813
1876 1.4985680398726813
1877 1.4985680398726813
1878 1.4985680398726813
1879 1.58088460703956
1880 1.58088460703956
1881 1.58088460703956
1882 1.58088460703956
1883 1.2250646634144173
1884 1.2250646634144173
1885 1.2250646634144173
1886 1.2250646634144173
1887 1.2449584355412378
1888 1.2449584355412378
1889 1.2449584355412378
1890 1.2449584355412378
1891 1.2710054722911017
1892 1.2710054722911017
1893 1.2710054722911017
1894 1.2710054722911017
1895 1.6923921524788594
1896 1.6923921524788594
1897 1.6923921524788594
1898 1.6923921524788594
1899 1.9853445528970397
1900 1.9853445528970397
1901 1.9853445528970397
1902 1.9853445528970397
1903 0.7970633543603046
1904 0.7970633543603046
1905 0.7970633543603046
1906 0.7970633543603046
1907 2.21612922867975
1908 2.21612922867975
1909 2.21612922867975
1910 2.21612922867975
1911 1.709645711398236
1912 1.709645711398236
1913 1.709645711398236
1914 1.709645711398236
1915 2.348961584390393
1916 2.348961584390393
1917 2.348961584390393
1918 2.348961584390393
1919 0.9645122933929577
1920 0.9645122933929577
1921 0.9645122933929577
1922 0.9645122933929577
1923 2.7362814605217602
1924 2.7362814605217602
1925 2.7362814605217602
1926 2.7362814605217602
1927 0.617553894195762
1928 0.617553894195762
1929 0.617553894195762
1930 0.617553894195762
1931 1.4182378965265319
1932 1.4182378965265319
1933 3.446602057710776
1934 3.446602057710776
1935 3.446602057710776
1936 3.446602057710776
1937 3.465900190999661
1938 3.465900190999661
1939 3.465900190999661
1940 3.465900190999661
1941 4.701796656222004
1942 4.701796656222004
1943 4.701796656222004
1944 4.701796656222004
1945 2.8783391787728245
1946 2.8783391787728245
1947 2.8783391787728245
1948 2.8783391787728245
1949 3.030323133987265
1950 3.030323133987265
1951 3.030323133987265
1952 3.030323133987265
1953 2.026914817770304
1954 2.026914817770304
1955 2.026914817770304
1956 2.026914817770304
1957 2.9379660828295227
1958 2.9379660828295227
1959 2.9379660828295227
1960 2.9379660828295227
1961 3.3245557082715247
1962 3.3245557082715247
1963 3.3245557082715247
1964 3.3245557082715247
1965 4.265902245702879
1966 4.265902245702879
1967 4.265902245702879
1968 4.265902245702879
1969 3.2854476852567496
1970 3.2854476852567496
1971 3.2854476852567496
1972 3.2854476852567496
1973 3.060919426647247
1974 3.060919426647247
1975 3.060919426647247
1976 3.060919426647247
1977 4.8039937523916825
1978 4.8039937523916825
1979 4.8039937523916825
1980 4.8039937523916825
1981 4.254745476568999
1982 4.254745476568999
1983 4.254745476568999
1984 4.254745476568999
1985 4.833485247168285
1986 4.833485247168285
1987 4.833485247168285
1988 4.833485247168285
1989 2.0169122728328803
1990 2.0169122728328803
1991 2.0169122728328803
1992 2.0169122728328803
1993 2.898978732189026
1994 2.898978732189026
1995 2.898978732189026
1996 2.898978732189026
1997 3.1459727494393346
1998 3.1459727494393346
1999 3.1459727494393346
