0 0.20557948051112804
1 0.20557948051112804
2 0.20557948051112804
3 0.1772360008345903
4 0.1772360008345903
5 0.1772360008345903
6 0.13850991629605425
7 0.13850991629605425
8 0.13850991629605425
9 0.1855161226193047
10 0.1855161226193047
11 0.1855161226193047
12 0.12642749403905187
13 0.12642749403905187
14 0.12642749403905187
15 0.1
16 0.1
17 0.1
18 0.16304580062665847
19 0.16304580062665847
20 0.16304580062665847
21 0.1
22 0.1
23 0.1
24 0.11446683389751253
25 0.11446683389751253
26 0.11446683389751253
27 0.16468504497970016
28 0.16468504497970016
29 0.16468504497970016
30 0.26933057689845386
31 0.26933057689845386
32 0.26933057689845386
33 0.1
34 0.1
35 0.1
36 0.2884453579388379
37 0.2884453579388379
38 0.2884453579388379
39 0.2558946964765582
40 0.2558946964765582
41 0.2558946964765582
42 0.27838030488230375
43 0.27838030488230375
44 0.27838030488230375
45 0.1
46 0.1
47 0.1
48 0.1706833509208862
49 0.1706833509208862
50 0.1706833509208862
51 0.18813311922129336
52 0.18813311922129336
53 0.18813311922129336
54 0.28383465596125235
55 0.28383465596125235
56 0.28383465596125235
57 0.21161485361207374
58 0.21161485361207374
59 0.21161485361207374
60 0.17951680978146684
61 0.17951680978146684
62 0.17951680978146684
63 0.22448627189812437
64 0.22448627189812437
65 0.22448627189812437
66 0.13777782767960475
67 0.13777782767960475
68 0.13777782767960475
69 0.2541007191306202
70 0.2541007191306202
71 0.2541007191306202
72 0.12314238632176681
73 0.12314238632176681
74 0.12314238632176681
75 0.13203772308871
76 0.13203772308871
77 0.13203772308871
78 0.24145975853979723
79 0.24145975853979723
80 0.24145975853979723
81 0.2283996144764751
82 0.2283996144764751
83 0.2283996144764751
84 0.13335974886849156
85 0.13335974886849156
86 0.13335974886849156
87 0.23517762720063246
88 0.23517762720063246
89 0.23517762720063246
90 0.13118345565253642
91 0.13118345565253642
92 0.13118345565253642
93 0.2413648360612504
94 0.2413648360612504
95 0.2413648360612504
96 0.19662286450342467
97 0.19662286450342467
98 0.19662286450342467
99 0.22727113138864743
100 0.22727113138864743
101 0.22727113138864743
102 0.32406737591224033
103 0.32406737591224033
104 0.32406737591224033
105 0.26607428406741324
106 0.26607428406741324
107 0.26607428406741324
108 0.14810766694148939
109 0.14810766694148939
110 0.14810766694148939
111 0.1
112 0.1
113 0.1
114 0.21662175888342955
115 0.21662175888342955
116 0.21662175888342955
117 0.22666559730242594
118 0.22666559730242594
119 0.22666559730242594
120 0.23426667942850177
121 0.23426667942850177
122 0.23426667942850177
123 0.2806839971121268
124 0.2806839971121268
125 0.2806839971121268
126 0.24517610574981508
127 0.24517610574981508
128 0.24517610574981508
129 0.23967030629225772
130 0.23967030629225772
131 0.23967030629225772
132 0.28792931818160283
133 0.28792931818160283
134 0.28792931818160283
135 0.16789993796916083
136 0.16789993796916083
137 0.16789993796916083
138 0.1
139 0.1
140 0.1
141 0.1626902383020722
142 0.1626902383020722
143 0.1626902383020722
144 0.26090250562534284
145 0.26090250562534284
146 0.26090250562534284
147 0.1
148 0.1
149 0.1
150 0.3526049365534058
151 0.3526049365534058
152 0.3526049365534058
153 0.22325191479965406
154 0.22325191479965406
155 0.22325191479965406
156 0.26180873686952666
157 0.26180873686952666
158 0.26180873686952666
159 0.17213610406988294
160 0.17213610406988294
161 0.17213610406988294
162 0.19835109534744447
163 0.19835109534744447
164 0.19835109534744447
165 0.18781759242373017
166 0.18781759242373017
167 0.18781759242373017
168 0.2650393411131904
169 0.2650393411131904
170 0.2650393411131904
171 0.12624358537780228
172 0.12624358537780228
173 0.12624358537780228
174 0.2426092119713263
175 0.2426092119713263
176 0.2426092119713263
177 0.28946178229177644
178 0.28946178229177644
179 0.28946178229177644
180 0.16829456674228152
181 0.16829456674228152
182 0.16829456674228152
183 0.1350212199469564
184 0.1350212199469564
185 0.1350212199469564
186 0.17947919354568323
187 0.17947919354568323
188 0.17947919354568323
189 0.13882688455937572
190 0.13882688455937572
191 0.13882688455937572
192 0.16574793606541455
193 0.16574793606541455
194 0.16574793606541455
195 0.29830750948719353
196 1.2079187375382918
197 1.2079187375382918
198 1.2079187375382918
199 0.755255559132047
200 0.755255559132047
201 0.755255559132047
202 0.8702571784963895
203 0.8702571784963895
204 0.8702571784963895
205 0.8554300751618493
206 0.8554300751618493
207 0.8554300751618493
208 0.810610929803476
209 0.810610929803476
210 0.810610929803476
211 0.5313111444350043
212 0.5313111444350043
213 0.5313111444350043
214 0.362263536117436
215 0.6916773280601055
216 0.6916773280601055
217 0.6916773280601055
218 0.6774500221744435
219 0.6774500221744435
220 0.6774500221744435
221 1.2500707561100706
222 1.2500707561100706
223 1.2500707561100706
224 1.4917853509046075
225 1.4917853509046075
226 1.4917853509046075
227 1.102041369194939
228 1.102041369194939
229 1.102041369194939
230 1.2895949789160652
231 1.2895949789160652
232 1.2895949789160652
233 1.7558630948117515
234 1.7558630948117515
235 1.7558630948117515
236 0.48985762601504323
237 0.48985762601504323
238 0.48985762601504323
239 0.8869194559788116
240 0.8869194559788116
241 0.8869194559788116
242 1.3200274306827806
243 1.3200274306827806
244 1.3200274306827806
245 1.2615078076263724
246 1.2615078076263724
247 1.2615078076263724
248 1.3925152411315553
249 1.3925152411315553
250 1.3925152411315553
251 0.9153143462814473
252 0.9153143462814473
253 0.9153143462814473
254 0.7892498953293539
255 0.7892498953293539
256 0.7892498953293539
257 0.9479241753218519
258 0.9479241753218519
259 0.9479241753218519
260 1.1002896648730214
261 1.1002896648730214
262 1.1002896648730214
263 1.267788555956962
264 1.267788555956962
265 1.267788555956962
266 0.6713649543279894
267 0.6713649543279894
268 0.6713649543279894
269 1.1930748695770155
270 1.1930748695770155
271 1.1930748695770155
272 0.9535171578130615
273 0.9535171578130615
274 0.9535171578130615
275 1.2165698833146459
276 1.2165698833146459
277 1.9088197527440307
278 1.9088197527440307
279 1.9088197527440307
280 1.491384383519487
281 1.491384383519487
282 1.491384383519487
283 1.784437917330576
284 1.784437917330576
285 1.784437917330576
286 1.2859353381663527
287 1.2859353381663527
288 1.2859353381663527
289 2.4067208178922272
290 2.4067208178922272
291 2.4067208178922272
292 2.4433510198189623
293 2.4433510198189623
294 2.4433510198189623
295 2.137034308325308
296 2.137034308325308
297 2.137034308325308
298 2.404513419572776
299 2.404513419572776
300 2.404513419572776
301 1.050505516346433
302 1.050505516346433
303 1.050505516346433
304 2.3900388820060847
305 2.3900388820060847
306 2.3900388820060847
307 1.6237077678831762
308 1.6237077678831762
309 1.6237077678831762
310 1.5970144237295787
311 1.5970144237295787
312 1.5970144237295787
313 3.7911842831850233
314 3.7911842831850233
315 3.7911842831850233
316 2.2941331982570605
317 2.2941331982570605
318 2.2941331982570605
319 1.93758939629622
320 1.93758939629622
321 1.93758939629622
322 1.868032463126839
323 1.868032463126839
324 1.868032463126839
325 1.433510139429758
326 1.433510139429758
327 1.433510139429758
328 2.3891782855026253
329 2.3891782855026253
330 2.3891782855026253
331 2.655394195170444
332 2.655394195170444
333 2.655394195170444
334 1.7737914153420504
335 1.7737914153420504
336 1.7737914153420504
337 1.2224302728173835
338 1.2224302728173835
339 1.2224302728173835
340 3.6559089391182713
341 3.6559089391182713
342 3.6559089391182713
343 2.5740546687718098
344 2.5740546687718098
345 2.5740546687718098
346 1.843919791131147
347 1.843919791131147
348 1.843919791131147
349 1.8426584955401792
350 2.9777069880516964
351 2.9777069880516964
352 2.9777069880516964
353 2.231590017194191
354 2.231590017194191
355 2.231590017194191
356 3.6708293942493233
357 3.6708293942493233
358 3.6708293942493233
359 2.202653564131023
360 2.202653564131023
361 2.202653564131023
362 3.4395035492553148
363 3.4395035492553148
364 3.4395035492553148
365 2.5890892257252784
366 2.5890892257252784
367 2.5890892257252784
368 2.83638528544195
369 2.83638528544195
370 2.83638528544195
371 3.2141810909612665
372 3.2141810909612665
373 3.2141810909612665
374 3.7870593081094572
375 3.7870593081094572
376 3.7870593081094572
377 2.5579187735330993
378 2.5579187735330993
379 2.5579187735330993
380 2.7849989613204245
381 2.7849989613204245
382 2.7849989613204245
383 2.4311428185840693
384 2.4311428185840693
385 2.4311428185840693
386 2.4383953752265723
387 2.4383953752265723
388 2.4383953752265723
389 3.5989357017846992
390 3.5989357017846992
391 3.5989357017846992
392 3.010721667575803
393 3.010721667575803
394 3.010721667575803
395 2.4713419048802145
396 2.4713419048802145
397 2.4713419048802145
398 3.02459458692412
399 3.02459458692412
400 3.02459458692412
401 2.1539235461992465
402 2.1539235461992465
403 2.1539235461992465
404 3.008963934898179
405 2.7503149652232093
406 2.7503149652232093
407 2.7503149652232093
408 4.589903093919372
409 4.589903093919372
410 4.589903093919372
411 2.4058886106179314
412 2.4058886106179314
413 2.4058886106179314
414 2.3058707648353107
415 2.3058707648353107
416 2.3058707648353107
417 3.125064132056515
418 3.125064132056515
419 3.125064132056515
420 3.2067746973020252
421 3.2067746973020252
422 3.2067746973020252
423 3.810896573201879
424 3.810896573201879
425 3.810896573201879
426 2.658980317140252
427 2.658980317140252
428 2.658980317140252
429 2.8617019444542655
430 2.8617019444542655
431 2.8617019444542655
432 3.2628907848812276
433 3.2628907848812276
434 3.2628907848812276
435 4.289127322836974
436 4.289127322836974
437 4.289127322836974
438 2.400324402809433
439 2.400324402809433
440 2.400324402809433
441 3.1959718553201975
442 3.1959718553201975
443 3.1959718553201975
444 1.0258807230675195
445 1.0258807230675195
446 1.0258807230675195
447 2.864175147988661
448 2.864175147988661
449 2.864175147988661
450 3.3525374899977836
451 3.3525374899977836
452 3.3525374899977836
453 4.810727552938051
454 4.810727552938051
455 4.810727552938051
456 5.113635078358688
457 5.113635078358688
458 5.113635078358688
459 5.915913768747229
460 5.915913768747229
461 5.915913768747229
462 2.6660142215891316
463 2.6660142215891316
464 2.6660142215891316
465 2.553196478729468
466 2.553196478729468
467 2.553196478729468
468 2.9518149283984574
469 2.9518149283984574
470 2.9518149283984574
471 1.4848320773608712
472 1.4848320773608712
473 1.4848320773608712
474 2.5918179969235977
475 2.5918179969235977
476 2.5918179969235977
477 3.33689492541201
478 3.33689492541201
479 3.33689492541201
480 2.5088972091922326
481 2.5088972091922326
482 2.5088972091922326
483 1.9467446490855942
484 1.9467446490855942
485 1.9467446490855942
486 2.8801683095117547
487 2.8801683095117547
488 2.8801683095117547
489 4.0903431789189355
490 4.0903431789189355
491 4.0903431789189355
492 3.472743355872137
493 3.472743355872137
494 3.472743355872137
495 2.313088719394437
496 2.313088719394437
497 2.313088719394437
498 2.131557617451311
499 2.131557617451311
500 2.131557617451311
501 2.363867467363533
502 2.363867467363533
503 2.363867467363533
504 1.9590715978045377
505 1.9590715978045377
506 1.9590715978045377
507 1.5552517112235957
508 1.5552517112235957
509 1.5552517112235957
510 2.9365941945977965
511 2.9365941945977965
512 2.9365941945977965
513 3.2481967818502877
514 3.2481967818502877
515 3.2481967818502877
516 2.234072213316357
517 2.234072213316357
518 2.234072213316357
519 0.611088246901478
520 0.611088246901478
521 0.611088246901478
522 3.66251843974535
523 3.66251843974535
524 3.66251843974535
525 4.027899184842198
526 4.027899184842198
527 4.027899184842198
528 3.563962917527358
529 3.563962917527358
530 3.563962917527358
531 3.7371027638689522
532 3.7371027638689522
533 3.7371027638689522
534 4.745535887470146
535 4.745535887470146
536 4.745535887470146
537 4.185877298029399
538 4.185877298029399
539 4.185877298029399
540 1.653287703345642
541 1.653287703345642
542 1.653287703345642
543 0.779812259809014
544 0.779812259809014
545 0.779812259809014
546 4.183629965236862
547 4.183629965236862
548 4.183629965236862
549 4.554513534003535
550 4.554513534003535
551 4.554513534003535
552 3.710791443511047
553 3.710791443511047
554 3.710791443511047
555 2.1620229378722757
556 2.1620229378722757
557 2.1620229378722757
558 2.536605710889442
559 2.536605710889442
560 2.536605710889442
561 2.0218979563489548
562 2.0218979563489548
563 2.0218979563489548
564 3.256401479142058
565 3.256401479142058
566 3.256401479142058
567 2.3271665544083775
568 2.3271665544083775
569 2.3271665544083775
570 3.412907262365665
571 3.412907262365665
572 3.412907262365665
573 3.307199797110314
574 3.307199797110314
575 3.307199797110314
576 3.5231144287309064
577 3.5231144287309064
578 3.5231144287309064
579 3.1192148366908947
580 3.1192148366908947
581 3.1192148366908947
582 2.8740146255119385
583 2.8740146255119385
584 2.8740146255119385
585 4.31453420421831
586 4.31453420421831
587 4.31453420421831
588 3.229045669829387
589 3.229045669829387
590 3.229045669829387
591 3.696448679828033
592 3.696448679828033
593 3.696448679828033
594 2.545081244738743
595 2.545081244738743
596 2.545081244738743
597 3.167738129743971
598 3.167738129743971
599 3.167738129743971
600 2.852388346517798
601 2.852388346517798
602 2.852388346517798
603 3.759852893983196
604 3.759852893983196
605 3.759852893983196
606 1.8506876179471416
607 1.8506876179471416
608 1.8506876179471416
609 2.0081806515923613
610 2.0081806515923613
611 2.0081806515923613
612 2.696044913892751
613 2.696044913892751
614 2.696044913892751
615 1.63629046861925
616 1.63629046861925
617 1.63629046861925
618 3.1854675824345966
619 3.1854675824345966
620 3.1854675824345966
621 3.521964919871904
622 3.521964919871904
623 3.521964919871904
624 3.4212725343434123
625 3.4212725343434123
626 3.4212725343434123
627 4.020244336720972
628 4.020244336720972
629 4.020244336720972
630 1.5241639878619544
631 1.5241639878619544
632 1.5241639878619544
633 3.207176102243608
634 3.207176102243608
635 3.207176102243608
636 3.0428174165970714
637 3.0428174165970714
638 3.0428174165970714
639 3.7155434588406946
640 3.7155434588406946
641 3.7155434588406946
642 3.1413829866589484
643 3.1413829866589484
644 3.1413829866589484
645 4.0308301722779065
646 4.0308301722779065
647 4.0308301722779065
648 3.2439560561381846
649 3.2439560561381846
650 3.2439560561381846
651 0.1
652 0.1
653 0.1
654 4.3451162581866
655 4.3451162581866
656 4.3451162581866
657 4.518203704526326
658 4.518203704526326
659 4.518203704526326
660 2.618287880968872
661 2.618287880968872
662 2.618287880968872
663 1.6461174623744563
664 1.6461174623744563
665 1.6461174623744563
666 2.357208662006259
667 2.357208662006259
668 3.8702951633226954
669 3.8702951633226954
670 3.8702951633226954
671 4.587274248031482
672 4.587274248031482
673 4.587274248031482
674 1.608132096078957
675 1.608132096078957
676 1.608132096078957
677 1.6385258235639928
678 1.6385258235639928
679 1.6385258235639928
680 4.888024582251608
681 4.888024582251608
682 4.888024582251608
683 2.879516147001417
684 2.879516147001417
685 2.879516147001417
686 4.382396538485656
687 4.382396538485656
688 4.382396538485656
689 2.49561346124433
690 2.49561346124433
691 2.49561346124433
692 5.12816838997185
693 5.12816838997185
694 5.12816838997185
695 1.835089558325935
696 1.835089558325935
697 1.835089558325935
698 3.0813379059517674
699 3.0813379059517674
700 3.0813379059517674
701 2.9383659989051925
702 2.9383659989051925
703 2.9383659989051925
704 4.7463416767853115
705 4.7463416767853115
706 4.7463416767853115
707 3.6180600056529926
708 3.6180600056529926
709 3.6180600056529926
710 2.259928185233958
711 2.259928185233958
712 2.259928185233958
713 1.9805781941707805
714 1.9805781941707805
715 1.9805781941707805
716 1.6321206885474433
717 1.6321206885474433
718 1.6321206885474433
719 0.8151157455310112
720 0.8151157455310112
721 0.8151157455310112
722 1.639730725903216
723 1.639730725903216
724 1.639730725903216
725 1.1230243636886992
726 1.1230243636886992
727 1.1230243636886992
728 0.9867678865786715
729 0.9867678865786715
730 0.9867678865786715
731 0.7668925375294364
732 0.7668925375294364
733 0.7668925375294364
734 1.0450109490691712
735 1.0450109490691712
736 1.0450109490691712
737 0.24123685691853758
738 0.24123685691853758
739 0.24123685691853758
740 1.8260811952214167
741 1.8260811952214167
742 1.8260811952214167
743 0.3222502048351029
744 0.3222502048351029
745 0.3222502048351029
746 1.4305426806866006
747 1.4305426806866006
748 1.4305426806866006
749 0.8005265308096278
750 0.8005265308096278
751 0.8005265308096278
752 1.2355704489491397
753 1.2355704489491397
754 1.2355704489491397
755 0.5577341543609723
756 0.5577341543609723
757 0.5577341543609723
758 0.6190858886434685
759 0.6190858886434685
760 0.6190858886434685
761 1.0822071779675935
762 1.0822071779675935
763 1.0822071779675935
764 1.0004276866522879
765 1.0004276866522879
766 1.0004276866522879
767 0.7848850945184098
768 0.7848850945184098
769 0.7848850945184098
770 1.6008421339740453
771 1.6008421339740453
772 1.6008421339740453
773 1.2807637915798717
774 1.2807637915798717
775 1.2807637915798717
776 1.6553671156886267
777 1.6553671156886267
778 1.6553671156886267
779 1.0588027483027338
780 1.0588027483027338
781 1.0588027483027338
782 0.6262509573240633
783 0.6262509573240633
784 0.6262509573240633
785 1.6373613522123707
786 1.6373613522123707
787 1.6373613522123707
788 1.3818575558441073
789 1.3818575558441073
790 1.3818575558441073
791 1.2956357540585837
792 1.2956357540585837
793 1.2956357540585837
794 1.5005907330802728
795 1.5005907330802728
796 1.5005907330802728
797 1.256121811287335
798 1.256121811287335
799 1.256121811287335
800 1.2985591896210498
801 1.2985591896210498
802 1.2985591896210498
803 1.047030961150275
804 1.047030961150275
805 1.047030961150275
806 0.9366857811771143
807 0.9366857811771143
808 0.9366857811771143
809 0.9355957794213855
810 0.9355957794213855
811 0.9355957794213855
812 1.181488203866708
813 1.181488203866708
814 1.181488203866708
815 0.9627193005672721
816 0.9627193005672721
817 0.9627193005672721
818 1.4090146871880045
819 1.4090146871880045
820 1.4090146871880045
821 1.4993406972131502
822 1.4993406972131502
823 1.4993406972131502
824 0.9334786285626074
825 3.2648829037550984
826 3.2648829037550984
827 3.2648829037550984
828 1.9502563360632375
829 1.9502563360632375
830 1.9502563360632375
831 2.010298318776935
832 2.010298318776935
833 2.010298318776935
834 2.6118021029012635
835 2.6118021029012635
836 2.6118021029012635
837 2.491258679529342
838 2.491258679529342
839 2.491258679529342
840 3.524029591381092
841 3.524029591381092
842 3.524029591381092
843 2.4604246558931857
844 2.4604246558931857
845 2.4604246558931857
846 2.337249285429846
847 2.337249285429846
848 4.167590467559123
849 4.167590467559123
850 4.167590467559123
851 3.2665574612642185
852 0.48397107942770445
853 0.48397107942770445
854 0.48397107942770445
855 0.2436813205828232
856 0.2436813205828232
857 0.2436813205828232
858 0.2614786790911911
859 0.2614786790911911
860 0.2614786790911911
861 0.7043167229981173
862 0.7043167229981173
863 0.7043167229981173
864 0.6737422788216926
865 0.6737422788216926
866 0.6737422788216926
867 0.45229534627632506
868 0.45229534627632506
869 0.45229534627632506
870 0.7978585722321597
871 0.7978585722321597
872 0.7978585722321597
873 0.512717624172311
874 0.512717624172311
875 0.512717624172311
876 0.731587666834042
877 0.731587666834042
878 0.731587666834042
879 0.4119230611535209
880 0.4119230611535209
881 0.4119230611535209
882 0.3893258647699055
883 0.3893258647699055
884 0.3893258647699055
885 0.8906552000756482
886 0.8906552000756482
887 0.8906552000756482
888 1.1977849482537581
889 1.1977849482537581
890 1.1977849482537581
891 0.700742388396392
892 0.700742388396392
893 0.700742388396392
894 0.6941860513586425
895 0.6941860513586425
896 0.6941860513586425
897 0.9179294325440246
898 0.9179294325440246
899 0.9179294325440246
900 0.7519872230657653
901 0.7519872230657653
902 0.7519872230657653
903 0.25992696971894824
904 0.25992696971894824
905 0.25992696971894824
906 0.8282909974957443
907 0.8282909974957443
908 0.8282909974957443
909 0.45301938850910856
910 0.45301938850910856
911 0.45301938850910856
912 0.5387824871935825
913 0.5387824871935825
914 0.5387824871935825
915 0.43050960075892125
916 0.43050960075892125
917 0.43050960075892125
918 0.5570593613272068
919 0.5570593613272068
920 0.5570593613272068
921 0.42576104605810516
922 0.42576104605810516
923 0.42576104605810516
924 0.7612118517565034
925 0.7612118517565034
926 0.7612118517565034
927 0.6378420040377734
928 0.6378420040377734
929 0.6378420040377734
930 0.6821363200203062
931 0.6821363200203062
932 0.6821363200203062
933 0.46619099261311625
934 0.46619099261311625
935 0.46619099261311625
936 0.6071023865983667
937 0.6071023865983667
938 0.6071023865983667
939 0.8361964973759881
940 0.8361964973759881
941 0.8361964973759881
942 0.9935244570868278
943 0.9935244570868278
944 0.9935244570868278
945 0.9834563927054603
946 0.9834563927054603
947 0.9834563927054603
948 1.0312199657455885
949 1.0312199657455885
950 1.0312199657455885
951 0.5148614098063474
952 0.5148614098063474
953 0.5148614098063474
954 0.8262965386393453
955 0.8262965386393453
956 0.8262965386393453
957 0.44437684693176244
958 0.44437684693176244
959 0.44437684693176244
960 1.1374604984713232
961 1.1374604984713232
962 1.1374604984713232
963 0.7174289255330358
964 0.7174289255330358
965 0.7174289255330358
966 0.5033818346722327
967 0.5033818346722327
968 0.5033818346722327
969 0.3901923367745222
970 0.3901923367745222
971 0.3901923367745222
972 0.19177520067147796
973 0.19177520067147796
974 0.19177520067147796
975 0.3802110996464545
976 0.3802110996464545
977 0.3802110996464545
978 0.5205747181437235
979 0.5205747181437235
980 0.5205747181437235
981 0.4543273264072783
982 0.4543273264072783
983 0.4543273264072783
984 0.8044226711997557
985 0.8044226711997557
986 0.8044226711997557
987 0.5120851017621054
988 0.5120851017621054
989 0.5120851017621054
990 0.2986905529237275
991 0.2986905529237275
992 0.2986905529237275
993 0.43340570109653254
994 0.43340570109653254
995 0.43340570109653254
996 0.8501076876729773
997 0.8501076876729773
998 0.8501076876729773
999 0.5232942273667228
1000 0.5232942273667228
1001 0.5232942273667228
1002 0.6747575981049597
1003 0.6747575981049597
1004 0.6747575981049597
1005 0.8066743970756084
1006 0.8066743970756084
1007 0.8066743970756084
1008 0.7022968422270248
1009 0.7022968422270248
1010 0.7022968422270248
1011 0.41985935521997997
1012 0.41985935521997997
1013 0.41985935521997997
1014 0.6484960659467442
1015 0.6484960659467442
1016 0.6484960659467442
1017 0.3600238798323036
1018 0.3600238798323036
1019 0.3600238798323036
1020 0.632213650633188
1021 0.632213650633188
1022 0.632213650633188
1023 0.4990446383752284
1024 0.4990446383752284
1025 0.4990446383752284
1026 0.7858904186074326
1027 0.7858904186074326
1028 0.7858904186074326
1029 0.4940116136361437
1030 0.4940116136361437
1031 0.4940116136361437
1032 0.9478235100904203
1033 0.9478235100904203
1034 0.9478235100904203
1035 0.8789697912269769
1036 0.8789697912269769
1037 0.8789697912269769
1038 0.6734836982099982
1039 0.6734836982099982
1040 0.6734836982099982
1041 0.4616069760473541
1042 0.4616069760473541
1043 0.4616069760473541
1044 0.8244090913224973
1045 0.8244090913224973
1046 0.8244090913224973
1047 0.7247117996756196
1048 0.7247117996756196
1049 0.7247117996756196
1050 0.5180616935861999
1051 0.5180616935861999
1052 0.5180616935861999
1053 0.6532979675737615
1054 0.6532979675737615
1055 0.6532979675737615
1056 0.6842315450385076
1057 0.6842315450385076
1058 0.6842315450385076
1059 0.4802390462109526
1060 0.4802390462109526
1061 0.4802390462109526
1062 0.22213256096225453
1063 0.22213256096225453
1064 0.22213256096225453
1065 1.0676017135147733
1066 1.0676017135147733
1067 1.0676017135147733
1068 1.0050737730768304
1069 1.0050737730768304
1070 1.0050737730768304
1071 0.9470141441632418
1072 0.9470141441632418
1073 0.9470141441632418
1074 0.6731176636815459
1075 0.6731176636815459
1076 0.6731176636815459
1077 0.6127441616777203
1078 0.6127441616777203
1079 0.6127441616777203
1080 0.9040369769654614
1081 0.9040369769654614
1082 0.9040369769654614
1083 0.44693055393823833
1084 0.44693055393823833
1085 0.44693055393823833
1086 0.519989692366281
1087 0.519989692366281
1088 0.519989692366281
1089 0.5086184201424971
1090 0.5086184201424971
1091 0.5086184201424971
1092 0.6896609439219709
1093 0.6896609439219709
1094 0.6896609439219709
1095 0.8132634472114489
1096 0.8132634472114489
1097 0.8132634472114489
1098 0.4812983360319917
1099 0.4812983360319917
1100 0.4812983360319917
1101 0.5922874947272532
1102 0.5922874947272532
1103 0.5922874947272532
1104 0.29520147848201683
1105 0.29520147848201683
1106 0.29520147848201683
1107 0.695846448951039
1108 0.695846448951039
1109 0.695846448951039
1110 0.9234098545657116
1111 0.9234098545657116
1112 0.9234098545657116
1113 2.603043267139759
1114 2.603043267139759
1115 2.603043267139759
1116 2.381852176261903
1117 2.381852176261903
1118 2.381852176261903
1119 1.9906237757010072
1120 1.9906237757010072
1121 1.9906237757010072
1122 1.5964348304552645
1123 1.5964348304552645
1124 1.5964348304552645
1125 3.5029331346012746
1126 3.5029331346012746
1127 3.5029331346012746
1128 1.3194576952348283
1129 1.3194576952348283
1130 1.3194576952348283
1131 3.0896968454529072
1132 3.0896968454529072
1133 3.0896968454529072
1134 2.241721626876174
1135 2.241721626876174
1136 2.241721626876174
1137 2.2959836298809373
1138 2.2959836298809373
1139 2.2959836298809373
1140 3.237065821899252
1141 3.237065821899252
1142 3.237065821899252
1143 0.6710816368947043
1144 0.6710816368947043
1145 0.6710816368947043
1146 2.19068908626858
1147 2.19068908626858
1148 2.19068908626858
1149 2.6610198942350265
1150 2.6610198942350265
1151 2.6610198942350265
1152 4.593429082213829
1153 4.593429082213829
1154 4.593429082213829
1155 1.0867776654285237
1156 1.0867776654285237
1157 1.0867776654285237
1158 1.7022255903505192
1159 1.7022255903505192
1160 1.7022255903505192
1161 1.5661736811548064
1162 1.5661736811548064
1163 1.5661736811548064
1164 0.1
1165 0.1
1166 0.1
1167 2.365454561235578
1168 2.365454561235578
1169 2.365454561235578
1170 1.7220651819838013
1171 1.7220651819838013
1172 1.7220651819838013
1173 2.4172861717786667
1174 2.4172861717786667
1175 2.4172861717786667
1176 2.440094722195232
1177 2.440094722195232
1178 2.440094722195232
1179 2.3999073818123864
1180 2.3999073818123864
1181 2.3999073818123864
1182 1.005704659616223
1183 1.005704659616223
1184 1.005704659616223
1185 3.0753259938790873
1186 3.0753259938790873
1187 3.0753259938790873
1188 1.1094320297031985
1189 1.1094320297031985
1190 1.1094320297031985
1191 1.0311814631733311
1192 1.0311814631733311
1193 1.0311814631733311
1194 1.1988209207466147
1195 1.1988209207466147
1196 1.1988209207466147
1197 3.415565663228484
1198 3.415565663228484
1199 3.415565663228484
1200 2.535443237797467
1201 2.535443237797467
1202 2.535443237797467
1203 3.0146603483731305
1204 3.0146603483731305
1205 3.0146603483731305
1206 3.3992846548050086
1207 3.3992846548050086
1208 3.3992846548050086
1209 1.850902277609337
1210 1.850902277609337
1211 1.850902277609337
1212 1.176449495643572
1213 1.176449495643572
1214 1.176449495643572
1215 1.9285357473384206
1216 1.9285357473384206
1217 1.9285357473384206
1218 1.247936953807817
1219 1.247936953807817
1220 1.247936953807817
1221 1.5844239223189884
1222 1.5844239223189884
1223 1.5844239223189884
1224 3.3565369798557456
1225 3.3565369798557456
1226 3.3565369798557456
1227 2.519895965354735
1228 2.519895965354735
1229 2.519895965354735
1230 3.111743649105578
1231 3.111743649105578
1232 3.111743649105578
1233 2.7500293330636065
1234 2.7500293330636065
1235 2.7500293330636065
1236 2.613160271558001
1237 2.613160271558001
1238 2.613160271558001
1239 2.3304364584309436
1240 2.3304364584309436
1241 2.3304364584309436
1242 2.495077334424782
1243 2.495077334424782
1244 2.495077334424782
1245 3.163632306372361
1246 3.163632306372361
1247 3.163632306372361
1248 1.9940483017624402
1249 1.9940483017624402
1250 1.9940483017624402
1251 0.6234709805906282
1252 0.6234709805906282
1253 0.6234709805906282
1254 3.6702302073079465
1255 3.6702302073079465
1256 3.6702302073079465
1257 2.575231814584451
1258 2.575231814584451
1259 2.575231814584451
1260 2.9541612837707825
1261 2.9541612837707825
1262 2.9541612837707825
1263 2.3326558614933544
1264 2.3326558614933544
1265 2.3326558614933544
1266 0.7432148129722964
1267 0.7432148129722964
1268 0.7432148129722964
1269 2.511959663865418
1270 2.511959663865418
1271 2.511959663865418
1272 1.141475909291222
1273 1.141475909291222
1274 1.141475909291222
1275 3.163418866098682
1276 3.163418866098682
1277 3.163418866098682
1278 1.57221218209828
1279 1.57221218209828
1280 1.57221218209828
1281 1.5431047007364667
1282 1.5431047007364667
1283 1.5431047007364667
1284 4.087784234674464
1285 4.087784234674464
1286 4.087784234674464
1287 2.929738705136913
1288 2.929738705136913
1289 2.929738705136913
1290 3.100939724369277
1291 3.100939724369277
1292 3.100939724369277
1293 1.9334564586704976
1294 1.9334564586704976
1295 1.9334564586704976
1296 1.5312719070300114
1297 1.5312719070300114
1298 1.5312719070300114
1299 3.1266820381124703
1300 3.1266820381124703
1301 3.1266820381124703
1302 2.851257193425835
1303 2.851257193425835
1304 2.851257193425835
1305 1.8618752347391514
1306 1.8618752347391514
1307 1.8618752347391514
1308 1.506672355989736
1309 1.506672355989736
1310 1.506672355989736
1311 3.1335794846902987
1312 3.1335794846902987
1313 3.1335794846902987
1314 3.753544476572852
1315 3.753544476572852
1316 3.753544476572852
1317 2.713146487344743
1318 2.713146487344743
1319 2.713146487344743
1320 1.741706284893891
1321 1.741706284893891
1322 1.741706284893891
1323 1.0884214236910266
1324 1.0884214236910266
1325 1.0884214236910266
1326 4.241755458299294
1327 4.241755458299294
1328 4.241755458299294
1329 3.495604999056403
1330 3.495604999056403
1331 3.495604999056403
1332 3.204827727492151
1333 3.204827727492151
1334 3.204827727492151
1335 0.8847756096557553
1336 0.8847756096557553
1337 0.8847756096557553
1338 1.1839561505662803
1339 1.1839561505662803
1340 1.1839561505662803
1341 2.4468907627495367
1342 2.4468907627495367
1343 2.4468907627495367
1344 3.3041877672417916
1345 3.3041877672417916
1346 3.3041877672417916
1347 3.9105661797131646
1348 3.9105661797131646
1349 3.9105661797131646
1350 1.880881710276011
1351 1.880881710276011
1352 1.880881710276011
1353 1.1396432083841987
1354 1.1396432083841987
1355 1.1396432083841987
1356 1.6354326847445297
1357 1.6354326847445297
1358 1.6354326847445297
1359 1.4244703599338866
1360 1.4244703599338866
1361 1.4244703599338866
1362 2.403495095271521
1363 2.403495095271521
1364 2.403495095271521
1365 2.5917235356314765
1366 2.5917235356314765
1367 2.5917235356314765
1368 2.5653746860568507
1369 2.5653746860568507
1370 2.5653746860568507
1371 2.3855029077608334
1372 2.3855029077608334
1373 2.3855029077608334
1374 1.1550861064145483
1375 1.1550861064145483
1376 1.1550861064145483
1377 1.898208251428605
1378 1.898208251428605
1379 1.898208251428605
1380 2.8528316536802603
1381 2.8528316536802603
1382 2.8528316536802603
1383 2.560916493413941
1384 2.560916493413941
1385 2.560916493413941
1386 1.7020969307254117
1387 1.7020969307254117
1388 1.7020969307254117
1389 2.375218944625093
1390 2.375218944625093
1391 2.375218944625093
1392 1.875420805284329
1393 1.875420805284329
1394 1.875420805284329
1395 2.4818162206397854
1396 2.4818162206397854
1397 2.4818162206397854
1398 2.69718482648549
1399 2.69718482648549
1400 2.69718482648549
1401 2.7640065762272035
1402 2.7640065762272035
1403 2.7640065762272035
1404 0.7984732103802077
1405 0.7984732103802077
1406 0.7984732103802077
1407 2.492176904080254
1408 2.492176904080254
1409 2.492176904080254
1410 5.527711581052021
1411 5.527711581052021
1412 5.527711581052021
1413 1.2690264124320334
1414 1.2690264124320334
1415 1.2690264124320334
1416 2.9315962531434225
1417 2.9315962531434225
1418 2.9315962531434225
1419 3.4751589474281444
1420 4.855853423926045
1421 4.855853423926045
1422 4.855853423926045
1423 2.4099585185896837
1424 2.4099585185896837
1425 2.4099585185896837
1426 4.134102434234528
1427 4.134102434234528
1428 4.134102434234528
1429 2.340527728412736
1430 2.340527728412736
1431 2.340527728412736
1432 3.876403636915674
1433 3.876403636915674
1434 3.876403636915674
1435 3.777222119077248
1436 3.777222119077248
1437 3.777222119077248
1438 2.0072956656523857
1439 2.0072956656523857
1440 2.0072956656523857
1441 3.0696311374440444
1442 3.0696311374440444
1443 3.0696311374440444
1444 0.9965386765112857
1445 0.9965386765112857
1446 0.9965386765112857
1447 1.270881642275434
1448 1.270881642275434
1449 1.270881642275434
1450 0.813794065736237
1451 0.813794065736237
1452 0.813794065736237
1453 1.4122623982431262
1454 1.4122623982431262
1455 1.4122623982431262
1456 1.2558090436679843
1457 1.2558090436679843
1458 1.2558090436679843
1459 1.5365690713528195
1460 1.5365690713528195
1461 1.5365690713528195
1462 1.6847902255580416
1463 1.6847902255580416
1464 1.6847902255580416
1465 1.513917269069783
1466 1.513917269069783
1467 1.513917269069783
1468 1.6445167648242478
1469 1.6445167648242478
1470 1.6445167648242478
1471 1.1575695790036744
1472 1.1575695790036744
1473 1.1575695790036744
1474 0.7029302716912389
1475 0.7029302716912389
1476 0.7029302716912389
1477 1.073030705857828
1478 1.073030705857828
1479 1.073030705857828
1480 0.7706961833118974
1481 0.7706961833118974
1482 0.7706961833118974
1483 1.7656551217141567
1484 1.7656551217141567
1485 1.7656551217141567
1486 1.2883864218088532
1487 1.2883864218088532
1488 1.2883864218088532
1489 1.1866668714765398
1490 1.1866668714765398
1491 1.1866668714765398
1492 1.0474425918481138
1493 1.0474425918481138
1494 1.0474425918481138
1495 1.1147682216415753
1496 1.1147682216415753
1497 1.1147682216415753
1498 1.123449777196503
1499 1.123449777196503
1500 1.123449777196503
1501 0.842803838113171
1502 0.842803838113171
1503 0.842803838113171
1504 1.5745527396714316
1505 1.5745527396714316
1506 1.5745527396714316
1507 0.8093741854683549
1508 0.8093741854683549
1509 0.8093741854683549
1510 1.5581158323519984
1511 1.5581158323519984
1512 1.5581158323519984
1513 1.4934620908357323
1514 1.4934620908357323
1515 1.4934620908357323
1516 0.839499525963104
1517 0.839499525963104
1518 0.839499525963104
1519 1.3787590371223541
1520 1.3787590371223541
1521 1.3787590371223541
1522 1.6011297348359679
1523 1.6011297348359679
1524 1.6011297348359679
1525 0.8606096598236723
1526 0.8606096598236723
1527 0.8606096598236723
1528 1.0187736746227585
1529 1.0187736746227585
1530 1.0187736746227585
1531 1.5720380782941186
1532 1.5720380782941186
1533 1.5720380782941186
1534 1.3164480623996118
1535 1.3164480623996118
1536 1.3164480623996118
1537 1.15069263207759
1538 1.15069263207759
1539 1.15069263207759
1540 0.7952766501481879
1541 0.7952766501481879
1542 0.7952766501481879
1543 0.9660998468337014
1544 0.9660998468337014
1545 0.9660998468337014
1546 0.5130717609749975
1547 0.5130717609749975
1548 0.5130717609749975
1549 1.1086886236562454
1550 1.1086886236562454
1551 1.1086886236562454
1552 1.0356573033123233
1553 1.0356573033123233
1554 1.0356573033123233
1555 0.7277655357869115
1556 0.7277655357869115
1557 0.7277655357869115
1558 0.8860346320509598
1559 0.8860346320509598
1560 0.8860346320509598
1561 0.6724253194146069
1562 0.6724253194146069
1563 0.6724253194146069
1564 1.4920673809595346
1565 1.4920673809595346
1566 1.4920673809595346
1567 0.7944196685318968
1568 0.7944196685318968
1569 0.7944196685318968
1570 0.6280048791613488
1571 0.6280048791613488
1572 0.6280048791613488
1573 1.76056584322136
1574 1.76056584322136
1575 1.76056584322136
1576 0.7569095735336531
1577 0.7569095735336531
1578 0.7879005499979366
1579 0.7879005499979366
1580 0.7879005499979366
1581 0.7126281877193881
1582 0.7126281877193881
1583 0.7126281877193881
1584 0.7124583966101948
1585 0.7124583966101948
1586 0.7124583966101948
1587 0.646862431486589
1588 0.646862431486589
1589 0.646862431486589
1590 0.5434595474460127
1591 0.5434595474460127
1592 0.5434595474460127
1593 0.6796568788907232
1594 0.6796568788907232
1595 0.6796568788907232
1596 1.077307141064824
1597 1.077307141064824
1598 1.077307141064824
1599 0.6362783268967824
1600 0.6362783268967824
1601 0.6362783268967824
1602 0.5873694260300618
1603 0.5873694260300618
1604 0.5873694260300618
1605 0.769468264852285
1606 0.769468264852285
1607 0.769468264852285
1608 0.6069482209208639
1609 0.6069482209208639
1610 0.6069482209208639
1611 0.8725952306617611
1612 0.8725952306617611
1613 0.8725952306617611
1614 0.5624023493354823
1615 0.5624023493354823
1616 0.5624023493354823
1617 0.7529639100054314
1618 0.7529639100054314
1619 0.7529639100054314
1620 0.5233654124828494
1621 0.5233654124828494
1622 0.5233654124828494
1623 0.6280550438113107
1624 0.6280550438113107
1625 0.6280550438113107
1626 0.44471857214981636
1627 0.44471857214981636
1628 0.44471857214981636
1629 0.6530357785296553
1630 0.6530357785296553
1631 0.6530357785296553
1632 0.4759808632443361
1633 0.4759808632443361
1634 0.4759808632443361
1635 0.44030148387596935
1636 0.44030148387596935
1637 0.44030148387596935
1638 0.7792869015673006
1639 0.7792869015673006
1640 0.7792869015673006
1641 0.8195707120420006
1642 0.8195707120420006
1643 0.8195707120420006
1644 0.4557615227221786
1645 0.4557615227221786
1646 0.4557615227221786
1647 0.6240849237977101
1648 0.6240849237977101
1649 0.6240849237977101
1650 1.1331951546752936
1651 1.1331951546752936
1652 1.1331951546752936
1653 0.673104705618057
1654 0.673104705618057
1655 0.673104705618057
1656 0.7039157096653712
1657 0.7039157096653712
1658 0.7039157096653712
1659 0.7488433674908336
1660 0.7488433674908336
1661 0.7488433674908336
1662 0.5907667813120785
1663 0.5907667813120785
1664 0.5907667813120785
1665 0.9215251131491661
1666 0.9215251131491661
1667 0.9215251131491661
1668 1.0583484557371516
1669 1.0583484557371516
1670 1.0583484557371516
1671 0.4811207520979768
1672 0.4811207520979768
1673 0.4811207520979768
1674 0.7939352822861964
1675 0.7939352822861964
1676 0.7939352822861964
1677 1.1920052112055863
1678 1.1920052112055863
1679 1.1920052112055863
1680 0.5978500788162597
1681 0.5978500788162597
1682 0.5978500788162597
1683 0.7804194059429791
1684 0.7804194059429791
1685 0.7804194059429791
1686 1.1827996816285176
1687 1.1827996816285176
1688 1.1827996816285176
1689 0.6664721310638057
1690 0.6664721310638057
1691 0.6664721310638057
1692 0.8617892413077508
1693 0.8617892413077508
1694 0.8617892413077508
1695 1.0079392263774727
1696 1.0079392263774727
1697 1.0079392263774727
1698 0.7237930200604419
1699 1.4055607779195234
1700 1.4055607779195234
1701 1.4055607779195234
1702 1.8910997821346713
1703 1.8910997821346713
1704 1.8910997821346713
1705 1.6714166665333074
1706 1.6714166665333074
1707 1.6714166665333074
1708 1.3615046196581508
1709 1.3615046196581508
1710 1.3615046196581508
1711 1.7695635392685618
1712 1.7695635392685618
1713 1.7695635392685618
1714 1.448779801208878
1715 1.448779801208878
1716 1.448779801208878
1717 1.5142302787979895
1718 1.5142302787979895
1719 1.5142302787979895
1720 1.6862831507413352
1721 1.6862831507413352
1722 1.6862831507413352
1723 2.6177588875688187
1724 2.6177588875688187
1725 2.6177588875688187
1726 1.4410701300997661
1727 1.4410701300997661
1728 1.4410701300997661
1729 1.4316323645046123
1730 1.4316323645046123
1731 1.4316323645046123
1732 0.6938122258243103
1733 0.6938122258243103
1734 0.6938122258243103
1735 3.6783918846622568
1736 3.6783918846622568
1737 3.6783918846622568
1738 0.7885458068898283
1739 0.7885458068898283
1740 0.7885458068898283
1741 4.028881950465523
1742 4.028881950465523
1743 4.028881950465523
1744 4.086514655115665
1745 4.086514655115665
1746 4.086514655115665
1747 2.1312952169812265
1748 2.1312952169812265
1749 2.1312952169812265
1750 2.3586160303326005
1751 2.3586160303326005
1752 2.3586160303326005
1753 1.840143087839776
1754 1.840143087839776
1755 1.840143087839776
1756 3.2039728742116447
1757 3.2039728742116447
1758 3.2039728742116447
1759 2.746254095693182
1760 2.746254095693182
1761 2.746254095693182
1762 2.331798818424422
1763 2.331798818424422
1764 2.331798818424422
1765 2.527019305692392
1766 2.527019305692392
1767 2.527019305692392
1768 4.629983568725574
1769 4.629983568725574
1770 4.629983568725574
1771 4.231520902466913
1772 4.231520902466913
1773 4.231520902466913
1774 3.5397664545480456
1775 3.5397664545480456
1776 3.5397664545480456
1777 2.01236227491369
1778 2.01236227491369
1779 2.01236227491369
1780 3.255293853157966
1781 3.255293853157966
1782 3.255293853157966
1783 2.1952923032725584
1784 2.1952923032725584
1785 2.1952923032725584
1786 2.734877684769274
1787 2.734877684769274
1788 2.734877684769274
1789 2.571154851528686
1790 2.571154851528686
1791 2.571154851528686
1792 2.1797175358403846
1793 2.1797175358403846
1794 2.1797175358403846
1795 1.2851843316773344
1796 1.2851843316773344
1797 1.2851843316773344
1798 4.667757290429553
1799 4.667757290429553
1800 4.667757290429553
1801 2.956297484182682
1802 2.956297484182682
1803 2.956297484182682
1804 2.8730757822881037
1805 2.8730757822881037
1806 2.8730757822881037
1807 2.8381127248031626
1808 2.8381127248031626
1809 2.8381127248031626
1810 3.874981827689868
1811 3.874981827689868
1812 3.874981827689868
1813 2.8635947731731557
1814 2.8635947731731557
1815 2.8635947731731557
1816 2.590564510629735
1817 2.590564510629735
1818 2.590564510629735
1819 1.9762681286698287
1820 1.9762681286698287
1821 1.9762681286698287
1822 1.6145553267757182
1823 1.6145553267757182
1824 1.6145553267757182
1825 2.092412997586231
1826 2.092412997586231
1827 2.092412997586231
1828 3.5583271125309257
1829 3.5583271125309257
1830 3.5583271125309257
1831 3.085956310051251
1832 3.085956310051251
1833 3.085956310051251
1834 4.348683242631766
1835 4.348683242631766
1836 4.348683242631766
1837 3.2872010641292464
1838 3.2872010641292464
1839 3.2872010641292464
1840 2.6972883996336114
1841 2.6972883996336114
1842 2.6972883996336114
1843 2.8279025457954483
1844 2.8279025457954483
1845 2.8279025457954483
1846 4.247238365588326
1847 4.247238365588326
1848 4.247238365588326
1849 1.7824555056426412
1850 1.7824555056426412
1851 1.7824555056426412
1852 1.3251973842294207
1853 1.3251973842294207
1854 1.3251973842294207
1855 1.446596752484452
1856 1.446596752484452
1857 1.446596752484452
1858 2.0497027505480196
1859 2.0497027505480196
1860 2.0497027505480196
1861 3.4840097549180156
1862 3.4840097549180156
1863 3.4840097549180156
1864 1.1247941876027336
1865 1.1247941876027336
1866 1.1247941876027336
1867 2.8581806510994716
1868 2.8581806510994716
1869 2.8581806510994716
1870 3.075368716650961
1871 3.075368716650961
1872 3.075368716650961
1873 3.317934804036272
1874 3.317934804036272
1875 3.317934804036272
1876 1.8938324489343605
1877 1.8938324489343605
1878 1.8938324489343605
1879 3.3393708271391613
1880 3.3393708271391613
1881 3.3393708271391613
1882 3.30212786786393
1883 3.30212786786393
1884 3.30212786786393
1885 2.8996702672930827
1886 2.8996702672930827
1887 2.8996702672930827
1888 4.351284771359455
1889 4.351284771359455
1890 4.351284771359455
1891 1.269002059959413
1892 1.269002059959413
1893 1.269002059959413
1894 2.5553122259500864
1895 2.5553122259500864
1896 2.5553122259500864
1897 3.5623623536973605
1898 3.5623623536973605
1899 3.5623623536973605
1900 1.0784008340018276
1901 1.0784008340018276
1902 1.0784008340018276
1903 4.583108435984644
1904 4.583108435984644
1905 4.583108435984644
1906 3.8050113525522815
1907 3.8050113525522815
1908 3.8050113525522815
1909 3.2335931077946336
1910 3.2335931077946336
1911 3.2335931077946336
1912 3.0713623544431043
1913 3.0713623544431043
1914 3.0713623544431043
1915 1.8563053460727108
1916 1.8563053460727108
1917 1.8563053460727108
1918 2.964762833363536
1919 2.964762833363536
1920 2.964762833363536
1921 2.3233698203828252
1922 2.3233698203828252
1923 2.3233698203828252
1924 2.613901693413003
1925 2.613901693413003
1926 2.613901693413003
1927 4.7120318592651165
1928 4.7120318592651165
1929 4.7120318592651165
1930 1.8017087830146385
1931 1.8017087830146385
1932 1.8017087830146385
1933 3.249230376237037
1934 3.249230376237037
1935 3.249230376237037
1936 3.754473539776497
1937 3.754473539776497
1938 3.754473539776497
1939 1.886181820478281
1940 1.886181820478281
1941 1.886181820478281
1942 3.3020894046710296
1943 3.3020894046710296
1944 3.3020894046710296
1945 1.340288595570642
1946 1.340288595570642
1947 1.340288595570642
1948 2.634750184071711
1949 2.634750184071711
1950 2.634750184071711
1951 2.276099986842646
1952 2.3365194451050977
1953 2.3365194451050977
1954 2.3365194451050977
1955 1.9298021695333416
1956 1.9298021695333416
1957 1.9298021695333416
1958 1.5211162102330567
1959 1.5211162102330567
1960 1.5211162102330567
1961 2.6655020425644276
1962 2.6655020425644276
1963 2.6655020425644276
1964 3.280030824191961
1965 3.280030824191961
1966 3.280030824191961
1967 2.2929806837779174
1968 2.2929806837779174
1969 2.2929806837779174
1970 2.518582749875377
1971 2.518582749875377
1972 2.518582749875377
1973 2.805609427953678
1974 2.805609427953678
1975 2.805609427953678
1976 2.5351584717548943
1977 2.5351584717548943
1978 2.5351584717548943
1979 1.6850245807973665
1980 1.6850245807973665
1981 1.6850245807973665
1982 1.7383967909237583
1983 1.7383967909237583
1984 1.7383967909237583
1985 3.8663985219771027
1986 3.8663985219771027
1987 3.8663985219771027
1988 3.294312032113088
1989 3.294312032113088
1990 3.294312032113088
1991 4.304219200452662
1992 4.304219200452662
1993 4.304219200452662
1994 2.5773957122068945
1995 2.5773957122068945
1996 2.5773957122068945
1997 2.467118020517128
1998 2.467118020517128
1999 2.467118020517128
