0 0.24667308883199135
1 0.24667308883199135
2 0.24667308883199135
3 0.24667308883199135
4 0.37833771967007257
5 0.37833771967007257
6 0.37833771967007257
7 0.37833771967007257
8 0.29685332603003417
9 0.29685332603003417
10 0.29685332603003417
11 0.29685332603003417
12 0.2950081269828334
13 0.2950081269828334
14 0.2950081269828334
15 0.2950081269828334
16 0.1
17 0.1
18 0.1
19 0.1
20 0.20249323322477533
21 0.20249323322477533
22 0.20249323322477533
23 0.20249323322477533
24 0.2968908208350819
25 0.2968908208350819
26 0.2968908208350819
27 0.2968908208350819
28 0.1959310300438331
29 0.1959310300438331
30 0.1959310300438331
31 0.1959310300438331
32 0.17210339122709534
33 0.17210339122709534
34 0.17210339122709534
35 0.17210339122709534
36 0.34507994256064756
37 0.34507994256064756
38 0.34507994256064756
39 0.34507994256064756
40 0.2684999749849292
41 0.2684999749849292
42 0.2684999749849292
43 0.2684999749849292
44 0.2597524032332976
45 0.2597524032332976
46 0.2597524032332976
47 0.2597524032332976
48 0.17346742435168822
49 0.17346742435168822
50 0.17346742435168822
51 0.17346742435168822
52 1.6563247738649751
53 1.6563247738649751
54 1.6563247738649751
55 1.6563247738649751
56 1.528251462819569
57 1.528251462819569
58 1.528251462819569
59 1.528251462819569
60 1.0823289568580199
61 1.0823289568580199
62 2.119154180961307
63 2.119154180961307
64 2.119154180961307
65 2.119154180961307
66 2.498739283186509
67 2.498739283186509
68 2.498739283186509
69 2.498739283186509
70 2.6700264072245328
71 2.6700264072245328
72 2.6700264072245328
73 2.6700264072245328
74 2.4862972509993106
75 2.4862972509993106
76 2.4862972509993106
77 2.4862972509993106
78 0.7646340725035228
79 2.5781824847142203
80 2.5781824847142203
81 2.5781824847142203
82 2.5781824847142203
83 1.0971106283594678
84 1.0971106283594678
85 1.1685742824442318
86 1.7344569788616022
87 1.7344569788616022
88 1.7344569788616022
89 1.7344569788616022
90 0.30623395984849644
91 0.30623395984849644
92 0.30623395984849644
93 0.30623395984849644
94 3.16237858187285
95 3.16237858187285
96 3.16237858187285
97 3.16237858187285
98 2.341622236947384
99 2.341622236947384
100 2.341622236947384
101 2.341622236947384
102 1.5482782665531847
103 1.5482782665531847
104 1.5482782665531847
105 1.5482782665531847
106 2.2226834859489886
107 2.2226834859489886
108 2.2226834859489886
109 2.2226834859489886
110 2.501516243916887
111 2.501516243916887
112 2.501516243916887
113 2.501516243916887
114 1.8755747892863548
115 1.8755747892863548
116 1.8755747892863548
117 1.8755747892863548
118 2.103241029670931
119 2.103241029670931
120 2.103241029670931
121 2.103241029670931
122 1.8960189256236377
123 1.8960189256236377
124 1.8960189256236377
125 1.8960189256236377
126 1.8088083072386276
127 1.8088083072386276
128 1.8088083072386276
129 1.8088083072386276
130 1.1574311074646904
131 1.1574311074646904
132 1.1574311074646904
133 1.1574311074646904
134 1.9594788773997245
135 1.9594788773997245
136 1.9594788773997245
137 1.9594788773997245
138 1.1629878562345615
139 1.1629878562345615
140 1.1629878562345615
141 1.1629878562345615
142 2.2786443299392696
143 2.2786443299392696
144 2.2786443299392696
145 2.2786443299392696
146 2.025328595940955
147 2.025328595940955
148 2.025328595940955
149 2.025328595940955
150 2.109682786085737
151 2.109682786085737
152 2.109682786085737
153 2.109682786085737
154 2.412691095511707
155 2.412691095511707
156 2.412691095511707
157 2.412691095511707
158 1.8341740413506917
159 1.8341740413506917
160 1.8341740413506917
161 1.8341740413506917
162 2.1405734777463166
163 3.850861709485304
164 3.850861709485304
165 3.850861709485304
166 3.850861709485304
167 4.572402092370864
168 4.572402092370864
169 4.572402092370864
170 4.572402092370864
171 4.615562446706692
172 4.615562446706692
173 4.615562446706692
174 4.615562446706692
175 6.268026681752364
176 6.268026681752364
177 6.268026681752364
178 6.268026681752364
179 4.651598855097605
180 4.651598855097605
181 4.651598855097605
182 4.651598855097605
183 5.444964053784037
184 5.444964053784037
185 5.444964053784037
186 5.444964053784037
187 3.259692665185397
188 3.259692665185397
189 3.259692665185397
190 3.259692665185397
191 1.4024548038843414
192 1.4024548038843414
193 1.4024548038843414
194 1.4024548038843414
195 3.605482460083947
196 3.605482460083947
197 3.605482460083947
198 3.605482460083947
199 1.5236235200737047
200 1.5236235200737047
201 1.5236235200737047
202 1.5236235200737047
203 4.53482817902324
204 4.53482817902324
205 4.53482817902324
206 4.53482817902324
207 2.7172102517116747
208 2.7172102517116747
209 2.7172102517116747
210 2.7172102517116747
211 4.441590951065199
212 4.441590951065199
213 4.441590951065199
214 4.441590951065199
215 4.15446620942204
216 4.15446620942204
217 4.15446620942204
218 4.15446620942204
219 4.594980582538711
220 4.594980582538711
221 4.594980582538711
222 4.594980582538711
223 2.587342819742046
224 2.587342819742046
225 2.587342819742046
226 2.587342819742046
227 1.0953441051590418
228 1.0953441051590418
229 1.0953441051590418
230 1.0953441051590418
231 2.2851038662459313
232 2.2851038662459313
233 2.2851038662459313
234 2.2851038662459313
235 1.094355971540817
236 1.094355971540817
237 1.094355971540817
238 1.094355971540817
239 1.1889489365844856
240 1.1889489365844856
241 1.1889489365844856
242 1.1889489365844856
243 0.7076491175727975
244 0.7076491175727975
245 0.7076491175727975
246 0.7076491175727975
247 5.0967435189092996
248 5.0967435189092996
249 5.0967435189092996
250 5.0967435189092996
251 2.513292247121008
252 2.513292247121008
253 2.513292247121008
254 2.513292247121008
255 4.275956272330961
256 4.275956272330961
257 0.23995274815577022
258 0.23995274815577022
259 0.23995274815577022
260 0.23995274815577022
261 0.649573188127755
262 0.649573188127755
263 0.649573188127755
264 0.649573188127755
265 1.341938627878918
266 1.341938627878918
267 1.341938627878918
268 1.341938627878918
269 0.9153544038224544
270 0.9153544038224544
271 0.9153544038224544
272 0.9153544038224544
273 0.942082850193765
274 0.942082850193765
275 0.942082850193765
276 0.942082850193765
277 0.6395149180239484
278 0.6395149180239484
279 0.6395149180239484
280 0.6395149180239484
281 0.3304784172225882
282 0.3304784172225882
283 0.3304784172225882
284 0.3304784172225882
285 0.6344303765299026
286 0.6344303765299026
287 0.6344303765299026
288 0.6344303765299026
289 0.2084955058533271
290 0.2084955058533271
291 0.2084955058533271
292 0.2084955058533271
293 0.39277407363567407
294 0.39277407363567407
295 0.39277407363567407
296 0.39277407363567407
297 0.7941170380516046
298 0.7941170380516046
299 0.7941170380516046
300 0.7941170380516046
301 0.8358071702784471
302 0.8358071702784471
303 0.8358071702784471
304 0.8358071702784471
305 0.8734851858146304
306 0.8734851858146304
307 0.8734851858146304
308 0.8734851858146304
309 0.2881911353781932
310 0.2881911353781932
311 0.2881911353781932
312 0.2881911353781932
313 0.9600971879088104
314 4.667986782518314
315 4.667986782518314
316 4.667986782518314
317 4.667986782518314
318 2.54055961529926
319 2.54055961529926
320 2.54055961529926
321 2.54055961529926
322 3.3143917560678586
323 3.3143917560678586
324 3.3143917560678586
325 3.3143917560678586
326 0.9741140890895537
327 0.9741140890895537
328 0.9741140890895537
329 0.9741140890895537
330 3.0751217449530066
331 3.0751217449530066
332 3.0751217449530066
333 3.0751217449530066
334 2.5326421019229888
335 2.5326421019229888
336 2.5326421019229888
337 2.5326421019229888
338 1.724156686125782
339 1.724156686125782
340 1.724156686125782
341 1.724156686125782
342 0.25224026011724376
343 0.25224026011724376
344 0.25224026011724376
345 0.25224026011724376
346 3.6938210122593063
347 3.6938210122593063
348 3.6938210122593063
349 3.6938210122593063
350 2.507024504766639
351 2.507024504766639
352 2.507024504766639
353 2.507024504766639
354 4.361094594864342
355 4.361094594864342
356 4.361094594864342
357 4.361094594864342
358 1.7391347249838631
359 1.7391347249838631
360 1.7391347249838631
361 1.7391347249838631
362 1.705789938474914
363 1.705789938474914
364 1.705789938474914
365 1.705789938474914
366 2.6118978531275405
367 2.6118978531275405
368 2.6118978531275405
369 2.6118978531275405
370 3.201346646028142
371 3.201346646028142
372 3.201346646028142
373 3.201346646028142
374 2.286504168203793
375 2.286504168203793
376 2.286504168203793
377 2.286504168203793
378 1.6895106418444197
379 1.6895106418444197
380 1.6895106418444197
381 1.6895106418444197
382 1.5723110849185038
383 1.5723110849185038
384 1.5723110849185038
385 1.5723110849185038
386 1.6849379138705984
387 1.6849379138705984
388 1.6849379138705984
389 1.6849379138705984
390 0.7552604714772286
391 0.7552604714772286
392 0.7552604714772286
393 0.7552604714772286
394 3.1735034384811955
395 3.1735034384811955
396 3.1735034384811955
397 3.1735034384811955
398 3.025700098608995
399 3.025700098608995
400 3.025700098608995
401 3.025700098608995
402 4.993539642889381
403 4.993539642889381
404 4.993539642889381
405 4.993539642889381
406 2.933824100954508
407 2.933824100954508
408 2.933824100954508
409 2.933824100954508
410 1.1535368594647826
411 1.1535368594647826
412 1.1535368594647826
413 1.1535368594647826
414 0.5835152767773044
415 0.5835152767773044
416 0.5835152767773044
417 0.5835152767773044
418 0.9950017108282672
419 0.9950017108282672
420 0.9950017108282672
421 0.9950017108282672
422 1.8438531766069173
423 1.8438531766069173
424 0.9807712354650575
425 0.9807712354650575
426 0.9807712354650575
427 0.9807712354650575
428 1.4704272166771082
429 1.4704272166771082
430 1.4704272166771082
431 1.4704272166771082
432 0.4933725279731961
433 0.4933725279731961
434 0.4933725279731961
435 0.4933725279731961
436 1.903832845584299
437 1.903832845584299
438 1.903832845584299
439 1.903832845584299
440 0.7936230077463216
441 0.7936230077463216
442 0.7936230077463216
443 0.7936230077463216
444 1.079283208530115
445 1.079283208530115
446 1.079283208530115
447 1.079283208530115
448 1.0725280634910919
449 2.488772560410445
450 2.488772560410445
451 2.488772560410445
452 2.488772560410445
453 4.680536667197101
454 4.680536667197101
455 4.680536667197101
456 4.680536667197101
457 6.785579843226321
458 6.785579843226321
459 6.785579843226321
460 6.785579843226321
461 3.5466743948862676
462 3.5466743948862676
463 3.5466743948862676
464 3.5466743948862676
465 6.921770441611668
466 6.921770441611668
467 6.921770441611668
468 6.921770441611668
469 6.7489513486691095
470 6.7489513486691095
471 6.7489513486691095
472 6.7489513486691095
473 2.3610535055282984
474 2.3610535055282984
475 2.3610535055282984
476 2.3610535055282984
477 1.7761972344858348
478 1.7761972344858348
479 1.7761972344858348
480 1.7761972344858348
481 4.06491030039051
482 4.06491030039051
483 4.06491030039051
484 4.06491030039051
485 1.6364961258173336
486 1.6364961258173336
487 1.6364961258173336
488 1.6364961258173336
489 3.184751288562219
490 3.184751288562219
491 3.184751288562219
492 3.184751288562219
493 3.2419973621133495
494 3.2419973621133495
495 3.2419973621133495
496 3.2419973621133495
497 1.0137619386299044
498 1.0137619386299044
499 1.0137619386299044
500 1.0137619386299044
501 2.5694962224735063
502 2.5694962224735063
503 2.5694962224735063
504 2.5694962224735063
505 3.8582410693117213
506 3.8582410693117213
507 3.8582410693117213
508 3.8582410693117213
509 1.4198037874428724
510 1.4198037874428724
511 1.4198037874428724
512 1.4198037874428724
513 1.570261366154484
514 1.570261366154484
515 1.570261366154484
516 1.570261366154484
517 2.354273223688848
518 2.354273223688848
519 2.354273223688848
520 2.354273223688848
521 3.0172103757703
522 3.0172103757703
523 3.0172103757703
524 3.0172103757703
525 2.535424632313056
526 2.535424632313056
527 2.535424632313056
528 2.535424632313056
529 2.202771215804836
530 2.202771215804836
531 2.202771215804836
532 2.202771215804836
533 2.6594034072467534
534 2.6594034072467534
535 2.6594034072467534
536 2.6594034072467534
537 1.3478486480782412
538 1.3478486480782412
539 1.3478486480782412
540 1.3478486480782412
541 4.096320094006231
542 4.096320094006231
543 1.3056449163075623
544 1.3056449163075623
545 1.3056449163075623
546 1.3056449163075623
547 2.6524181595812784
548 2.6524181595812784
549 2.6524181595812784
550 2.6524181595812784
551 0.1
552 0.1
553 0.1
554 0.1
555 5.430873087090692
556 5.430873087090692
557 5.430873087090692
558 5.430873087090692
559 4.8001932482651455
560 4.8001932482651455
561 4.8001932482651455
562 4.8001932482651455
563 3.894909909492467
564 3.894909909492467
565 3.894909909492467
566 3.894909909492467
567 2.6681013357364405
568 2.6681013357364405
569 2.6681013357364405
570 2.6681013357364405
571 5.461996273010092
572 5.461996273010092
573 5.461996273010092
574 5.461996273010092
575 2.8720941274881895
576 2.8720941274881895
577 2.8720941274881895
578 2.8720941274881895
579 4.6634514075140245
580 4.6634514075140245
581 4.6634514075140245
582 4.6634514075140245
583 4.367301787088378
584 4.367301787088378
585 6.0713697899572185
586 6.0713697899572185
587 6.0713697899572185
588 6.0713697899572185
589 2.5685661154999457
590 2.5685661154999457
591 2.5685661154999457
592 2.5685661154999457
593 3.0755101607055226
594 3.0755101607055226
595 3.0755101607055226
596 3.0755101607055226
597 4.428046467973261
598 4.428046467973261
599 4.428046467973261
600 4.428046467973261
601 0.1
602 0.1
603 0.1
604 0.1
605 6.610448407341101
606 6.610448407341101
607 6.610448407341101
608 6.610448407341101
609 5.511808065857166
610 5.511808065857166
611 5.511808065857166
612 5.511808065857166
613 0.27430349953449573
614 0.27430349953449573
615 0.27430349953449573
616 0.27430349953449573
617 2.8728262254364894
618 2.8728262254364894
619 2.8728262254364894
620 2.8728262254364894
621 6.000116943171842
622 6.000116943171842
623 6.000116943171842
624 6.000116943171842
625 5.7874738362494025
626 5.7874738362494025
627 5.7874738362494025
628 5.7874738362494025
629 3.5131888075776656
630 3.5131888075776656
631 3.5131888075776656
632 3.5131888075776656
633 5.383599607949327
634 5.383599607949327
635 2.54790378448346
636 2.54790378448346
637 2.54790378448346
638 2.54790378448346
639 2.5856900578828474
640 2.5856900578828474
641 2.5856900578828474
642 2.5856900578828474
643 3.7709370807658993
644 3.7709370807658993
645 3.7709370807658993
646 3.7709370807658993
647 2.35974958425782
648 2.35974958425782
649 2.35974958425782
650 2.35974958425782
651 2.4706193628557753
652 2.4706193628557753
653 2.4706193628557753
654 2.4706193628557753
655 1.30394826846915
656 1.30394826846915
657 1.30394826846915
658 1.30394826846915
659 0.1
660 0.1
661 0.1
662 0.1
663 2.8180183735241293
664 2.8180183735241293
665 2.8180183735241293
666 2.8180183735241293
667 3.175548014388304
668 3.175548014388304
669 3.175548014388304
670 3.175548014388304
671 2.2742657505373023
672 2.2742657505373023
673 3.952761760225047
674 3.952761760225047
675 3.952761760225047
676 3.952761760225047
677 1.566068620877066
678 1.566068620877066
679 1.566068620877066
680 1.566068620877066
681 1.2822033888863764
682 1.2822033888863764
683 1.2822033888863764
684 1.2822033888863764
685 3.1447618308013623
686 3.1447618308013623
687 3.1447618308013623
688 3.1447618308013623
689 0.19403985233076737
690 0.19403985233076737
691 0.19403985233076737
692 0.19403985233076737
693 3.41733311936589
694 3.41733311936589
695 3.41733311936589
696 3.41733311936589
697 1.9643905804026633
698 1.9643905804026633
699 1.9643905804026633
700 1.9643905804026633
701 2.4263506685653007
702 2.4263506685653007
703 2.4263506685653007
704 2.4263506685653007
705 0.12774582035966064
706 0.12774582035966064
707 0.12774582035966064
708 0.12774582035966064
709 2.253382894985834
710 2.253382894985834
711 2.253382894985834
712 2.253382894985834
713 2.9857550933734536
714 2.9857550933734536
715 2.9857550933734536
716 2.9857550933734536
717 0.8682781515564324
718 0.8682781515564324
719 0.8682781515564324
720 0.8682781515564324
721 1.6355667588130323
722 1.6355667588130323
723 1.6355667588130323
724 1.6355667588130323
725 1.1017121473329468
726 1.1017121473329468
727 1.1017121473329468
728 1.1017121473329468
729 0.6030941472914613
730 0.6030941472914613
731 0.6030941472914613
732 0.6030941472914613
733 3.0522253120122116
734 3.0522253120122116
735 3.0522253120122116
736 0.11544433611442352
737 0.11544433611442352
738 0.11544433611442352
739 0.11544433611442352
740 0.1
741 0.1
742 0.1
743 0.1
744 0.20820166124509554
745 0.20820166124509554
746 0.20820166124509554
747 0.20820166124509554
748 0.1663278395589518
749 0.1663278395589518
750 0.1663278395589518
751 0.1663278395589518
752 0.2167859167685779
753 0.2167859167685779
754 0.2167859167685779
755 0.2167859167685779
756 0.2514102712701216
757 0.2514102712701216
758 0.2514102712701216
759 0.2514102712701216
760 0.38401798304377655
761 0.38401798304377655
762 0.38401798304377655
763 0.38401798304377655
764 0.19293327992066572
765 0.19293327992066572
766 0.19293327992066572
767 0.19293327992066572
768 0.23298420074235815
769 0.23298420074235815
770 0.23298420074235815
771 0.23298420074235815
772 0.17117266805126544
773 0.17117266805126544
774 0.17117266805126544
775 0.17117266805126544
776 0.23115701160578422
777 0.23115701160578422
778 0.23115701160578422
779 0.23115701160578422
780 0.22397741352105485
781 0.22397741352105485
782 0.22397741352105485
783 0.22397741352105485
784 0.18684174334349016
785 0.18684174334349016
786 0.18684174334349016
787 0.18684174334349016
788 0.19070721931229012
789 0.19070721931229012
790 0.19070721931229012
791 0.19070721931229012
792 0.2151755819687204
793 0.2151755819687204
794 0.2151755819687204
795 0.2151755819687204
796 0.17418305160699107
797 0.17418305160699107
798 0.17418305160699107
799 0.17418305160699107
800 0.2985750848507167
801 0.2985750848507167
802 0.2985750848507167
803 0.21138947467748942
804 0.21138947467748942
805 0.21138947467748942
806 0.21138947467748942
807 0.5824379763554397
808 0.5824379763554397
809 0.5824379763554397
810 0.5824379763554397
811 0.9920349022161341
812 0.9920349022161341
813 0.9920349022161341
814 0.9920349022161341
815 0.5525832799731347
816 0.5525832799731347
817 0.5525832799731347
818 0.5525832799731347
819 0.7872577031723738
820 0.7872577031723738
821 0.7872577031723738
822 0.7872577031723738
823 1.0090954017361304
824 1.0090954017361304
825 1.0090954017361304
826 1.0090954017361304
827 0.5298482271015551
828 0.5298482271015551
829 0.5298482271015551
830 0.5298482271015551
831 0.24125537513722312
832 0.24125537513722312
833 0.24125537513722312
834 0.24125537513722312
835 3.9230563584957645
836 3.9230563584957645
837 3.9230563584957645
838 3.9230563584957645
839 2.7227985869834255
840 2.7227985869834255
841 2.7227985869834255
842 2.7227985869834255
843 0.1
844 0.1
845 0.1
846 0.1
847 4.002732424072253
848 4.002732424072253
849 4.002732424072253
850 4.002732424072253
851 1.986833352328083
852 1.986833352328083
853 1.986833352328083
854 1.986833352328083
855 4.76805660822353
856 4.76805660822353
857 4.76805660822353
858 4.76805660822353
859 2.7505212195827533
860 2.7505212195827533
861 2.7505212195827533
862 2.7505212195827533
863 4.786592582931049
864 4.786592582931049
865 4.786592582931049
866 4.786592582931049
867 6.7741886929419906
868 6.7741886929419906
869 6.7741886929419906
870 6.7741886929419906
871 4.0816628061393665
872 4.0816628061393665
873 4.0816628061393665
874 4.0816628061393665
875 3.5155037407714507
876 3.5155037407714507
877 3.5155037407714507
878 3.5155037407714507
879 4.568376683702173
880 4.568376683702173
881 4.568376683702173
882 4.568376683702173
883 1.1218616443329812
884 1.1218616443329812
885 1.1218616443329812
886 1.1218616443329812
887 3.717938890240318
888 3.717938890240318
889 3.717938890240318
890 3.717938890240318
891 2.242121428181072
892 2.242121428181072
893 2.242121428181072
894 2.242121428181072
895 6.381237247841443
896 3.5905008634273816
897 3.5905008634273816
898 3.5905008634273816
899 3.5905008634273816
900 1.5996976781924068
901 1.5996976781924068
902 1.5996976781924068
903 1.5996976781924068
904 2.233545043276531
905 2.233545043276531
906 2.233545043276531
907 2.233545043276531
908 1.2885986591691494
909 1.2885986591691494
910 1.2885986591691494
911 1.2885986591691494
912 2.501195446353511
913 2.501195446353511
914 2.501195446353511
915 2.501195446353511
916 1.0435537138585902
917 1.0435537138585902
918 1.0435537138585902
919 1.0435537138585902
920 0.830413690463786
921 0.830413690463786
922 0.830413690463786
923 0.830413690463786
924 0.8830573613943227
925 0.8830573613943227
926 0.8830573613943227
927 0.8830573613943227
928 1.3696036990361011
929 0.8355547529161789
930 0.8355547529161789
931 0.8355547529161789
932 0.8355547529161789
933 3.910572106068483
934 3.910572106068483
935 3.910572106068483
936 3.910572106068483
937 4.2741120671076835
938 4.2741120671076835
939 4.2741120671076835
940 4.2741120671076835
941 3.981606480547012
942 3.981606480547012
943 2.3851602721117926
944 2.3851602721117926
945 2.3851602721117926
946 2.3851602721117926
947 1.1111959808397203
948 1.1111959808397203
949 1.1111959808397203
950 1.1111959808397203
951 0.8749705315913333
952 0.8749705315913333
953 0.8749705315913333
954 0.8749705315913333
955 0.1
956 0.1
957 0.1
958 0.1
959 0.4383684416716629
960 0.1
961 0.1
962 0.1
963 0.1
964 0.6142550504774476
965 0.6142550504774476
966 0.6142550504774476
967 0.6142550504774476
968 0.9709516467669974
969 0.9709516467669974
970 0.9709516467669974
971 0.9709516467669974
972 0.10703423885239882
973 0.10703423885239882
974 0.10703423885239882
975 0.10703423885239882
976 1.879220640637491
977 1.879220640637491
978 1.879220640637491
979 1.879220640637491
980 4.24573334085345
981 4.24573334085345
982 4.24573334085345
983 4.24573334085345
984 2.862291866441982
985 2.862291866441982
986 2.862291866441982
987 2.862291866441982
988 0.8126178709133747
989 0.8126178709133747
990 0.8126178709133747
991 0.8126178709133747
992 1.7624072781237357
993 1.7624072781237357
994 1.7624072781237357
995 1.7624072781237357
996 1.4088862660838688
997 1.4088862660838688
998 1.4088862660838688
999 1.4088862660838688
1000 3.4575453476959046
1001 3.4575453476959046
1002 3.4575453476959046
1003 3.4575453476959046
1004 4.6918736339504346
1005 4.6918736339504346
1006 4.6918736339504346
1007 4.6918736339504346
1008 4.149367626684409
1009 4.149367626684409
1010 4.149367626684409
1011 0.566710245591303
1012 0.566710245591303
1013 0.566710245591303
1014 0.566710245591303
1015 0.1
1016 0.1
1017 0.1
1018 0.1
1019 0.8288921472217333
1020 4.893574492303304
1021 4.893574492303304
1022 4.893574492303304
1023 4.893574492303304
1024 4.012353231104011
1025 4.012353231104011
1026 4.012353231104011
1027 4.012353231104011
1028 4.3522322864076335
1029 4.3522322864076335
1030 4.3522322864076335
1031 4.3522322864076335
1032 3.975848132234774
1033 3.975848132234774
1034 3.975848132234774
1035 3.975848132234774
1036 3.1653526494825552
1037 3.1653526494825552
1038 3.1653526494825552
1039 3.1653526494825552
1040 0.6775007065606129
1041 0.6775007065606129
1042 0.6775007065606129
1043 0.6775007065606129
1044 0.5576796078858688
1045 0.5576796078858688
1046 0.5576796078858688
1047 0.5576796078858688
1048 1.0841204826255815
1049 1.0841204826255815
1050 1.0841204826255815
1051 1.0841204826255815
1052 0.5556229039686871
1053 0.5556229039686871
1054 0.5556229039686871
1055 0.5556229039686871
1056 2.408551516775569
1057 2.408551516775569
1058 2.408551516775569
1059 2.408551516775569
1060 1.2952366699028675
1061 1.2952366699028675
1062 0.30761567564042186
1063 0.30761567564042186
1064 2.363878153487669
1065 2.363878153487669
1066 2.467576599036444
1067 2.467576599036444
1068 2.467576599036444
1069 2.467576599036444
1070 0.5305667264869676
1071 0.5305667264869676
1072 0.5305667264869676
1073 0.5305667264869676
1074 0.33006027653637005
1075 0.33006027653637005
1076 0.33006027653637005
1077 0.33006027653637005
1078 1.7147082097843191
1079 1.7147082097843191
1080 1.7147082097843191
1081 1.7147082097843191
1082 1.8762998820079146
1083 1.8762998820079146
1084 1.8762998820079146
1085 1.8762998820079146
1086 1.959740452029528
1087 1.959740452029528
1088 1.959740452029528
1089 1.959740452029528
1090 1.5347606994161895
1091 1.5347606994161895
1092 1.5347606994161895
1093 1.5347606994161895
1094 1.1880563535456339
1095 1.1880563535456339
1096 1.1880563535456339
1097 1.1880563535456339
1098 1.21884230023551
1099 1.21884230023551
1100 1.21884230023551
1101 1.21884230023551
1102 2.1274851229892504
1103 2.1274851229892504
1104 2.1274851229892504
1105 5.310269425447979
1106 5.310269425447979
1107 5.310269425447979
1108 5.310269425447979
1109 3.863187272249929
1110 3.863187272249929
1111 3.863187272249929
1112 3.863187272249929
1113 2.6154971319157365
1114 2.6154971319157365
1115 2.6154971319157365
1116 2.6154971319157365
1117 2.0040934229429466
1118 2.0040934229429466
1119 2.0040934229429466
1120 2.0040934229429466
1121 5.885677689131548
1122 5.885677689131548
1123 5.885677689131548
1124 5.885677689131548
1125 1.10223856696773
1126 1.10223856696773
1127 1.10223856696773
1128 1.10223856696773
1129 4.227733901261562
1130 4.227733901261562
1131 4.227733901261562
1132 4.227733901261562
1133 3.92511998093071
1134 3.92511998093071
1135 3.92511998093071
1136 3.92511998093071
1137 4.729543089532622
1138 4.729543089532622
1139 4.729543089532622
1140 4.729543089532622
1141 5.92531260647708
1142 5.92531260647708
1143 5.92531260647708
1144 5.92531260647708
1145 1.7949506957786139
1146 1.7949506957786139
1147 1.7949506957786139
1148 1.7949506957786139
1149 2.521947385926019
1150 2.521947385926019
1151 0.1
1152 0.1
1153 0.1
1154 0.1
1155 2.7972330910456664
1156 2.7972330910456664
1157 2.7972330910456664
1158 2.7972330910456664
1159 0.18515538338673276
1160 0.18515538338673276
1161 0.18515538338673276
1162 0.18515538338673276
1163 1.5201128618606283
1164 1.5201128618606283
1165 1.5201128618606283
1166 1.5201128618606283
1167 2.6066986159984222
1168 2.6066986159984222
1169 2.6066986159984222
1170 2.6066986159984222
1171 2.4488414882425538
1172 2.4488414882425538
1173 2.4488414882425538
1174 2.4488414882425538
1175 1.1213527807749837
1176 1.1213527807749837
1177 1.1213527807749837
1178 1.1213527807749837
1179 1.2675793770716388
1180 1.2675793770716388
1181 1.2675793770716388
1182 1.2675793770716388
1183 2.995406093578379
1184 2.995406093578379
1185 2.995406093578379
1186 2.995406093578379
1187 3.152104180900923
1188 3.152104180900923
1189 3.152104180900923
1190 3.152104180900923
1191 5.167934743550189
1192 5.167934743550189
1193 5.167934743550189
1194 5.167934743550189
1195 2.332196381632829
1196 2.332196381632829
1197 2.332196381632829
1198 2.332196381632829
1199 6.8920418996798904
1200 1.1162541093993927
1201 1.1162541093993927
1202 1.1162541093993927
1203 1.1162541093993927
1204 1.1471640086199928
1205 1.1471640086199928
1206 1.1471640086199928
1207 1.1471640086199928
1208 0.9256689375898439
1209 0.9256689375898439
1210 0.9256689375898439
1211 0.9256689375898439
1212 0.44051117546964197
1213 0.44051117546964197
1214 0.44051117546964197
1215 0.44051117546964197
1216 0.7328273930284048
1217 0.7328273930284048
1218 0.7328273930284048
1219 0.7328273930284048
1220 0.1
1221 0.1
1222 0.1
1223 0.1
1224 0.43103350902024373
1225 0.43103350902024373
1226 0.43103350902024373
1227 0.43103350902024373
1228 0.9383075149163702
1229 0.9383075149163702
1230 0.9383075149163702
1231 0.9383075149163702
1232 0.424325957110527
1233 0.424325957110527
1234 0.424325957110527
1235 0.424325957110527
1236 0.7413423805569003
1237 0.7413423805569003
1238 0.7413423805569003
1239 0.7413423805569003
1240 0.5588052714349553
1241 0.5588052714349553
1242 0.5588052714349553
1243 0.5588052714349553
1244 0.1
1245 0.1
1246 0.1
1247 0.1
1248 0.5659201240778886
1249 0.5659201240778886
1250 0.5659201240778886
1251 0.5659201240778886
1252 0.887773818130941
1253 0.887773818130941
1254 0.887773818130941
1255 0.887773818130941
1256 0.6156155764576567
1257 0.6156155764576567
1258 0.6156155764576567
1259 0.6156155764576567
1260 0.8443157647924218
1261 0.8443157647924218
1262 0.8443157647924218
1263 0.8443157647924218
1264 0.22026678225484397
1265 0.22026678225484397
1266 0.22026678225484397
1267 0.22026678225484397
1268 1.121171636340933
1269 1.121171636340933
1270 1.121171636340933
1271 1.121171636340933
1272 0.49659697312827566
1273 0.49659697312827566
1274 0.49659697312827566
1275 0.49659697312827566
1276 0.1
1277 0.1
1278 0.1
1279 0.1
1280 0.37109323176795095
1281 0.37109323176795095
1282 0.37109323176795095
1283 0.37109323176795095
1284 0.73583966452633
1285 0.73583966452633
1286 0.73583966452633
1287 0.73583966452633
1288 0.8935580853870648
1289 0.8935580853870648
1290 0.8935580853870648
1291 0.8935580853870648
1292 0.22147493167685384
1293 0.22147493167685384
1294 0.22147493167685384
1295 0.22147493167685384
1296 0.6958317275799437
1297 0.6958317275799437
1298 0.6958317275799437
1299 0.6958317275799437
1300 1.163927313498915
1301 1.163927313498915
1302 1.163927313498915
1303 1.163927313498915
1304 1.3748268801341599
1305 1.3748268801341599
1306 1.3748268801341599
1307 1.3748268801341599
1308 0.9189144511417158
1309 0.9189144511417158
1310 0.9189144511417158
1311 0.9189144511417158
1312 0.9098253267560625
1313 0.9098253267560625
1314 0.9098253267560625
1315 0.9098253267560625
1316 1.0630036316592655
1317 1.0630036316592655
1318 1.0630036316592655
1319 1.0630036316592655
1320 0.9217408716984306
1321 0.9217408716984306
1322 0.9217408716984306
1323 0.9217408716984306
1324 0.4694421600040276
1325 0.4694421600040276
1326 0.4694421600040276
1327 0.4694421600040276
1328 1.1951515221001243
1329 1.1951515221001243
1330 1.1951515221001243
1331 1.1951515221001243
1332 0.9115542950436932
1333 0.9115542950436932
1334 0.9115542950436932
1335 0.9115542950436932
1336 0.2793058665045388
1337 0.2793058665045388
1338 0.2793058665045388
1339 0.2793058665045388
1340 0.8384307872011533
1341 0.8384307872011533
1342 2.305481648428427
1343 2.305481648428427
1344 2.305481648428427
1345 2.305481648428427
1346 0.6587800807747208
1347 0.6587800807747208
1348 0.6587800807747208
1349 0.6587800807747208
1350 4.018305815876062
1351 4.018305815876062
1352 4.018305815876062
1353 4.018305815876062
1354 2.5161870190772606
1355 2.5161870190772606
1356 2.5161870190772606
1357 1.8281067105307405
1358 1.8281067105307405
1359 1.8281067105307405
1360 1.8281067105307405
1361 0.2443050874695487
1362 0.2443050874695487
1363 0.2443050874695487
1364 8.178925895587481
1365 8.178925895587481
1366 8.178925895587481
1367 8.178925895587481
1368 3.112895424656478
1369 3.112895424656478
1370 3.112895424656478
1371 3.112895424656478
1372 3.422925228630461
1373 3.422925228630461
1374 3.422925228630461
1375 3.422925228630461
1376 3.3408968250527367
1377 3.3408968250527367
1378 3.3408968250527367
1379 3.3408968250527367
1380 2.935402651382731
1381 2.935402651382731
1382 2.935402651382731
1383 2.935402651382731
1384 2.3442456608232662
1385 2.3442456608232662
1386 2.3442456608232662
1387 2.3442456608232662
1388 4.91508595821926
1389 4.91508595821926
1390 4.91508595821926
1391 2.031379236239253
1392 2.031379236239253
1393 2.031379236239253
1394 2.031379236239253
1395 0.8434791086153157
1396 0.8434791086153157
1397 0.8434791086153157
1398 0.8434791086153157
1399 4.229181348994853
1400 4.229181348994853
1401 4.229181348994853
1402 4.229181348994853
1403 1.9363264458914837
1404 1.9363264458914837
1405 1.9363264458914837
1406 1.9363264458914837
1407 3.963761644804702
1408 3.963761644804702
1409 3.963761644804702
1410 3.963761644804702
1411 0.8793863349807269
1412 0.8793863349807269
1413 0.8793863349807269
1414 0.8793863349807269
1415 2.668573007286429
1416 2.668573007286429
1417 2.668573007286429
1418 2.668573007286429
1419 2.8443533984671943
1420 2.8443533984671943
1421 2.8443533984671943
1422 2.8443533984671943
1423 2.2297980176345678
1424 2.2297980176345678
1425 2.2297980176345678
1426 2.2297980176345678
1427 5.6728598994069435
1428 5.6728598994069435
1429 5.6728598994069435
1430 5.6728598994069435
1431 1.2255212914320905
1432 1.2255212914320905
1433 1.2255212914320905
1434 1.2255212914320905
1435 1.0334489794075152
1436 1.0334489794075152
1437 1.0334489794075152
1438 1.0334489794075152
1439 1.6246560309372367
1440 1.6246560309372367
1441 1.6246560309372367
1442 1.6246560309372367
1443 3.2164848482816577
1444 3.2164848482816577
1445 3.2164848482816577
1446 3.2164848482816577
1447 1.2326381719246922
1448 1.2326381719246922
1449 1.2326381719246922
1450 1.2326381719246922
1451 2.091707682503716
1452 2.091707682503716
1453 2.091707682503716
1454 2.091707682503716
1455 2.5750594561778226
1456 2.5750594561778226
1457 2.5750594561778226
1458 0.2501375874253646
1459 0.2501375874253646
1460 0.2501375874253646
1461 0.2501375874253646
1462 0.7696296703763768
1463 0.7696296703763768
1464 0.7696296703763768
1465 0.7696296703763768
1466 0.9089920107014433
1467 0.7993643906995862
1468 0.7993643906995862
1469 0.7993643906995862
1470 0.7993643906995862
1471 1.8791231062292684
1472 1.8791231062292684
1473 1.8791231062292684
1474 1.8791231062292684
1475 0.7086779850452346
1476 0.7086779850452346
1477 0.7086779850452346
1478 0.7086779850452346
1479 1.9300250090140703
1480 1.9300250090140703
1481 1.9300250090140703
1482 1.9300250090140703
1483 2.287037210075188
1484 2.287037210075188
1485 2.287037210075188
1486 2.287037210075188
1487 2.0779076044722373
1488 2.0779076044722373
1489 2.0779076044722373
1490 2.0779076044722373
1491 0.2588253159332863
1492 0.2588253159332863
1493 0.2588253159332863
1494 0.2588253159332863
1495 0.6883053912991522
1496 0.6883053912991522
1497 0.6883053912991522
1498 0.6883053912991522
1499 1.107501354324535
1500 1.107501354324535
1501 1.107501354324535
1502 1.107501354324535
1503 1.1820130709627727
1504 1.1820130709627727
1505 1.1820130709627727
1506 1.1820130709627727
1507 1.51411898146608
1508 1.51411898146608
1509 1.51411898146608
1510 1.51411898146608
1511 1.420551719278624
1512 1.420551719278624
1513 1.420551719278624
1514 1.420551719278624
1515 1.4838969790699519
1516 1.4838969790699519
1517 1.4838969790699519
1518 1.4838969790699519
1519 1.180204659349021
1520 1.180204659349021
1521 1.180204659349021
1522 1.180204659349021
1523 1.2253455380134342
1524 1.2253455380134342
1525 1.2253455380134342
1526 1.2253455380134342
1527 1.5759016498159553
1528 1.5759016498159553
1529 1.5759016498159553
1530 1.5759016498159553
1531 0.7175717314912721
1532 0.7175717314912721
1533 0.7175717314912721
1534 0.7175717314912721
1535 1.1565881700749476
1536 1.1565881700749476
1537 1.1565881700749476
1538 1.1565881700749476
1539 1.9142723482974833
1540 1.9142723482974833
1541 1.9142723482974833
1542 1.9142723482974833
1543 1.5797063000200777
1544 1.5797063000200777
1545 1.5797063000200777
1546 1.5797063000200777
1547 1.2239934295655286
1548 1.2239934295655286
1549 1.2239934295655286
1550 1.2239934295655286
1551 0.6900215698142506
1552 0.6900215698142506
1553 0.6900215698142506
1554 0.6900215698142506
1555 1.0914741053695822
1556 1.0914741053695822
1557 1.0914741053695822
1558 1.0914741053695822
1559 1.5342972245108721
1560 1.5342972245108721
1561 1.5342972245108721
1562 1.5342972245108721
1563 1.1753103622862673
1564 1.1753103622862673
1565 1.1753103622862673
1566 1.1753103622862673
1567 0.1
1568 0.1
1569 0.1
1570 0.1
1571 1.1917156418042263
1572 1.1917156418042263
1573 1.2285089946504701
1574 1.2285089946504701
1575 1.2285089946504701
1576 1.2285089946504701
1577 4.660611223262487
1578 4.660611223262487
1579 4.660611223262487
1580 4.660611223262487
1581 0.3435229664576346
1582 0.3435229664576346
1583 0.3435229664576346
1584 0.3435229664576346
1585 0.6094175742438246
1586 0.6094175742438246
1587 0.6094175742438246
1588 0.6094175742438246
1589 0.7733015681877947
1590 0.7733015681877947
1591 0.7733015681877947
1592 0.7733015681877947
1593 0.8381735270953604
1594 0.8381735270953604
1595 0.8381735270953604
1596 0.8381735270953604
1597 0.8293170799355347
1598 0.8293170799355347
1599 0.8293170799355347
1600 0.8293170799355347
1601 0.5758628598118789
1602 0.5758628598118789
1603 0.5758628598118789
1604 0.5758628598118789
1605 0.7836080792537591
1606 5.580613623920191
1607 5.580613623920191
1608 5.580613623920191
1609 5.580613623920191
1610 1.5779490242596337
1611 1.5779490242596337
1612 1.5779490242596337
1613 1.5779490242596337
1614 0.2937857736635302
1615 0.2937857736635302
1616 0.2937857736635302
1617 0.2937857736635302
1618 0.8275701151356483
1619 0.8275701151356483
1620 0.8275701151356483
1621 0.8275701151356483
1622 1.0407872962706086
1623 1.0407872962706086
1624 1.0407872962706086
1625 1.0407872962706086
1626 1.570752910167923
1627 1.570752910167923
1628 1.570752910167923
1629 1.570752910167923
1630 0.8473895868002667
1631 0.8473895868002667
1632 0.8473895868002667
1633 0.8473895868002667
1634 1.3874710369051435
1635 1.3874710369051435
1636 1.3874710369051435
1637 1.3874710369051435
1638 1.3148243118293679
1639 1.3148243118293679
1640 1.3148243118293679
1641 1.3148243118293679
1642 1.4991514199004727
1643 1.4991514199004727
1644 1.4991514199004727
1645 1.4991514199004727
1646 0.4879223543533808
1647 0.4879223543533808
1648 0.4879223543533808
1649 0.4879223543533808
1650 0.1
1651 0.1
1652 0.1
1653 0.1
1654 2.0912782896898383
1655 2.0912782896898383
1656 2.0912782896898383
1657 2.0912782896898383
1658 2.285288181677436
1659 2.285288181677436
1660 2.285288181677436
1661 2.285288181677436
1662 0.9432951322765043
1663 0.9432951322765043
1664 0.9432951322765043
1665 0.9432951322765043
1666 0.2585262986088761
1667 0.2585262986088761
1668 0.2585262986088761
1669 0.2585262986088761
1670 1.5326189162033792
1671 1.5326189162033792
1672 1.5326189162033792
1673 1.5326189162033792
1674 0.1660391513083388
1675 0.1660391513083388
1676 0.1660391513083388
1677 0.1660391513083388
1678 1.820240280716692
1679 1.820240280716692
1680 1.820240280716692
1681 1.820240280716692
1682 1.4727248324781863
1683 1.4727248324781863
1684 1.4727248324781863
1685 1.9873091092336033
1686 1.9873091092336033
1687 1.9873091092336033
1688 1.9873091092336033
1689 2.617343017409796
1690 2.617343017409796
1691 2.617343017409796
1692 2.617343017409796
1693 0.15985153302274568
1694 0.15985153302274568
1695 0.15985153302274568
1696 0.15985153302274568
1697 1.433457931476151
1698 1.433457931476151
1699 1.433457931476151
1700 1.433457931476151
1701 4.7077983398892425
1702 4.7077983398892425
1703 4.7077983398892425
1704 4.7077983398892425
1705 4.643685722696023
1706 4.643685722696023
1707 4.643685722696023
1708 4.643685722696023
1709 2.0380535610057087
1710 2.0380535610057087
1711 2.0380535610057087
1712 2.0380535610057087
1713 5.085743096524402
1714 5.085743096524402
1715 5.085743096524402
1716 5.085743096524402
1717 3.580543967042159
1718 3.580543967042159
1719 3.580543967042159
1720 3.580543967042159
1721 2.8845115495644302
1722 2.8845115495644302
1723 2.8845115495644302
1724 2.8845115495644302
1725 2.520425673668333
1726 2.520425673668333
1727 2.520425673668333
1728 2.520425673668333
1729 3.457849523505051
1730 3.457849523505051
1731 3.457849523505051
1732 3.457849523505051
1733 3.4068478526496544
1734 3.4068478526496544
1735 3.4068478526496544
1736 3.4068478526496544
1737 2.6214135377693566
1738 2.6214135377693566
1739 2.6214135377693566
1740 2.6214135377693566
1741 1.8643596288909705
1742 1.8643596288909705
1743 1.8643596288909705
1744 1.8643596288909705
1745 5.189744693583988
1746 5.189744693583988
1747 5.189744693583988
1748 5.189744693583988
1749 4.744203976909449
1750 4.744203976909449
1751 4.744203976909449
1752 4.744203976909449
1753 4.364468418754967
1754 4.364468418754967
1755 4.364468418754967
1756 4.364468418754967
1757 3.129296770786957
1758 3.129296770786957
1759 3.129296770786957
1760 3.129296770786957
1761 4.304848815999641
1762 4.304848815999641
1763 4.304848815999641
1764 4.304848815999641
1765 3.1219384134359798
1766 3.1219384134359798
1767 3.1219384134359798
1768 3.1219384134359798
1769 4.530477486580497
1770 4.530477486580497
1771 4.530477486580497
1772 4.530477486580497
1773 1.5474443916712146
1774 1.5474443916712146
1775 1.5474443916712146
1776 1.5474443916712146
1777 0.7782422972475258
1778 0.7782422972475258
1779 0.7782422972475258
1780 0.7782422972475258
1781 1.8264187949021693
1782 1.8264187949021693
1783 1.8264187949021693
1784 1.8264187949021693
1785 1.3499391553127376
1786 1.3499391553127376
1787 1.3499391553127376
1788 1.3499391553127376
1789 1.4986003559546397
1790 1.4986003559546397
1791 1.4986003559546397
1792 1.4986003559546397
1793 0.2616127334104989
1794 0.2616127334104989
1795 0.2616127334104989
1796 0.2616127334104989
1797 0.7844981175141332
1798 0.7844981175141332
1799 0.7844981175141332
1800 0.7844981175141332
1801 0.7600336307973199
1802 0.7600336307973199
1803 0.7600336307973199
1804 0.7600336307973199
1805 1.054225298702106
1806 4.1707777971886655
1807 4.1707777971886655
1808 4.1707777971886655
1809 4.1707777971886655
1810 3.070397568510281
1811 3.070397568510281
1812 3.070397568510281
1813 3.070397568510281
1814 4.798522625101101
1815 4.798522625101101
1816 4.798522625101101
1817 4.798522625101101
1818 1.7197483205747695
1819 1.7197483205747695
1820 1.7197483205747695
1821 2.2259897249125427
1822 2.2259897249125427
1823 2.2259897249125427
1824 2.2259897249125427
1825 4.489002635974696
1826 4.489002635974696
1827 4.489002635974696
1828 4.489002635974696
1829 0.1
1830 0.1
1831 0.1
1832 0.1
1833 0.8658698368727258
1834 0.8658698368727258
1835 0.8490744176096268
1836 0.8490744176096268
1837 0.8490744176096268
1838 0.8490744176096268
1839 3.0040719355900194
1840 3.0040719355900194
1841 3.0040719355900194
1842 3.0040719355900194
1843 0.18275882385299003
1844 0.18275882385299003
1845 0.18275882385299003
1846 0.18275882385299003
1847 5.170649017249872
1848 5.170649017249872
1849 5.170649017249872
1850 5.170649017249872
1851 6.186381415982279
1852 6.186381415982279
1853 6.186381415982279
1854 6.186381415982279
1855 2.2615612289191915
1856 2.2615612289191915
1857 2.2615612289191915
1858 2.2615612289191915
1859 2.1471434816827024
1860 2.1471434816827024
1861 2.1471434816827024
1862 2.1471434816827024
1863 3.622752261968108
1864 3.622752261968108
1865 3.622752261968108
1866 3.622752261968108
1867 5.04642898061769
1868 5.04642898061769
1869 5.04642898061769
1870 5.04642898061769
1871 3.8360022957965834
1872 3.8360022957965834
1873 3.8360022957965834
1874 3.8360022957965834
1875 0.1
1876 0.1
1877 0.1
1878 0.1
1879 3.3245758642504812
1880 3.3245758642504812
1881 3.3245758642504812
1882 3.3245758642504812
1883 2.921905096729674
1884 2.921905096729674
1885 2.921905096729674
1886 2.921905096729674
1887 1.3956388118071916
1888 1.3956388118071916
1889 1.3956388118071916
1890 1.3956388118071916
1891 4.814334686604249
1892 4.814334686604249
1893 4.814334686604249
1894 4.814334686604249
1895 6.433214481413759
1896 6.433214481413759
1897 6.433214481413759
1898 6.433214481413759
1899 6.168806562958793
1900 6.168806562958793
1901 6.168806562958793
1902 6.168806562958793
1903 2.3062191080320487
1904 2.3062191080320487
1905 2.3062191080320487
1906 2.3062191080320487
1907 2.1116739214637876
1908 2.1116739214637876
1909 2.1116739214637876
1910 2.1116739214637876
1911 3.60568039739859
1912 3.60568039739859
1913 3.60568039739859
1914 3.60568039739859
1915 0.8440941866564535
1916 0.8440941866564535
1917 0.8440941866564535
1918 0.8335176730308635
1919 0.8335176730308635
1920 0.8335176730308635
1921 0.8335176730308635
1922 1.0312334011275026
1923 1.0312334011275026
1924 1.0312334011275026
1925 1.0312334011275026
1926 1.8254596929138862
1927 1.8254596929138862
1928 1.8254596929138862
1929 1.8254596929138862
1930 1.4280540731900762
1931 1.4280540731900762
1932 1.4280540731900762
1933 1.4280540731900762
1934 2.3406083922129723
1935 2.3406083922129723
1936 2.3406083922129723
1937 2.3406083922129723
1938 1.7256454082301826
1939 1.7256454082301826
1940 1.7256454082301826
1941 1.7256454082301826
1942 0.3408212523580225
1943 0.3408212523580225
1944 0.3408212523580225
1945 0.3408212523580225
1946 0.9235691340367884
1947 0.9235691340367884
1948 0.9235691340367884
1949 0.9235691340367884
1950 1.1863094512796253
1951 1.1863094512796253
1952 1.1863094512796253
1953 1.1863094512796253
1954 1.3162137986092333
1955 1.3162137986092333
1956 3.485603774053027
1957 3.485603774053027
1958 3.485603774053027
1959 3.485603774053027
1960 3.3192851669151886
1961 3.3192851669151886
1962 3.3192851669151886
1963 3.3192851669151886
1964 7.0050837139809365
1965 7.0050837139809365
1966 7.0050837139809365
1967 7.0050837139809365
1968 4.98316058172348
1969 4.98316058172348
1970 4.98316058172348
1971 4.98316058172348
1972 3.6678483157034067
1973 3.6678483157034067
1974 3.6678483157034067
1975 3.6678483157034067
1976 3.4314304089881027
1977 3.4314304089881027
1978 3.4314304089881027
1979 3.4314304089881027
1980 2.209392204152304
1981 2.209392204152304
1982 0.8505258041693661
1983 0.8505258041693661
1984 0.8505258041693661
1985 0.8505258041693661
1986 1.1571709271510013
1987 1.1571709271510013
1988 1.1571709271510013
1989 1.1571709271510013
1990 1.8180061640864895
1991 1.8180061640864895
1992 1.8180061640864895
1993 1.8180061640864895
1994 1.1205909002125383
1995 1.1205909002125383
1996 1.1205909002125383
1997 1.1205909002125383
1998 0.5854533138876168
1999 0.5854533138876168
