0 1.0441940783107742
1 1.0441940783107742
2 1.0441940783107742
3 1.0441940783107742
4 1.145298250577894
5 1.145298250577894
6 1.145298250577894
7 1.145298250577894
8 1.5459401264302313
9 1.5459401264302313
10 1.5459401264302313
11 1.5459401264302313
12 0.6870147532684534
13 0.6870147532684534
14 0.6870147532684534
15 0.6870147532684534
16 0.8773023682043157
17 0.8773023682043157
18 0.8773023682043157
19 0.8773023682043157
20 0.536664419476329
21 0.536664419476329
22 0.536664419476329
23 0.536664419476329
24 1.2696583679209485
25 1.2696583679209485
26 1.2696583679209485
27 0.19053551071518804
28 0.19053551071518804
29 0.19053551071518804
30 0.19053551071518804
31 0.26811768855156204
32 0.26811768855156204
33 0.26811768855156204
34 0.26811768855156204
35 0.24286473094117875
36 0.24286473094117875
37 0.24286473094117875
38 0.24286473094117875
39 0.15111312041728653
40 0.15111312041728653
41 0.15111312041728653
42 0.15111312041728653
43 0.14912782334408112
44 2.0725901772335678
45 2.0725901772335678
46 2.0725901772335678
47 2.0725901772335678
48 2.890439945404628
49 2.890439945404628
50 2.890439945404628
51 2.890439945404628
52 2.186089666031926
53 2.186089666031926
54 2.186089666031926
55 2.186089666031926
56 2.0684716194355834
57 2.0684716194355834
58 2.0684716194355834
59 2.0684716194355834
60 2.2648529667886663
61 2.2648529667886663
62 2.2648529667886663
63 2.2648529667886663
64 2.1032925462488596
65 2.1032925462488596
66 2.1032925462488596
67 2.1032925462488596
68 2.6050066119365747
69 2.6050066119365747
70 2.6050066119365747
71 2.6050066119365747
72 1.3938858846010238
73 1.3938858846010238
74 1.3938858846010238
75 1.3938858846010238
76 1.4373782813972928
77 1.4373782813972928
78 1.4373782813972928
79 1.4373782813972928
80 2.5814000890882163
81 2.5814000890882163
82 2.5814000890882163
83 2.5814000890882163
84 2.191551856131403
85 2.191551856131403
86 2.191551856131403
87 3.3629462909841163
88 3.3629462909841163
89 3.3629462909841163
90 3.3629462909841163
91 2.137519827170021
92 2.137519827170021
93 2.137519827170021
94 2.137519827170021
95 2.0635592266288043
96 2.0635592266288043
97 2.0635592266288043
98 2.0635592266288043
99 2.0742509924850894
100 2.0742509924850894
101 2.0742509924850894
102 2.0742509924850894
103 2.892973158971063
104 2.892973158971063
105 2.892973158971063
106 1.70737165884853
107 1.70737165884853
108 1.70737165884853
109 1.70737165884853
110 1.8649666933032192
111 1.8649666933032192
112 1.8649666933032192
113 0.6095129627892302
114 0.6095129627892302
115 0.6095129627892302
116 0.6095129627892302
117 0.41972960941764925
118 0.41972960941764925
119 0.41972960941764925
120 0.41972960941764925
121 0.6465125608648735
122 0.6465125608648735
123 0.6465125608648735
124 0.6465125608648735
125 0.5763965067763765
126 0.5763965067763765
127 0.5763965067763765
128 0.5763965067763765
129 0.6705053010885468
130 0.6705053010885468
131 0.6705053010885468
132 0.6705053010885468
133 0.6504131094236358
134 0.6504131094236358
135 0.6504131094236358
136 0.6504131094236358
137 0.8238816695902883
138 0.8238816695902883
139 0.8238816695902883
140 0.8238816695902883
141 0.8144200687933817
142 0.8144200687933817
143 0.8144200687933817
144 0.8144200687933817
145 0.5115162390759783
146 0.5115162390759783
147 0.5115162390759783
148 0.5115162390759783
149 1.6974709307052465
150 1.6974709307052465
151 1.6974709307052465
152 1.6974709307052465
153 2.7670058774245576
154 2.7670058774245576
155 2.7670058774245576
156 2.912915003844156
157 2.912915003844156
158 2.912915003844156
159 2.912915003844156
160 3.368075360788354
161 3.368075360788354
162 3.368075360788354
163 3.368075360788354
164 4.161287780921072
165 4.161287780921072
166 4.161287780921072
167 4.161287780921072
168 3.3093884612211824
169 3.3093884612211824
170 3.3093884612211824
171 3.3093884612211824
172 4.319755709983933
173 4.319755709983933
174 4.319755709983933
175 4.319755709983933
176 3.0175257050099873
177 3.0175257050099873
178 3.0175257050099873
179 3.0175257050099873
180 2.360217108360963
181 2.360217108360963
182 2.360217108360963
183 2.360217108360963
184 2.363698001786468
185 2.363698001786468
186 1.074910892507775
187 1.074910892507775
188 1.074910892507775
189 1.074910892507775
190 1.6358864568202485
191 1.6358864568202485
192 1.6358864568202485
193 1.6358864568202485
194 0.703193537348542
195 0.703193537348542
196 0.703193537348542
197 0.703193537348542
198 2.010162802400074
199 2.010162802400074
200 2.010162802400074
201 2.010162802400074
202 1.5658796935458201
203 1.5658796935458201
204 1.5658796935458201
205 1.5658796935458201
206 1.6127003542259255
207 1.6127003542259255
208 1.6127003542259255
209 1.6127003542259255
210 1.5234598510749102
211 1.5234598510749102
212 1.5234598510749102
213 1.5234598510749102
214 2.2358238031299327
215 2.2358238031299327
216 2.2358238031299327
217 2.2358238031299327
218 1.6592694373050814
219 1.6592694373050814
220 1.6592694373050814
221 1.6592694373050814
222 1.7357872892566883
223 1.7357872892566883
224 1.7357872892566883
225 2.6238212279088047
226 2.6238212279088047
227 2.6238212279088047
228 2.643043837409501
229 2.643043837409501
230 2.643043837409501
231 2.643043837409501
232 1.8833220582611714
233 1.8833220582611714
234 1.8833220582611714
235 1.8833220582611714
236 2.496227996868755
237 2.496227996868755
238 2.496227996868755
239 2.496227996868755
240 1.4613342578672144
241 1.4613342578672144
242 1.4613342578672144
243 1.4613342578672144
244 2.1549585062678354
245 2.1549585062678354
246 2.1549585062678354
247 2.1549585062678354
248 2.832942563828854
249 2.832942563828854
250 2.832942563828854
251 2.832942563828854
252 2.209636674631367
253 2.209636674631367
254 2.209636674631367
255 2.209636674631367
256 1.8791312645422544
257 1.8791312645422544
258 1.8791312645422544
259 1.8791312645422544
260 3.378040269174832
261 3.378040269174832
262 3.378040269174832
263 3.378040269174832
264 2.243079403730257
265 2.243079403730257
266 4.251442401295127
267 4.251442401295127
268 4.251442401295127
269 4.251442401295127
270 3.6079932627886873
271 3.6079932627886873
272 3.6079932627886873
273 3.6079932627886873
274 2.1609225267261847
275 2.1609225267261847
276 2.1609225267261847
277 2.1609225267261847
278 4.336907542761837
279 4.336907542761837
280 4.336907542761837
281 4.336907542761837
282 2.974330432684938
283 2.974330432684938
284 2.974330432684938
285 2.974330432684938
286 2.865107151681415
287 2.865107151681415
288 2.865107151681415
289 2.865107151681415
290 3.3665369214974086
291 3.3665369214974086
292 3.3665369214974086
293 3.3665369214974086
294 3.825149321721169
295 3.825149321721169
296 3.825149321721169
297 3.825149321721169
298 2.939127089684381
299 2.939127089684381
300 2.939127089684381
301 2.939127089684381
302 3.416261584132608
303 3.416261584132608
304 3.416261584132608
305 3.416261584132608
306 3.704724061755877
307 3.704724061755877
308 3.704724061755877
309 3.704724061755877
310 3.976457421600445
311 3.976457421600445
312 3.976457421600445
313 3.976457421600445
314 3.9569295528417765
315 3.9569295528417765
316 3.9569295528417765
317 3.9569295528417765
318 4.212482010409277
319 4.212482010409277
320 4.212482010409277
321 4.212482010409277
322 3.6716364501135432
323 3.6716364501135432
324 3.6716364501135432
325 3.6716364501135432
326 3.4206553410465355
327 3.4206553410465355
328 3.4206553410465355
329 3.4206553410465355
330 2.1960406923614055
331 2.1960406923614055
332 2.1960406923614055
333 2.1960406923614055
334 2.838313228027485
335 2.838313228027485
336 2.838313228027485
337 2.838313228027485
338 2.9720568132378418
339 2.9720568132378418
340 2.9720568132378418
341 2.9720568132378418
342 3.310000119897084
343 3.310000119897084
344 3.310000119897084
345 3.310000119897084
346 2.4817902918296184
347 2.4817902918296184
348 2.4817902918296184
349 2.4817902918296184
350 3.182797251176968
351 3.182797251176968
352 3.182797251176968
353 3.182797251176968
354 2.25541542726138
355 2.25541542726138
356 2.25541542726138
357 2.25541542726138
358 3.8359290572887037
359 3.8359290572887037
360 3.8359290572887037
361 3.8359290572887037
362 1.875034954298535
363 1.875034954298535
364 1.875034954298535
365 1.875034954298535
366 2.8611784093754826
367 2.8611784093754826
368 2.8611784093754826
369 2.8611784093754826
370 4.0328145981610355
371 4.0328145981610355
372 4.0328145981610355
373 4.0328145981610355
374 3.819816924574905
375 3.819816924574905
376 3.819816924574905
377 3.819816924574905
378 2.6937920451064237
379 2.6937920451064237
380 2.6937920451064237
381 2.6937920451064237
382 2.6368403659413264
383 2.6368403659413264
384 0.6493804669075669
385 0.6493804669075669
386 0.6493804669075669
387 0.6493804669075669
388 0.4282700470289008
389 0.4282700470289008
390 0.4282700470289008
391 0.4282700470289008
392 0.7949140982898448
393 0.7949140982898448
394 0.7949140982898448
395 0.7949140982898448
396 0.8737807390444147
397 0.8737807390444147
398 0.8737807390444147
399 0.8737807390444147
400 0.7630860907979407
401 0.7630860907979407
402 0.7630860907979407
403 0.7630860907979407
404 0.6984618568801917
405 0.6984618568801917
406 0.6984618568801917
407 0.6984618568801917
408 0.7439008848979929
409 0.7439008848979929
410 0.7439008848979929
411 0.7439008848979929
412 0.6257108305936622
413 5.16089783440704
414 5.16089783440704
415 5.16089783440704
416 5.16089783440704
417 3.1021741669381355
418 3.1021741669381355
419 3.1021741669381355
420 3.1021741669381355
421 4.536813337613323
422 4.536813337613323
423 4.536813337613323
424 4.536813337613323
425 3.4804301051539195
426 3.4804301051539195
427 3.4804301051539195
428 3.4804301051539195
429 3.5803339846417113
430 3.5803339846417113
431 3.5803339846417113
432 3.5803339846417113
433 4.589158361693093
434 4.589158361693093
435 4.589158361693093
436 4.589158361693093
437 4.242537512781536
438 4.242537512781536
439 4.242537512781536
440 4.242537512781536
441 3.698334597524962
442 3.698334597524962
443 3.698334597524962
444 3.698334597524962
445 3.248061661603981
446 3.248061661603981
447 3.248061661603981
448 3.248061661603981
449 3.1517512480395737
450 3.1517512480395737
451 3.1517512480395737
452 3.1517512480395737
453 5.663328691775419
454 5.663328691775419
455 5.663328691775419
456 5.663328691775419
457 4.040221696385427
458 4.040221696385427
459 4.040221696385427
460 4.040221696385427
461 2.668382288965799
462 2.668382288965799
463 2.668382288965799
464 2.668382288965799
465 2.6357058521177477
466 2.6357058521177477
467 2.6357058521177477
468 2.6357058521177477
469 4.329747384881647
470 4.329747384881647
471 4.329747384881647
472 4.329747384881647
473 4.289532747570161
474 4.289532747570161
475 4.289532747570161
476 4.289532747570161
477 3.206928821750627
478 3.206928821750627
479 3.206928821750627
480 3.206928821750627
481 6.531018398531462
482 6.531018398531462
483 6.531018398531462
484 6.531018398531462
485 4.150822930948875
486 4.150822930948875
487 4.150822930948875
488 4.150822930948875
489 3.3817281719619188
490 3.3817281719619188
491 3.3817281719619188
492 3.3817281719619188
493 2.979775188000807
494 2.979775188000807
495 2.979775188000807
496 2.979775188000807
497 4.3730312915023966
498 4.3730312915023966
499 4.3730312915023966
500 4.3730312915023966
501 3.365832038997069
502 3.365832038997069
503 3.365832038997069
504 3.365832038997069
505 3.8305524093676957
506 3.8305524093676957
507 3.8305524093676957
508 3.8305524093676957
509 4.538462924845126
510 4.538462924845126
511 4.538462924845126
512 4.538462924845126
513 3.416747429580399
514 3.416747429580399
515 3.416747429580399
516 3.416747429580399
517 4.361127241557224
518 4.361127241557224
519 4.361127241557224
520 4.361127241557224
521 3.3012828806445444
522 1.329040165207403
523 1.329040165207403
524 1.329040165207403
525 1.329040165207403
526 1.985438248395081
527 1.985438248395081
528 1.985438248395081
529 1.985438248395081
530 2.4841531556115206
531 2.4841531556115206
532 2.4841531556115206
533 2.4841531556115206
534 2.1034482211024113
535 2.1034482211024113
536 2.1034482211024113
537 2.1034482211024113
538 2.2646630406360613
539 2.2646630406360613
540 2.2646630406360613
541 2.2646630406360613
542 2.04617385197307
543 1.7209397635640125
544 1.7209397635640125
545 1.7209397635640125
546 1.7209397635640125
547 1.8670254373466517
548 1.8670254373466517
549 1.8670254373466517
550 1.8670254373466517
551 1.066026729369967
552 1.066026729369967
553 1.066026729369967
554 1.066026729369967
555 1.6236614015970616
556 1.6236614015970616
557 1.6236614015970616
558 1.6236614015970616
559 1.6471105575388556
560 1.6471105575388556
561 1.6471105575388556
562 1.6471105575388556
563 1.2266459301277601
564 1.2266459301277601
565 1.2266459301277601
566 1.2266459301277601
567 1.5775260179847381
568 1.5775260179847381
569 1.5775260179847381
570 1.5775260179847381
571 0.9861442815863751
572 0.9861442815863751
573 0.9861442815863751
574 0.9861442815863751
575 1.5182517364506443
576 1.5182517364506443
577 1.5182517364506443
578 1.5182517364506443
579 1.5721782137369058
580 1.5721782137369058
581 1.5721782137369058
582 1.5721782137369058
583 1.5143882010883123
584 1.5143882010883123
585 1.5143882010883123
586 2.5019168399600056
587 2.5019168399600056
588 2.5019168399600056
589 2.5019168399600056
590 3.000884119341974
591 3.000884119341974
592 3.000884119341974
593 3.000884119341974
594 3.080432538164696
595 3.080432538164696
596 3.080432538164696
597 3.080432538164696
598 3.437259973462482
599 3.437259973462482
600 3.437259973462482
601 3.437259973462482
602 2.7486193929964897
603 2.7486193929964897
604 2.7486193929964897
605 2.7486193929964897
606 3.9874263147353592
607 3.9874263147353592
608 3.9874263147353592
609 3.9874263147353592
610 2.4732678334385385
611 2.4732678334385385
612 2.4732678334385385
613 2.4732678334385385
614 3.589914170583575
615 3.589914170583575
616 3.589914170583575
617 3.589914170583575
618 2.922980936663268
619 2.922980936663268
620 2.922980936663268
621 2.922980936663268
622 3.008033029844414
623 3.008033029844414
624 3.008033029844414
625 3.008033029844414
626 2.8369999562429506
627 2.8369999562429506
628 2.8369999562429506
629 2.8369999562429506
630 3.2098351014139572
631 3.2098351014139572
632 3.2098351014139572
633 3.2098351014139572
634 2.9512180602981712
635 2.9512180602981712
636 2.9512180602981712
637 2.9512180602981712
638 2.8684013699392623
639 2.8684013699392623
640 2.8684013699392623
641 2.8684013699392623
642 3.3007452512765987
643 3.3007452512765987
644 3.3007452512765987
645 3.3007452512765987
646 3.3227646198784924
647 3.3227646198784924
648 3.3227646198784924
649 3.3227646198784924
650 3.181038709688647
651 3.181038709688647
652 3.181038709688647
653 3.181038709688647
654 2.4804141074463666
655 2.4804141074463666
656 2.4804141074463666
657 2.4804141074463666
658 3.9740484035049204
659 3.9740484035049204
660 3.9740484035049204
661 3.9740484035049204
662 3.002583824711139
663 3.002583824711139
664 3.002583824711139
665 3.002583824711139
666 2.9345683370331215
667 2.9345683370331215
668 2.9345683370331215
669 2.9345683370331215
670 3.6857584932103715
671 3.6857584932103715
672 3.6857584932103715
673 3.6857584932103715
674 2.5689222394123927
675 2.5689222394123927
676 2.5689222394123927
677 2.5689222394123927
678 2.704071668271884
679 2.704071668271884
680 2.704071668271884
681 2.704071668271884
682 3.3043362280183763
683 3.3043362280183763
684 3.3043362280183763
685 3.3043362280183763
686 4.059360487842108
687 4.059360487842108
688 4.059360487842108
689 4.059360487842108
690 2.3390873175966704
691 2.3390873175966704
692 2.3390873175966704
693 2.3390873175966704
694 3.4996375350580853
695 3.4996375350580853
696 3.4996375350580853
697 3.4996375350580853
698 2.391982555916228
699 2.391982555916228
700 2.391982555916228
701 2.391982555916228
702 3.8732448491575866
703 3.8732448491575866
704 3.8732448491575866
705 3.8732448491575866
706 2.6818603918285073
707 2.6818603918285073
708 2.6818603918285073
709 2.6818603918285073
710 3.210409605868189
711 3.210409605868189
712 3.210409605868189
713 3.210409605868189
714 3.9457815579584192
715 3.9457815579584192
716 3.9457815579584192
717 3.9457815579584192
718 2.9376155935601527
719 2.9376155935601527
720 2.9376155935601527
721 2.9376155935601527
722 3.590768642279868
723 3.590768642279868
724 3.590768642279868
725 3.590768642279868
726 3.0601288214845206
727 3.0601288214845206
728 3.0601288214845206
729 3.0601288214845206
730 2.939898577291392
731 2.939898577291392
732 2.939898577291392
733 2.939898577291392
734 5.290537737209442
735 5.290537737209442
736 5.290537737209442
737 5.290537737209442
738 2.6239465775472266
739 2.6239465775472266
740 2.6239465775472266
741 2.6239465775472266
742 2.8357956888061047
743 2.8357956888061047
744 2.8357956888061047
745 2.8357956888061047
746 3.6662589533993457
747 3.6662589533993457
748 3.6662589533993457
749 3.6662589533993457
750 3.868924744323307
751 3.868924744323307
752 3.868924744323307
753 3.868924744323307
754 2.605667114803542
755 2.605667114803542
756 2.605667114803542
757 2.605667114803542
758 2.350684283941478
759 2.350684283941478
760 2.350684283941478
761 2.350684283941478
762 2.5991046908869877
763 2.5991046908869877
764 2.5991046908869877
765 1.1330135292895205
766 1.1330135292895205
767 1.1330135292895205
768 1.1330135292895205
769 0.7733672462684424
770 0.7733672462684424
771 0.7733672462684424
772 0.7733672462684424
773 0.9148056754955547
774 0.9148056754955547
775 0.9148056754955547
776 0.9148056754955547
777 0.7680965321325737
778 4.12143417890937
779 4.12143417890937
780 4.12143417890937
781 4.12143417890937
782 3.3637274925758245
783 3.3637274925758245
784 3.3637274925758245
785 3.3637274925758245
786 1.9685361050794419
787 1.9685361050794419
788 1.9685361050794419
789 1.9685361050794419
790 3.4267025934625757
791 3.4267025934625757
792 3.4267025934625757
793 3.4267025934625757
794 2.952263353460249
795 2.952263353460249
796 2.952263353460249
797 2.952263353460249
798 2.3851495260768973
799 2.3851495260768973
800 2.3851495260768973
801 2.3851495260768973
802 3.6530875234668816
803 3.6530875234668816
804 3.6530875234668816
805 3.6530875234668816
806 4.015437720156244
807 4.015437720156244
808 4.015437720156244
809 4.015437720156244
810 4.538437297802297
811 4.538437297802297
812 4.538437297802297
813 4.538437297802297
814 3.7513206309139635
815 3.7513206309139635
816 3.7513206309139635
817 3.7513206309139635
818 3.183224820033748
819 3.183224820033748
820 3.183224820033748
821 3.183224820033748
822 2.5927568887232715
823 2.5927568887232715
824 2.5927568887232715
825 2.5927568887232715
826 3.318116730654286
827 3.318116730654286
828 0.6484354976090901
829 0.6484354976090901
830 0.6484354976090901
831 3.6558653971879185
832 3.6558653971879185
833 3.6558653971879185
834 3.6558653971879185
835 1.3216044050520908
836 1.3216044050520908
837 1.3216044050520908
838 1.3216044050520908
839 3.6340072142936526
840 3.6340072142936526
841 3.6340072142936526
842 3.6340072142936526
843 2.0927847004746574
844 2.0927847004746574
845 2.0927847004746574
846 2.0927847004746574
847 1.7768484207235393
848 1.7768484207235393
849 1.7768484207235393
850 1.7768484207235393
851 2.2265628155179953
852 2.2265628155179953
853 2.2265628155179953
854 2.2265628155179953
855 2.901226639567717
856 2.901226639567717
857 2.901226639567717
858 2.901226639567717
859 2.700890727053481
860 2.700890727053481
861 2.700890727053481
862 2.700890727053481
863 1.5160630903053993
864 1.5160630903053993
865 2.6825371303943566
866 2.6825371303943566
867 2.6825371303943566
868 2.6825371303943566
869 2.9820327166233427
870 2.9820327166233427
871 2.9820327166233427
872 2.9820327166233427
873 2.4723343433780105
874 2.4723343433780105
875 2.4723343433780105
876 0.6557698387262075
877 0.6557698387262075
878 0.6557698387262075
879 0.6557698387262075
880 0.5354930256974721
881 0.5354930256974721
882 0.5354930256974721
883 0.5354930256974721
884 0.5112024264539985
885 0.5112024264539985
886 0.5112024264539985
887 0.5112024264539985
888 0.376884930432595
889 0.376884930432595
890 0.376884930432595
891 0.376884930432595
892 0.6462252833377673
893 0.6462252833377673
894 0.6462252833377673
895 0.6462252833377673
896 0.4997719990035714
897 0.4997719990035714
898 0.4997719990035714
899 0.4997719990035714
900 0.7586264069295037
901 0.7586264069295037
902 0.7586264069295037
903 0.7586264069295037
904 0.5066113944188809
905 0.5066113944188809
906 0.5066113944188809
907 0.5066113944188809
908 0.7333818127385547
909 0.7333818127385547
910 0.7333818127385547
911 2.090945622863996
912 2.090945622863996
913 2.7712438420353442
914 2.7712438420353442
915 2.7712438420353442
916 2.7712438420353442
917 4.5300548446420486
918 4.5300548446420486
919 4.5300548446420486
920 4.5300548446420486
921 3.5596892140075846
922 3.5596892140075846
923 3.5596892140075846
924 3.5596892140075846
925 1.2588019232008867
926 1.2588019232008867
927 1.2588019232008867
928 1.2588019232008867
929 3.700582315643431
930 3.700582315643431
931 3.700582315643431
932 3.700582315643431
933 3.130704733049012
934 3.130704733049012
935 3.130704733049012
936 3.130704733049012
937 3.1149044512103217
938 3.1149044512103217
939 3.1149044512103217
940 3.1149044512103217
941 3.501621597480776
942 3.501621597480776
943 3.501621597480776
944 3.501621597480776
945 2.5960174049978666
946 1.4929241635542934
947 1.4929241635542934
948 1.4929241635542934
949 1.4929241635542934
950 0.9872265510990829
951 0.9872265510990829
952 0.9872265510990829
953 0.9872265510990829
954 0.8107281633664161
955 0.8107281633664161
956 0.8107281633664161
957 2.685742752854401
958 2.685742752854401
959 2.685742752854401
960 2.685742752854401
961 2.20046007586724
962 2.20046007586724
963 2.20046007586724
964 2.20046007586724
965 2.535531977688888
966 2.535531977688888
967 2.535531977688888
968 2.535531977688888
969 2.507727624173627
970 2.507727624173627
971 2.507727624173627
972 2.507727624173627
973 1.5752695072750538
974 1.5752695072750538
975 1.5752695072750538
976 1.5752695072750538
977 3.2787314371574228
978 0.6999828714560683
979 0.6999828714560683
980 0.6999828714560683
981 0.6999828714560683
982 0.4706828078596672
983 0.4706828078596672
984 0.4706828078596672
985 0.4706828078596672
986 0.5682080704433947
987 0.5682080704433947
988 0.5682080704433947
989 0.5682080704433947
990 0.7038009317544087
991 0.7038009317544087
992 0.7038009317544087
993 0.7038009317544087
994 0.8501607020210954
995 0.8501607020210954
996 1.1533518259229782
997 1.1533518259229782
998 2.4072922464371977
999 2.4072922464371977
1000 2.4072922464371977
1001 2.4072922464371977
1002 2.083824215173782
1003 2.083824215173782
1004 2.083824215173782
1005 2.083824215173782
1006 4.053746702242018
1007 4.053746702242018
1008 4.053746702242018
1009 4.053746702242018
1010 3.051235645247726
1011 3.051235645247726
1012 3.051235645247726
1013 3.051235645247726
1014 3.1850538300910975
1015 3.1850538300910975
1016 3.1850538300910975
1017 3.1850538300910975
1018 2.5015943289685554
1019 2.5015943289685554
1020 2.5015943289685554
1021 0.9052240044295174
1022 0.9052240044295174
1023 0.9052240044295174
1024 0.9052240044295174
1025 0.7840210650101647
1026 0.7840210650101647
1027 0.7840210650101647
1028 0.7840210650101647
1029 0.5488561161559902
1030 0.5488561161559902
1031 0.5488561161559902
1032 0.5488561161559902
1033 0.9439770038161395
1034 0.9439770038161395
1035 0.9439770038161395
1036 0.9439770038161395
1037 0.45785482857350956
1038 0.45785482857350956
1039 0.45785482857350956
1040 0.45785482857350956
1041 0.7125011633945507
1042 0.7125011633945507
1043 0.7125011633945507
1044 0.7125011633945507
1045 0.612481143255664
1046 0.612481143255664
1047 0.612481143255664
1048 0.612481143255664
1049 0.5936894054428071
1050 0.5936894054428071
1051 0.5936894054428071
1052 0.5936894054428071
1053 0.5155907015342351
1054 0.5155907015342351
1055 0.5155907015342351
1056 0.5155907015342351
1057 0.4476344291881422
1058 0.4476344291881422
1059 0.4476344291881422
1060 3.287159994084446
1061 3.287159994084446
1062 3.287159994084446
1063 3.287159994084446
1064 4.027500452665228
1065 4.027500452665228
1066 4.027500452665228
1067 4.027500452665228
1068 4.388842736809078
1069 4.388842736809078
1070 4.388842736809078
1071 4.388842736809078
1072 3.967892028127647
1073 3.967892028127647
1074 3.967892028127647
1075 3.967892028127647
1076 3.8171213697151205
1077 3.8171213697151205
1078 3.8171213697151205
1079 3.8171213697151205
1080 2.771843618298723
1081 2.771843618298723
1082 2.771843618298723
1083 2.771843618298723
1084 2.7523054349395535
1085 2.7523054349395535
1086 2.7523054349395535
1087 2.7523054349395535
1088 3.01423185513684
1089 3.01423185513684
1090 3.01423185513684
1091 3.01423185513684
1092 2.1888376515273356
1093 2.1888376515273356
1094 2.1888376515273356
1095 2.1888376515273356
1096 3.549546507787385
1097 3.549546507787385
1098 3.549546507787385
1099 3.549546507787385
1100 2.903733361617385
1101 2.903733361617385
1102 2.903733361617385
1103 2.903733361617385
1104 5.230383208115947
1105 5.230383208115947
1106 5.230383208115947
1107 1.4005139914564606
1108 1.4005139914564606
1109 1.4005139914564606
1110 1.4005139914564606
1111 1.8923889599828696
1112 1.8923889599828696
1113 1.8923889599828696
1114 1.8923889599828696
1115 2.0595762895248866
1116 2.0595762895248866
1117 2.0595762895248866
1118 2.0595762895248866
1119 1.0858849804053472
1120 1.0858849804053472
1121 1.0858849804053472
1122 1.0858849804053472
1123 2.3417848562531067
1124 2.3417848562531067
1125 2.3417848562531067
1126 2.3417848562531067
1127 1.5925067750967044
1128 1.5925067750967044
1129 1.5925067750967044
1130 1.5925067750967044
1131 1.5536547560187415
1132 1.5536547560187415
1133 1.5536547560187415
1134 1.5536547560187415
1135 1.2923133820624297
1136 1.2923133820624297
1137 1.2923133820624297
1138 1.2923133820624297
1139 1.2994764434600963
1140 1.2994764434600963
1141 1.2994764434600963
1142 1.2994764434600963
1143 1.471492540054658
1144 1.471492540054658
1145 1.471492540054658
1146 1.471492540054658
1147 1.4242046814821219
1148 1.4242046814821219
1149 1.4242046814821219
1150 1.4242046814821219
1151 1.6647249118209504
1152 1.6647249118209504
1153 1.6647249118209504
1154 1.6647249118209504
1155 1.5015033117778094
1156 1.5015033117778094
1157 1.5015033117778094
1158 1.5015033117778094
1159 1.7460563785939642
1160 1.7460563785939642
1161 1.7460563785939642
1162 1.7460563785939642
1163 1.6736993713301287
1164 1.6736993713301287
1165 1.6736993713301287
1166 1.6736993713301287
1167 1.717619151852524
1168 2.2668321361648944
1169 2.2668321361648944
1170 2.2668321361648944
1171 2.2668321361648944
1172 2.119701326211775
1173 2.119701326211775
1174 2.119701326211775
1175 2.119701326211775
1176 2.05241991181045
1177 2.05241991181045
1178 2.05241991181045
1179 2.05241991181045
1180 2.8252040021490497
1181 1.3509571434125394
1182 1.3509571434125394
1183 1.3509571434125394
1184 1.3509571434125394
1185 1.7782076130044218
1186 1.7782076130044218
1187 1.7782076130044218
1188 1.7782076130044218
1189 1.406145240921172
1190 1.406145240921172
1191 1.406145240921172
1192 1.406145240921172
1193 1.3253218574511025
1194 1.3253218574511025
1195 1.3253218574511025
1196 1.3253218574511025
1197 0.7543658345499907
1198 0.7543658345499907
1199 0.7543658345499907
1200 0.7543658345499907
1201 1.5335174120767652
1202 1.5335174120767652
1203 1.5335174120767652
1204 1.5335174120767652
1205 1.6353515361879662
1206 1.6353515361879662
1207 1.6353515361879662
1208 1.6353515361879662
1209 1.9541944979357193
1210 1.9541944979357193
1211 1.9541944979357193
1212 1.9541944979357193
1213 1.575509749246619
1214 1.575509749246619
1215 1.575509749246619
1216 1.575509749246619
1217 1.5806964645680133
1218 1.5806964645680133
1219 1.5806964645680133
1220 1.5806964645680133
1221 1.9301705928255428
1222 1.9301705928255428
1223 1.9301705928255428
1224 1.9301705928255428
1225 1.9489441521078845
1226 1.9489441521078845
1227 1.9489441521078845
1228 1.9489441521078845
1229 0.9736189344526589
1230 0.9736189344526589
1231 0.9736189344526589
1232 0.9736189344526589
1233 1.8048405807558656
1234 1.8048405807558656
1235 1.8048405807558656
1236 1.8048405807558656
1237 1.9684837727462496
1238 1.9684837727462496
1239 1.9684837727462496
1240 1.9684837727462496
1241 1.1771364422896664
1242 1.1771364422896664
1243 1.1771364422896664
1244 1.1771364422896664
1245 1.773236831193696
1246 1.773236831193696
1247 1.773236831193696
1248 1.773236831193696
1249 1.3758205270663788
1250 1.3758205270663788
1251 1.3758205270663788
1252 1.3758205270663788
1253 1.7204809882400687
1254 1.7204809882400687
1255 1.7204809882400687
1256 1.7204809882400687
1257 1.6079366165300144
1258 1.6079366165300144
1259 1.6079366165300144
1260 1.6079366165300144
1261 2.35445823211967
1262 2.35445823211967
1263 2.35445823211967
1264 2.35445823211967
1265 2.007803137072683
1266 2.007803137072683
1267 2.007803137072683
1268 2.007803137072683
1269 3.4347141168708166
1270 3.4347141168708166
1271 3.4347141168708166
1272 3.4347141168708166
1273 3.0785623757981457
1274 3.0785623757981457
1275 3.0785623757981457
1276 3.0785623757981457
1277 4.000263872380152
1278 4.000263872380152
1279 4.000263872380152
1280 4.000263872380152
1281 3.4325311787307426
1282 3.4325311787307426
1283 3.4325311787307426
1284 3.4325311787307426
1285 4.32241442221132
1286 4.32241442221132
1287 4.32241442221132
1288 4.32241442221132
1289 2.3429304495422167
1290 2.3429304495422167
1291 2.3429304495422167
1292 2.3429304495422167
1293 4.8755972676175325
1294 4.8755972676175325
1295 4.8755972676175325
1296 4.8755972676175325
1297 4.077519285934627
1298 4.077519285934627
1299 4.077519285934627
1300 4.077519285934627
1301 2.768584628114455
1302 1.225388717251257
1303 1.225388717251257
1304 1.225388717251257
1305 1.225388717251257
1306 0.7591026118007744
1307 0.7591026118007744
1308 0.7591026118007744
1309 0.7591026118007744
1310 0.8823524917899033
1311 0.8823524917899033
1312 0.8823524917899033
1313 0.8823524917899033
1314 1.047673960029724
1315 1.047673960029724
1316 1.047673960029724
1317 1.047673960029724
1318 1.1823515107704683
1319 1.1823515107704683
1320 1.1823515107704683
1321 1.1823515107704683
1322 1.3596771040102258
1323 1.3596771040102258
1324 1.3596771040102258
1325 1.3596771040102258
1326 0.5822556018539288
1327 0.5822556018539288
1328 0.5822556018539288
1329 0.5822556018539288
1330 1.4212295762014946
1331 1.4212295762014946
1332 2.2544789550485307
1333 2.2544789550485307
1334 2.2544789550485307
1335 2.2544789550485307
1336 1.8832086471562517
1337 2.3206672532163397
1338 2.3206672532163397
1339 2.3206672532163397
1340 2.3206672532163397
1341 3.2309441836277073
1342 3.2309441836277073
1343 3.2309441836277073
1344 3.2309441836277073
1345 2.9658176644818406
1346 2.9658176644818406
1347 2.9658176644818406
1348 2.9658176644818406
1349 2.796934392766282
1350 2.796934392766282
1351 2.796934392766282
1352 2.796934392766282
1353 3.276725335127209
1354 3.276725335127209
1355 3.276725335127209
1356 3.276725335127209
1357 2.936616598340216
1358 2.936616598340216
1359 2.936616598340216
1360 2.936616598340216
1361 0.9535081942215553
1362 0.9535081942215553
1363 0.9535081942215553
1364 0.9535081942215553
1365 1.477140219019222
1366 1.477140219019222
1367 1.477140219019222
1368 1.477140219019222
1369 3.675995324510181
1370 3.675995324510181
1371 3.675995324510181
1372 3.675995324510181
1373 3.3393935619227593
1374 3.3393935619227593
1375 3.3393935619227593
1376 3.3393935619227593
1377 2.828647712655264
1378 2.828647712655264
1379 2.828647712655264
1380 2.828647712655264
1381 2.7393022144647095
1382 2.7393022144647095
1383 2.7393022144647095
1384 2.7393022144647095
1385 3.877376404818223
1386 3.877376404818223
1387 3.877376404818223
1388 3.877376404818223
1389 2.975797936524348
1390 2.975797936524348
1391 2.975797936524348
1392 2.975797936524348
1393 3.1242898093321116
1394 3.1242898093321116
1395 3.1242898093321116
1396 3.1242898093321116
1397 2.24494375222692
1398 2.24494375222692
1399 2.24494375222692
1400 2.24494375222692
1401 2.456055978595081
1402 2.456055978595081
1403 2.456055978595081
1404 2.456055978595081
1405 2.4151539091389096
1406 2.4151539091389096
1407 2.4151539091389096
1408 2.4151539091389096
1409 3.2960910906532295
1410 3.2960910906532295
1411 3.2960910906532295
1412 3.2960910906532295
1413 3.5063202098851782
1414 3.5063202098851782
1415 3.5063202098851782
1416 3.5063202098851782
1417 1.4592979734979117
1418 1.4592979734979117
1419 1.4592979734979117
1420 1.4592979734979117
1421 2.2454506162632617
1422 2.2454506162632617
1423 2.2454506162632617
1424 2.2454506162632617
1425 2.549409456257558
1426 2.549409456257558
1427 2.549409456257558
1428 2.549409456257558
1429 2.462412257161927
1430 2.462412257161927
1431 2.462412257161927
1432 2.462412257161927
1433 2.2448015172152647
1434 2.2448015172152647
1435 2.2448015172152647
1436 2.2448015172152647
1437 1.9157948184370919
1438 1.9157948184370919
1439 1.9157948184370919
1440 1.9157948184370919
1441 3.6201521665653074
1442 3.6201521665653074
1443 3.6201521665653074
1444 3.6201521665653074
1445 2.9569237573668716
1446 2.9569237573668716
1447 2.9569237573668716
1448 2.9569237573668716
1449 2.020274544262855
1450 2.020274544262855
1451 2.020274544262855
1452 2.020274544262855
1453 2.171379417069112
1454 2.171379417069112
1455 2.171379417069112
1456 2.171379417069112
1457 2.6921883674638027
1458 2.6921883674638027
1459 2.6921883674638027
1460 2.6921883674638027
1461 2.1330705502598506
1462 2.1330705502598506
1463 2.1330705502598506
1464 2.1330705502598506
1465 3.199228807640349
1466 3.199228807640349
1467 3.199228807640349
1468 3.199228807640349
1469 3.0350784042523
1470 3.0350784042523
1471 3.0350784042523
1472 3.0350784042523
1473 1.491399257645869
1474 1.491399257645869
1475 1.491399257645869
1476 1.491399257645869
1477 1.5796137900381946
1478 1.5796137900381946
1479 1.5796137900381946
1480 1.5796137900381946
1481 2.9507151185490477
1482 2.9507151185490477
1483 2.9507151185490477
1484 2.9507151185490477
1485 2.80074030799571
1486 2.80074030799571
1487 2.80074030799571
1488 2.80074030799571
1489 2.4879787570762324
1490 2.4879787570762324
1491 2.4879787570762324
1492 2.4879787570762324
1493 2.6594362495043242
1494 2.6594362495043242
1495 2.6594362495043242
1496 2.6594362495043242
1497 2.243699459547487
1498 2.243699459547487
1499 2.243699459547487
1500 2.243699459547487
1501 2.250392773669889
1502 2.250392773669889
1503 2.250392773669889
1504 2.250392773669889
1505 1.961522974158504
1506 1.961522974158504
1507 1.961522974158504
1508 1.961522974158504
1509 3.8587561166916426
1510 3.8587561166916426
1511 2.9665153696149473
1512 2.9665153696149473
1513 2.9665153696149473
1514 2.9665153696149473
1515 3.5544118568815843
1516 3.5544118568815843
1517 3.5544118568815843
1518 3.5544118568815843
1519 3.02056703985379
1520 3.02056703985379
1521 3.02056703985379
1522 3.02056703985379
1523 2.5047214652784735
1524 2.5047214652784735
1525 2.5047214652784735
1526 2.5047214652784735
1527 3.960720020000074
1528 3.960720020000074
1529 3.960720020000074
1530 3.960720020000074
1531 4.210456607350788
1532 4.210456607350788
1533 4.210456607350788
1534 4.210456607350788
1535 2.9505139524937922
1536 2.9505139524937922
1537 2.9505139524937922
1538 2.9505139524937922
1539 3.099915019379253
1540 3.099915019379253
1541 3.099915019379253
1542 3.099915019379253
1543 2.627640640599087
1544 2.627640640599087
1545 2.627640640599087
1546 2.627640640599087
1547 0.5928492409009776
1548 0.5928492409009776
1549 0.5928492409009776
1550 0.5928492409009776
1551 0.9524174439930877
1552 0.9524174439930877
1553 0.9524174439930877
1554 0.9524174439930877
1555 0.7678355719668335
1556 0.7678355719668335
1557 0.7678355719668335
1558 0.7678355719668335
1559 1.040692377205407
1560 1.040692377205407
1561 1.040692377205407
1562 1.040692377205407
1563 1.1852273472441344
1564 1.1852273472441344
1565 1.1852273472441344
1566 1.1852273472441344
1567 1.1903874659855285
1568 1.1903874659855285
1569 1.1903874659855285
1570 1.1903874659855285
1571 1.1950346784884738
1572 1.1950346784884738
1573 1.1950346784884738
1574 1.1950346784884738
1575 1.051877153541653
1576 1.051877153541653
1577 1.051877153541653
1578 1.051877153541653
1579 1.251027432304813
1580 1.251027432304813
1581 1.251027432304813
1582 1.251027432304813
1583 1.0268034963415815
1584 1.0268034963415815
1585 1.0268034963415815
1586 1.0268034963415815
1587 1.0341335711722919
1588 1.0341335711722919
1589 1.0341335711722919
1590 1.0341335711722919
1591 1.3447823576431341
1592 1.3447823576431341
1593 1.3447823576431341
1594 1.3447823576431341
1595 1.3504700913031735
1596 1.3504700913031735
1597 1.3504700913031735
1598 1.3504700913031735
1599 1.4309158309966004
1600 1.4309158309966004
1601 1.4309158309966004
1602 1.4309158309966004
1603 0.9356489356821498
1604 0.9356489356821498
1605 0.9356489356821498
1606 0.9356489356821498
1607 1.3943521642628118
1608 1.3943521642628118
1609 1.3943521642628118
1610 1.3943521642628118
1611 1.1318970250073341
1612 1.1318970250073341
1613 1.1318970250073341
1614 1.1318970250073341
1615 1.7811950194908515
1616 1.7811950194908515
1617 1.7811950194908515
1618 1.7811950194908515
1619 1.1010132358678746
1620 1.1010132358678746
1621 1.1010132358678746
1622 1.1010132358678746
1623 1.135401543008029
1624 1.135401543008029
1625 1.135401543008029
1626 1.135401543008029
1627 2.263760900105552
1628 2.263760900105552
1629 2.263760900105552
1630 2.263760900105552
1631 2.4640052850968583
1632 2.4640052850968583
1633 2.4640052850968583
1634 2.4640052850968583
1635 1.750924668547051
1636 1.750924668547051
1637 1.750924668547051
1638 1.750924668547051
1639 1.763965013055305
1640 1.763965013055305
1641 1.763965013055305
1642 1.763965013055305
1643 0.744271937300362
1644 0.744271937300362
1645 0.744271937300362
1646 0.744271937300362
1647 0.7024543766718122
1648 0.7024543766718122
1649 0.7024543766718122
1650 0.7024543766718122
1651 1.2783555639567357
1652 1.2783555639567357
1653 1.2783555639567357
1654 1.2783555639567357
1655 2.0332071827283116
1656 2.0332071827283116
1657 2.0332071827283116
1658 2.0332071827283116
1659 1.3188746650302672
1660 1.3188746650302672
1661 1.3188746650302672
1662 1.3188746650302672
1663 1.5215540048954654
1664 1.5215540048954654
1665 1.5215540048954654
1666 1.5215540048954654
1667 1.4723171106165873
1668 1.4723171106165873
1669 1.4723171106165873
1670 1.4723171106165873
1671 1.8744161810060072
1672 1.8744161810060072
1673 1.8744161810060072
1674 1.8744161810060072
1675 1.8238205054353696
1676 1.8238205054353696
1677 1.8238205054353696
1678 1.8238205054353696
1679 1.7620529437241919
1680 1.7620529437241919
1681 1.7620529437241919
1682 1.7620529437241919
1683 0.9024647259370119
1684 0.9024647259370119
1685 0.9024647259370119
1686 0.9024647259370119
1687 1.506909625394694
1688 0.8990990511451854
1689 0.8990990511451854
1690 0.8990990511451854
1691 0.8990990511451854
1692 0.729275081697662
1693 0.729275081697662
1694 0.729275081697662
1695 0.729275081697662
1696 0.8134561140108957
1697 0.8134561140108957
1698 0.8134561140108957
1699 0.8134561140108957
1700 0.33991789870209393
1701 0.33991789870209393
1702 0.33991789870209393
1703 0.33991789870209393
1704 0.8702450606502315
1705 0.8702450606502315
1706 0.8702450606502315
1707 0.8702450606502315
1708 0.7508149059495687
1709 0.7508149059495687
1710 0.7508149059495687
1711 0.7508149059495687
1712 0.6794820746426449
1713 0.6794820746426449
1714 0.6794820746426449
1715 0.6794820746426449
1716 0.7013881224917851
1717 0.7013881224917851
1718 0.7013881224917851
1719 0.7013881224917851
1720 0.5441604146290979
1721 0.5441604146290979
1722 0.5441604146290979
1723 0.5441604146290979
1724 0.5900435143206236
1725 0.5900435143206236
1726 0.5900435143206236
1727 0.5900435143206236
1728 0.5622659485567689
1729 0.5622659485567689
1730 0.5622659485567689
1731 0.5622659485567689
1732 0.5270215617721699
1733 0.5270215617721699
1734 0.5270215617721699
1735 0.5270215617721699
1736 0.5822484953182634
1737 0.5822484953182634
1738 0.5822484953182634
1739 0.5822484953182634
1740 0.6648672973307646
1741 0.6648672973307646
1742 0.6648672973307646
1743 0.6648672973307646
1744 0.7952156623280298
1745 0.7952156623280298
1746 0.7952156623280298
1747 0.7952156623280298
1748 1.0282851789708145
1749 1.0282851789708145
1750 1.0282851789708145
1751 1.0282851789708145
1752 0.5540958810481165
1753 0.5540958810481165
1754 0.5540958810481165
1755 0.5540958810481165
1756 1.978668932430129
1757 1.978668932430129
1758 1.978668932430129
1759 1.978668932430129
1760 2.4627724004048117
1761 3.6697130205556845
1762 3.6697130205556845
1763 3.6697130205556845
1764 3.6697130205556845
1765 3.8228866550143152
1766 3.8228866550143152
1767 3.8228866550143152
1768 3.8228866550143152
1769 4.961901067228789
1770 4.961901067228789
1771 4.961901067228789
1772 4.961901067228789
1773 4.165973915713024
1774 4.165973915713024
1775 4.165973915713024
1776 4.165973915713024
1777 4.234100833931473
1778 2.4878448889468343
1779 2.4878448889468343
1780 2.4878448889468343
1781 2.4878448889468343
1782 3.8508652466428193
1783 3.8508652466428193
1784 3.8508652466428193
1785 3.8508652466428193
1786 1.9299645628583146
1787 1.9299645628583146
1788 1.9299645628583146
1789 1.9299645628583146
1790 3.363365053762751
1791 3.363365053762751
1792 3.363365053762751
1793 3.363365053762751
1794 3.761661277366545
1795 3.761661277366545
1796 3.761661277366545
1797 3.761661277366545
1798 5.54634900536771
1799 5.54634900536771
1800 5.54634900536771
1801 5.54634900536771
1802 3.0219325728058726
1803 3.0219325728058726
1804 3.0219325728058726
1805 3.0219325728058726
1806 3.1764318972759815
1807 3.1764318972759815
1808 3.1764318972759815
1809 3.4047655233404956
1810 3.4047655233404956
1811 3.4047655233404956
1812 3.4047655233404956
1813 2.2978442675293986
1814 2.2978442675293986
1815 2.2978442675293986
1816 2.2978442675293986
1817 2.7281621398782803
1818 2.7281621398782803
1819 0.8373014103554698
1820 0.8373014103554698
1821 0.8373014103554698
1822 0.8373014103554698
1823 0.7075167512299333
1824 0.7075167512299333
1825 0.7075167512299333
1826 0.7075167512299333
1827 0.890688578882824
1828 0.890688578882824
1829 0.890688578882824
1830 0.890688578882824
1831 0.7625585336084733
1832 0.7625585336084733
1833 0.7625585336084733
1834 0.7625585336084733
1835 0.6694768240437952
1836 0.6694768240437952
1837 0.6694768240437952
1838 0.6694768240437952
1839 0.44302035684024665
1840 0.44302035684024665
1841 0.44302035684024665
1842 0.44302035684024665
1843 0.4685910050327121
1844 0.4685910050327121
1845 0.4685910050327121
1846 0.4685910050327121
1847 0.6866104192051783
1848 0.6866104192051783
1849 0.6866104192051783
1850 0.6866104192051783
1851 0.7557708919525578
1852 0.7557708919525578
1853 0.7557708919525578
1854 0.7557708919525578
1855 0.7158767037403589
1856 0.7158767037403589
1857 0.7158767037403589
1858 0.7158767037403589
1859 0.5225267122326196
1860 0.5225267122326196
1861 0.5225267122326196
1862 0.5225267122326196
1863 0.89237138957568
1864 0.89237138957568
1865 0.89237138957568
1866 0.89237138957568
1867 0.6162654712462231
1868 0.6162654712462231
1869 0.6162654712462231
1870 0.6162654712462231
1871 0.4140083249798354
1872 0.4140083249798354
1873 0.4140083249798354
1874 0.4140083249798354
1875 0.6014717688551791
1876 0.6014717688551791
1877 0.6014717688551791
1878 0.6014717688551791
1879 0.7784749224992467
1880 0.7784749224992467
1881 0.7784749224992467
1882 0.7784749224992467
1883 0.6716695090050008
1884 0.6716695090050008
1885 0.6716695090050008
1886 0.6716695090050008
1887 0.6327570726476315
1888 0.6327570726476315
1889 0.6327570726476315
1890 0.6327570726476315
1891 0.7428567102017567
1892 0.7428567102017567
1893 0.7428567102017567
1894 0.7428567102017567
1895 0.6492757419399867
1896 4.667871902724865
1897 4.667871902724865
1898 4.667871902724865
1899 4.667871902724865
1900 4.191783449873649
1901 4.191783449873649
1902 4.191783449873649
1903 4.191783449873649
1904 4.542020853285932
1905 4.542020853285932
1906 4.542020853285932
1907 4.542020853285932
1908 4.359331608437078
1909 4.359331608437078
1910 4.359331608437078
1911 4.359331608437078
1912 2.714656324766404
1913 2.714656324766404
1914 2.714656324766404
1915 2.714656324766404
1916 3.915796640511791
1917 3.915796640511791
1918 3.915796640511791
1919 3.915796640511791
1920 3.208724114267679
1921 3.208724114267679
1922 3.208724114267679
1923 3.208724114267679
1924 3.4623869969756695
1925 3.4623869969756695
1926 3.4623869969756695
1927 3.4623869969756695
1928 3.5587507045320206
1929 3.5587507045320206
1930 3.5587507045320206
1931 3.5587507045320206
1932 1.4425324054579076
1933 1.4425324054579076
1934 1.4425324054579076
1935 1.4425324054579076
1936 1.6789947573072677
1937 1.6789947573072677
1938 1.6789947573072677
1939 1.6789947573072677
1940 2.052022569876448
1941 2.052022569876448
1942 2.052022569876448
1943 2.052022569876448
1944 2.045103717863899
1945 2.045103717863899
1946 2.045103717863899
1947 2.045103717863899
1948 2.194873547025307
1949 2.194873547025307
1950 2.194873547025307
1951 2.194873547025307
1952 1.7109842144521128
1953 1.7109842144521128
1954 1.7109842144521128
1955 1.7109842144521128
1956 1.9195365494232912
1957 1.9195365494232912
1958 1.9195365494232912
1959 1.9195365494232912
1960 2.0268073359670313
1961 2.0268073359670313
1962 2.0268073359670313
1963 2.0268073359670313
1964 2.3724084249440875
1965 2.3724084249440875
1966 2.3724084249440875
1967 2.3724084249440875
1968 2.8036088961028587
1969 2.8036088961028587
1970 2.8036088961028587
1971 2.8036088961028587
1972 1.478206586506579
1973 1.478206586506579
1974 1.478206586506579
1975 1.478206586506579
1976 1.3565795945859482
1977 1.3565795945859482
1978 1.3565795945859482
1979 1.3565795945859482
1980 2.0514179998266915
1981 2.0514179998266915
1982 2.0514179998266915
1983 2.0514179998266915
1984 1.8031596470576736
1985 1.8031596470576736
1986 1.8031596470576736
1987 1.8031596470576736
1988 3.273313765642135
1989 3.273313765642135
1990 3.273313765642135
1991 3.273313765642135
1992 4.681258750717512
1993 4.681258750717512
1994 4.681258750717512
1995 4.681258750717512
1996 3.3041607742377894
1997 3.3041607742377894
1998 3.3041607742377894
1999 3.3041607742377894
