0 6.362633561954585
1 6.362633561954585
2 6.362633561954585
3 6.120893264262627
4 6.120893264262627
5 6.120893264262627
6 3.7314996909304603
7 3.7314996909304603
8 3.6536033085001933
9 3.6536033085001933
10 3.6536033085001933
11 3.7801286414379387
12 3.7801286414379387
13 3.7801286414379387
14 3.2259373589588756
15 3.2259373589588756
16 3.2259373589588756
17 6.496327478901182
18 6.496327478901182
19 6.496327478901182
20 5.195215127372029
21 5.195215127372029
22 5.195215127372029
23 2.914372612608961
24 2.914372612608961
25 2.914372612608961
26 3.0048826514886597
27 3.0048826514886597
28 3.0048826514886597
29 1.6163972461340754
30 1.6163972461340754
31 1.6163972461340754
32 0.3459663122080108
33 0.3459663122080108
34 0.3459663122080108
35 0.528940453341862
36 0.528940453341862
37 0.528940453341862
38 0.7547034670607369
39 0.7547034670607369
40 0.7547034670607369
41 0.6572246433370835
42 0.6572246433370835
43 0.6572246433370835
44 1.1125765931283693
45 1.1125765931283693
46 1.1125765931283693
47 1.0713814711955973
48 1.0713814711955973
49 1.0713814711955973
50 0.9045055011304725
51 0.9045055011304725
52 0.9045055011304725
53 0.2504071177372791
54 0.2504071177372791
55 0.2504071177372791
56 0.30770424241259475
57 0.30770424241259475
58 0.30770424241259475
59 0.4428007065151598
60 0.4428007065151598
61 0.4428007065151598
62 0.9994166102072499
63 0.9994166102072499
64 0.9994166102072499
65 0.32732564484927756
66 0.32732564484927756
67 0.32732564484927756
68 0.8625183355067039
69 0.8625183355067039
70 0.8625183355067039
71 0.39807101613951984
72 0.39807101613951984
73 0.39807101613951984
74 0.7533960912442796
75 0.7533960912442796
76 0.7533960912442796
77 0.5666341390437094
78 0.5666341390437094
79 0.5666341390437094
80 0.7906465657266555
81 0.7906465657266555
82 0.7906465657266555
83 0.689442697063125
84 0.689442697063125
85 0.689442697063125
86 0.5983842290136491
87 0.5983842290136491
88 0.5983842290136491
89 1.2073884625346585
90 4.056779028941868
91 4.056779028941868
92 4.056779028941868
93 4.166643355828411
94 4.166643355828411
95 4.166643355828411
96 2.4903155632478944
97 2.4903155632478944
98 2.4903155632478944
99 4.352910950697914
100 4.352910950697914
101 4.352910950697914
102 5.875372133216295
103 5.875372133216295
104 5.875372133216295
105 4.607365509944078
106 4.607365509944078
107 4.607365509944078
108 6.2042064509509105
109 6.2042064509509105
110 6.2042064509509105
111 4.692451958932573
112 4.692451958932573
113 4.692451958932573
114 5.699396484956607
115 5.699396484956607
116 5.699396484956607
117 6.190255781433021
118 6.190255781433021
119 6.190255781433021
120 3.754580272495997
121 3.754580272495997
122 3.754580272495997
123 3.096662684382776
124 3.096662684382776
125 3.096662684382776
126 1.8376486479700826
127 1.8376486479700826
128 1.8376486479700826
129 4.802031370391128
130 4.802031370391128
131 4.802031370391128
132 3.3267652711956104
133 3.3267652711956104
134 3.3267652711956104
135 3.0233246728479735
136 3.0233246728479735
137 3.0233246728479735
138 3.2037294206456233
139 3.2037294206456233
140 3.2037294206456233
141 4.8948835681606715
142 4.8948835681606715
143 4.8948835681606715
144 6.908061234919778
145 6.908061234919778
146 6.908061234919778
147 3.8442683311231582
148 3.8442683311231582
149 3.8442683311231582
150 0.1
151 0.1
152 0.1
153 5.24608211726016
154 5.24608211726016
155 5.24608211726016
156 5.587597201310512
157 5.587597201310512
158 5.587597201310512
159 4.735689683750573
160 4.735689683750573
161 4.735689683750573
162 4.2118728315829195
163 4.2118728315829195
164 4.2118728315829195
165 1.4988699612322711
166 1.4988699612322711
167 1.4988699612322711
168 2.890713213184502
169 2.890713213184502
170 2.890713213184502
171 1.9934904960997328
172 1.9934904960997328
173 1.9934904960997328
174 1.9353705650345365
175 1.9353705650345365
176 1.9353705650345365
177 6.10612100536342
178 6.10612100536342
179 6.10612100536342
180 2.7478073606128275
181 2.7478073606128275
182 2.7478073606128275
183 3.6440621354182117
184 3.6440621354182117
185 3.6440621354182117
186 3.6505366990275006
187 3.6505366990275006
188 3.6505366990275006
189 3.4542478043992095
190 3.4542478043992095
191 3.4542478043992095
192 3.355935686078143
193 3.355935686078143
194 3.355935686078143
195 1.4655611459746898
196 1.4655611459746898
197 1.4655611459746898
198 4.214220634174791
199 4.214220634174791
200 4.214220634174791
201 3.8478260110158398
202 3.8478260110158398
203 3.8478260110158398
204 4.617521229667625
205 4.617521229667625
206 4.617521229667625
207 5.741740331651723
208 5.741740331651723
209 5.741740331651723
210 2.3507438753766072
211 2.3507438753766072
212 2.3507438753766072
213 4.862644792151192
214 4.862644792151192
215 4.862644792151192
216 4.215490155245536
217 4.215490155245536
218 4.215490155245536
219 4.239954094365353
220 4.239954094365353
221 4.239954094365353
222 3.831964563354147
223 3.831964563354147
224 3.831964563354147
225 3.973036851783196
226 3.973036851783196
227 3.973036851783196
228 1.57447822185028
229 1.57447822185028
230 1.57447822185028
231 4.062872834469899
232 4.062872834469899
233 4.062872834469899
234 2.1446900486735734
235 2.1446900486735734
236 2.1446900486735734
237 0.7701343927195791
238 0.7701343927195791
239 0.7701343927195791
240 0.8908799138695789
241 0.8908799138695789
242 0.8908799138695789
243 1.1079812597958472
244 1.1079812597958472
245 1.1079812597958472
246 0.8204281253725083
247 0.8204281253725083
248 0.8204281253725083
249 0.8205592000592552
250 0.8205592000592552
251 0.8205592000592552
252 1.193668643550736
253 1.193668643550736
254 1.193668643550736
255 1.0166051063129835
256 1.0166051063129835
257 1.0166051063129835
258 0.16702793872023008
259 0.16702793872023008
260 0.16702793872023008
261 0.49138404044395867
262 0.49138404044395867
263 0.49138404044395867
264 0.8224928142285729
265 0.8224928142285729
266 0.8224928142285729
267 0.9265455046127252
268 0.9265455046127252
269 0.9265455046127252
270 0.7586988423376825
271 0.7586988423376825
272 0.7586988423376825
273 0.8909952373384984
274 0.8909952373384984
275 0.8909952373384984
276 0.8366422085066019
277 0.8366422085066019
278 0.8366422085066019
279 3.562524993144168
280 1.3855734189155768
281 1.3855734189155768
282 1.3855734189155768
283 1.0150084292419803
284 1.7685015996472864
285 1.7685015996472864
286 1.7685015996472864
287 1.3236617122640688
288 1.3236617122640688
289 1.3236617122640688
290 2.4199648248003
291 2.4199648248003
292 2.4199648248003
293 1.3537413165515462
294 1.3537413165515462
295 1.3537413165515462
296 2.6534558566550714
297 2.6534558566550714
298 2.6534558566550714
299 1.3939227673869614
300 1.3939227673869614
301 1.3939227673869614
302 3.14784817777237
303 3.14784817777237
304 3.2878466963618385
305 3.2878466963618385
306 3.2878466963618385
307 3.692197497346481
308 3.692197497346481
309 3.692197497346481
310 3.5245281416435863
311 3.5245281416435863
312 3.5245281416435863
313 2.4115313881684717
314 2.4115313881684717
315 2.4115313881684717
316 1.8978260971977985
317 1.8978260971977985
318 1.8978260971977985
319 1.3770804381700592
320 1.3770804381700592
321 1.3770804381700592
322 2.762114132509211
323 2.762114132509211
324 2.762114132509211
325 1.2807038989675363
326 1.2807038989675363
327 1.2807038989675363
328 1.6735080908521285
329 1.6735080908521285
330 1.6735080908521285
331 0.8289007623181559
332 0.8289007623181559
333 0.8289007623181559
334 2.7859724951209177
335 2.7859724951209177
336 2.7859724951209177
337 3.390504952677029
338 3.390504952677029
339 3.390504952677029
340 0.9451905760279975
341 0.9451905760279975
342 0.9451905760279975
343 1.2421913180805526
344 1.2421913180805526
345 1.2421913180805526
346 1.4694059395093315
347 1.4694059395093315
348 1.4694059395093315
349 2.1642367805487237
350 2.1642367805487237
351 2.1642367805487237
352 1.962247275841148
353 1.962247275841148
354 1.962247275841148
355 2.4313295582905625
356 2.4313295582905625
357 2.4313295582905625
358 3.473432994443395
359 1.783960937406683
360 1.783960937406683
361 1.783960937406683
362 1.725511087389449
363 1.725511087389449
364 1.725511087389449
365 3.5957834018116333
366 3.5957834018116333
367 3.5957834018116333
368 1.4853450548573701
369 1.4853450548573701
370 1.4853450548573701
371 2.083730776197358
372 2.083730776197358
373 2.083730776197358
374 2.628941118760495
375 2.628941118760495
376 2.628941118760495
377 3.1201575696436072
378 3.1201575696436072
379 3.1201575696436072
380 0.5515002770246178
381 0.5515002770246178
382 0.5515002770246178
383 4.772025565149005
384 4.772025565149005
385 4.772025565149005
386 1.7121655203486326
387 1.7121655203486326
388 0.9988099736471778
389 0.9988099736471778
390 0.9988099736471778
391 1.5055928816259703
392 1.5055928816259703
393 1.5055928816259703
394 2.213700988110311
395 2.213700988110311
396 2.213700988110311
397 2.461259207604067
398 2.461259207604067
399 2.461259207604067
400 2.260972966139186
401 2.260972966139186
402 2.260972966139186
403 3.139678252503282
404 3.139678252503282
405 3.139678252503282
406 3.9838331599513066
407 3.9838331599513066
408 3.9838331599513066
409 5.050371260418186
410 5.050371260418186
411 5.050371260418186
412 1.0535423455458748
413 1.0535423455458748
414 1.0535423455458748
415 5.285846381423806
416 5.285846381423806
417 5.285846381423806
418 2.9721665989699018
419 2.9721665989699018
420 2.9721665989699018
421 3.5579508722988376
422 3.5579508722988376
423 3.5579508722988376
424 4.688616987142195
425 4.688616987142195
426 4.688616987142195
427 2.6902231973059365
428 2.6902231973059365
429 2.6902231973059365
430 2.8513066221694294
431 2.8513066221694294
432 0.868343323829611
433 0.868343323829611
434 0.868343323829611
435 0.13185277860308287
436 1.2381566398137016
437 1.2381566398137016
438 1.2381566398137016
439 1.680278450180914
440 0.8919499736784768
441 0.8919499736784768
442 0.8919499736784768
443 0.8245503191471852
444 0.8245503191471852
445 0.8245503191471852
446 0.22322285846497508
447 0.22322285846497508
448 0.22322285846497508
449 0.4736132495714022
450 0.4736132495714022
451 0.4736132495714022
452 1.1115276553821272
453 1.1115276553821272
454 1.1115276553821272
455 0.3943714777550026
456 0.3943714777550026
457 0.3943714777550026
458 0.7683108221111412
459 0.7683108221111412
460 0.7683108221111412
461 0.5087271032317294
462 0.5087271032317294
463 0.5087271032317294
464 0.44439709171270136
465 0.44439709171270136
466 0.44439709171270136
467 0.6816047940637832
468 0.6816047940637832
469 0.6816047940637832
470 0.6167150494584179
471 0.6167150494584179
472 0.6167150494584179
473 0.33619162872946495
474 0.33619162872946495
475 0.33619162872946495
476 0.25502563368845166
477 0.25502563368845166
478 0.25502563368845166
479 0.7391675986562414
480 0.7391675986562414
481 0.7391675986562414
482 0.877370298012808
483 0.877370298012808
484 0.877370298012808
485 1.0561352174658334
486 1.0561352174658334
487 1.0561352174658334
488 0.7375159912635003
489 0.7375159912635003
490 0.7375159912635003
491 0.6174597617212314
492 0.6174597617212314
493 0.6174597617212314
494 1.1588268904270045
495 1.1588268904270045
496 1.1588268904270045
497 0.19558828366543612
498 0.19558828366543612
499 0.19558828366543612
500 0.3864378066534209
501 0.3864378066534209
502 0.3864378066534209
503 0.7926865125206506
504 0.7926865125206506
505 0.7926865125206506
506 0.8192147450929608
507 0.8192147450929608
508 0.8192147450929608
509 0.7576754922043807
510 0.7576754922043807
511 0.7576754922043807
512 0.8893433715045258
513 0.8893433715045258
514 0.8893433715045258
515 0.7348007198521521
516 0.7348007198521521
517 0.7348007198521521
518 0.3196466969842442
519 0.3196466969842442
520 0.3196466969842442
521 0.848021962450235
522 0.848021962450235
523 0.848021962450235
524 0.577196737052993
525 0.577196737052993
526 0.577196737052993
527 0.9314125310768617
528 0.9314125310768617
529 0.9314125310768617
530 0.9575119276635067
531 0.9575119276635067
532 0.9575119276635067
533 1.2665799839253487
534 1.2665799839253487
535 1.2665799839253487
536 0.8230684821152049
537 0.8230684821152049
538 0.8230684821152049
539 0.38007421455046864
540 0.38007421455046864
541 0.38007421455046864
542 0.6946081663904735
543 0.6946081663904735
544 0.6946081663904735
545 0.6567933586204603
546 0.6567933586204603
547 0.6567933586204603
548 0.6164918872663262
549 0.6164918872663262
550 0.6164918872663262
551 0.31256366164777544
552 0.31256366164777544
553 0.31256366164777544
554 0.7883060556340251
555 0.7883060556340251
556 0.7883060556340251
557 0.2104746514570175
558 0.2104746514570175
559 0.2104746514570175
560 1.0801272121325618
561 1.0801272121325618
562 1.0801272121325618
563 0.7255669830084182
564 0.7255669830084182
565 0.7255669830084182
566 0.7062836289907715
567 0.7062836289907715
568 0.7062836289907715
569 0.489623497335105
570 0.489623497335105
571 0.489623497335105
572 0.5437938887077476
573 0.5437938887077476
574 0.5437938887077476
575 0.8742452736853281
576 0.8742452736853281
577 0.8742452736853281
578 0.7249912915683872
579 0.7249912915683872
580 0.7249912915683872
581 0.6488262264532523
582 0.6488262264532523
583 0.6488262264532523
584 0.36852855866011053
585 0.36852855866011053
586 0.36852855866011053
587 0.4597825085506857
588 0.4597825085506857
589 0.4597825085506857
590 0.29142547826340975
591 0.29142547826340975
592 0.29142547826340975
593 0.6047849760302224
594 0.6047849760302224
595 0.6047849760302224
596 0.9258120937208993
597 0.9258120937208993
598 0.9258120937208993
599 0.1161849695257492
600 0.1161849695257492
601 0.1161849695257492
602 0.6219983805279639
603 0.6219983805279639
604 0.6219983805279639
605 1.137807201794856
606 1.137807201794856
607 1.137807201794856
608 0.5225437034764905
609 0.5225437034764905
610 0.5225437034764905
611 0.497143561616386
612 0.497143561616386
613 0.497143561616386
614 0.9327259986282262
615 0.9327259986282262
616 0.9327259986282262
617 0.7277290694472017
618 0.7277290694472017
619 0.7277290694472017
620 0.7333630527535766
621 0.7333630527535766
622 0.7333630527535766
623 0.6945846380504754
624 0.6945846380504754
625 0.6945846380504754
626 0.1
627 0.1
628 0.1
629 1.2105111184735295
630 1.2105111184735295
631 1.2105111184735295
632 0.2844410565160703
633 0.2844410565160703
634 0.2844410565160703
635 1.223649938571252
636 1.223649938571252
637 1.223649938571252
638 0.9673402055550617
639 0.9673402055550617
640 0.9673402055550617
641 0.8671016452252991
642 0.8671016452252991
643 0.8671016452252991
644 0.6247094542415651
645 0.6247094542415651
646 0.6247094542415651
647 0.7147095626832886
648 0.7147095626832886
649 0.7147095626832886
650 0.6621954040289143
651 0.6621954040289143
652 0.6621954040289143
653 0.9508356814976286
654 0.9508356814976286
655 0.9508356814976286
656 0.5837690176306697
657 0.5837690176306697
658 0.5837690176306697
659 0.39937145110765376
660 0.39937145110765376
661 0.39937145110765376
662 3.819576664861677
663 3.819576664861677
664 3.819576664861677
665 3.3088529768338883
666 3.3088529768338883
667 3.3088529768338883
668 2.135208688725121
669 2.135208688725121
670 2.135208688725121
671 3.4961431289486664
672 3.4961431289486664
673 1.3767397140516084
674 1.3767397140516084
675 1.3767397140516084
676 2.351687997172104
677 2.351687997172104
678 2.351687997172104
679 1.5121967996095076
680 1.5121967996095076
681 1.5121967996095076
682 2.4300816995517467
683 2.4300816995517467
684 2.4300816995517467
685 1.8951035156689393
686 1.8951035156689393
687 1.8951035156689393
688 4.442592425024002
689 4.442592425024002
690 4.442592425024002
691 2.9134624961995357
692 2.9134624961995357
693 2.9134624961995357
694 1.012114759975875
695 1.012114759975875
696 1.012114759975875
697 2.5888182571355096
698 2.5888182571355096
699 2.5888182571355096
700 2.6021944665738603
701 2.6021944665738603
702 2.6021944665738603
703 6.030120526937063
704 6.030120526937063
705 6.030120526937063
706 3.6358838372731297
707 3.6358838372731297
708 3.6358838372731297
709 3.669371112738304
710 3.669371112738304
711 3.669371112738304
712 3.9444113163154335
713 3.9444113163154335
714 3.9444113163154335
715 6.372263285103047
716 6.372263285103047
717 6.372263285103047
718 3.7032871383589505
719 3.7032871383589505
720 3.7032871383589505
721 4.450548575627535
722 4.450548575627535
723 4.450548575627535
724 3.4990693120207768
725 3.4990693120207768
726 3.4990693120207768
727 6.162948143407341
728 6.162948143407341
729 6.162948143407341
730 1.965029271415125
731 1.965029271415125
732 1.965029271415125
733 5.167358687167732
734 5.167358687167732
735 5.167358687167732
736 5.813757704880262
737 5.813757704880262
738 5.813757704880262
739 5.380650960025063
740 5.380650960025063
741 5.380650960025063
742 6.961294719953608
743 6.961294719953608
744 6.961294719953608
745 5.2416724970280475
746 5.2416724970280475
747 5.2416724970280475
748 4.87071887536094
749 4.87071887536094
750 4.87071887536094
751 5.759012054310968
752 5.759012054310968
753 5.759012054310968
754 2.9749994606275014
755 2.9749994606275014
756 2.9749994606275014
757 1.7486108891222099
758 1.7486108891222099
759 1.7486108891222099
760 2.114868936608594
761 2.114868936608594
762 2.114868936608594
763 1.1383195582374612
764 1.1383195582374612
765 1.1383195582374612
766 2.5946550605225465
767 2.5946550605225465
768 2.5946550605225465
769 1.524179442862688
770 1.524179442862688
771 1.524179442862688
772 2.131608417969207
773 2.131608417969207
774 2.131608417969207
775 1.7279429209456583
776 1.7279429209456583
777 1.7279429209456583
778 1.5999741142763808
779 1.5999741142763808
780 1.5999741142763808
781 1.5411799211311186
782 1.5411799211311186
783 1.5411799211311186
784 3.028377700706919
785 3.028377700706919
786 3.028377700706919
787 3.251420911346357
788 3.251420911346357
789 3.251420911346357
790 3.7095431512219266
791 3.7095431512219266
792 3.7095431512219266
793 1.290035555383862
794 1.290035555383862
795 1.290035555383862
796 2.1004329026591746
797 2.1004329026591746
798 2.1004329026591746
799 2.4015393786678305
800 2.4015393786678305
801 2.4015393786678305
802 2.0688103467979513
803 2.0688103467979513
804 2.0688103467979513
805 0.8823525599143198
806 0.8823525599143198
807 0.8823525599143198
808 2.6568818236449467
809 2.6568818236449467
810 2.6568818236449467
811 1.7634442911468846
812 1.7634442911468846
813 1.7634442911468846
814 3.49208605720436
815 3.49208605720436
816 3.49208605720436
817 1.6593671669753818
818 1.6593671669753818
819 1.6593671669753818
820 3.4084780730960187
821 3.4084780730960187
822 3.4084780730960187
823 0.908324844314951
824 0.908324844314951
825 0.908324844314951
826 2.9308230742924994
827 4.858338686073228
828 4.858338686073228
829 4.858338686073228
830 4.131855561149963
831 4.131855561149963
832 4.131855561149963
833 3.351280388313303
834 3.351280388313303
835 3.351280388313303
836 6.442845801763129
837 6.442845801763129
838 6.442845801763129
839 1.7777692290996592
840 1.7777692290996592
841 1.7777692290996592
842 1.8321760693238163
843 1.8321760693238163
844 1.8321760693238163
845 4.728208279963858
846 4.728208279963858
847 4.728208279963858
848 5.507060006934456
849 5.507060006934456
850 5.507060006934456
851 3.898522246363711
852 3.898522246363711
853 3.898522246363711
854 1.8258344588698556
855 1.8258344588698556
856 1.8258344588698556
857 3.355194420357368
858 3.355194420357368
859 3.355194420357368
860 7.108587760986769
861 7.108587760986769
862 7.108587760986769
863 3.992660393992361
864 3.992660393992361
865 3.992660393992361
866 5.329259671854274
867 5.329259671854274
868 5.329259671854274
869 3.004360666875459
870 3.004360666875459
871 3.004360666875459
872 5.366512551363807
873 5.366512551363807
874 5.366512551363807
875 3.6176137619159268
876 3.6176137619159268
877 3.6176137619159268
878 1.184478640524191
879 1.184478640524191
880 1.184478640524191
881 3.8864078847118617
882 3.8864078847118617
883 3.8864078847118617
884 1.62583569866771
885 1.62583569866771
886 1.62583569866771
887 2.120301127267015
888 2.120301127267015
889 2.120301127267015
890 3.918009554017194
891 3.918009554017194
892 3.918009554017194
893 3.6632118982352937
894 3.6632118982352937
895 3.6632118982352937
896 3.3294242703714505
897 3.3294242703714505
898 3.3294242703714505
899 4.555148925240271
900 4.555148925240271
901 4.555148925240271
902 5.446389035214976
903 5.446389035214976
904 5.446389035214976
905 1.9698902417092448
906 1.9698902417092448
907 1.9698902417092448
908 4.369966902707323
909 4.369966902707323
910 4.369966902707323
911 4.404117788721767
912 4.404117788721767
913 4.404117788721767
914 3.523555823428109
915 3.523555823428109
916 3.523555823428109
917 5.99013591130784
918 5.99013591130784
919 5.99013591130784
920 3.7621331193899405
921 3.7621331193899405
922 3.7621331193899405
923 3.4704276737495476
924 3.4704276737495476
925 3.4704276737495476
926 2.2067469664297836
927 2.2067469664297836
928 2.2067469664297836
929 4.888468029184648
930 4.888468029184648
931 2.1033585970565154
932 2.1033585970565154
933 2.1033585970565154
934 5.509090490756664
935 5.509090490756664
936 5.509090490756664
937 6.183630554364435
938 6.183630554364435
939 6.183630554364435
940 4.213887323926091
941 2.482891413025583
942 2.482891413025583
943 2.482891413025583
944 2.8688419788000896
945 2.8688419788000896
946 2.8688419788000896
947 2.9715698564082422
948 2.9715698564082422
949 2.9715698564082422
950 2.4217900499926897
951 2.4217900499926897
952 2.4217900499926897
953 1.9912049858174456
954 1.9912049858174456
955 1.9912049858174456
956 4.599134162893792
957 4.599134162893792
958 1.6226354067071047
959 1.6226354067071047
960 1.6226354067071047
961 0.33277620855265133
962 0.33277620855265133
963 0.33277620855265133
964 0.1
965 0.1
966 0.1
967 1.4381600889165336
968 1.4381600889165336
969 1.4381600889165336
970 0.8677563970435032
971 0.8677563970435032
972 0.8677563970435032
973 0.12301088184916331
974 0.12301088184916331
975 0.12301088184916331
976 1.901192877580001
977 1.2369103505539554
978 1.2369103505539554
979 1.2369103505539554
980 1.6143498770444262
981 2.539057997498093
982 2.539057997498093
983 2.539057997498093
984 1.756622857746678
985 1.756622857746678
986 1.756622857746678
987 3.5287976324601535
988 3.5287976324601535
989 3.5287976324601535
990 3.9329099182593215
991 3.9329099182593215
992 3.9329099182593215
993 3.111587484772281
994 3.111587484772281
995 3.111587484772281
996 1.106870523080138
997 1.106870523080138
998 1.106870523080138
999 1.1907839699070772
1000 1.1907839699070772
1001 1.1907839699070772
1002 3.244781811027048
1003 3.244781811027048
1004 3.244781811027048
1005 3.269324456085986
1006 3.269324456085986
1007 3.269324456085986
1008 3.6037850651612118
1009 3.6037850651612118
1010 3.6037850651612118
1011 2.546183613093189
1012 2.546183613093189
1013 2.546183613093189
1014 1.8039927161434206
1015 1.8039927161434206
1016 1.8039927161434206
1017 0.8044581888864345
1018 0.8044581888864345
1019 0.8044581888864345
1020 0.1994343858741695
1021 0.1994343858741695
1022 0.1994343858741695
1023 0.9040286173855597
1024 0.9040286173855597
1025 0.9040286173855597
1026 0.3534024934998122
1027 0.3534024934998122
1028 0.3534024934998122
1029 0.7985598779063867
1030 0.7985598779063867
1031 0.7985598779063867
1032 1.1406512712466406
1033 1.1406512712466406
1034 1.1406512712466406
1035 0.1
1036 0.1
1037 0.1
1038 1.021206240114089
1039 1.021206240114089
1040 1.021206240114089
1041 0.4800760528086175
1042 0.4800760528086175
1043 0.4800760528086175
1044 0.29383049551240814
1045 0.29383049551240814
1046 0.29383049551240814
1047 0.6211191470178123
1048 0.6211191470178123
1049 0.6211191470178123
1050 1.603762901555361
1051 1.603762901555361
1052 1.603762901555361
1053 1.5804620717671969
1054 1.5804620717671969
1055 1.5804620717671969
1056 1.1683421436129255
1057 1.1683421436129255
1058 1.1683421436129255
1059 2.408160091058683
1060 2.408160091058683
1061 2.408160091058683
1062 1.418573020015902
1063 1.418573020015902
1064 1.418573020015902
1065 1.5992429688423986
1066 1.5992429688423986
1067 1.5992429688423986
1068 1.568960705270368
1069 1.568960705270368
1070 0.16633818725589966
1071 0.16633818725589966
1072 0.16633818725589966
1073 0.1416008951212262
1074 0.1416008951212262
1075 0.1416008951212262
1076 0.1
1077 0.1
1078 0.1
1079 0.1284088845953863
1080 0.1284088845953863
1081 0.1284088845953863
1082 0.28625379370865184
1083 0.28625379370865184
1084 0.28625379370865184
1085 0.17900903850732283
1086 2.503553865869457
1087 2.503553865869457
1088 2.503553865869457
1089 1.8440646159850982
1090 1.8440646159850982
1091 1.8440646159850982
1092 4.370980996928745
1093 4.370980996928745
1094 4.370980996928745
1095 1.9123757897658071
1096 1.9123757897658071
1097 1.9123757897658071
1098 2.6176290892931005
1099 2.6176290892931005
1100 2.6176290892931005
1101 2.5308646991184274
1102 2.5308646991184274
1103 2.5308646991184274
1104 3.5926691441035237
1105 3.5926691441035237
1106 3.5926691441035237
1107 0.1
1108 0.1
1109 0.1
1110 3.546811714025055
1111 3.546811714025055
1112 3.546811714025055
1113 3.069063983615975
1114 1.0768577010450913
1115 1.0768577010450913
1116 1.0768577010450913
1117 0.4586938038335097
1118 0.4586938038335097
1119 0.4586938038335097
1120 3.863518503806577
1121 3.863518503806577
1122 3.863518503806577
1123 4.625363257243203
1124 4.625363257243203
1125 4.625363257243203
1126 4.445977750770136
1127 4.445977750770136
1128 4.1446571966132115
1129 4.1446571966132115
1130 4.1446571966132115
1131 3.963469830820679
1132 3.963469830820679
1133 3.963469830820679
1134 5.6265758232948855
1135 5.6265758232948855
1136 5.6265758232948855
1137 2.1286652050847916
1138 2.1286652050847916
1139 2.1286652050847916
1140 1.3261587648915087
1141 1.3261587648915087
1142 1.3261587648915087
1143 3.409538298704996
1144 3.409538298704996
1145 3.409538298704996
1146 5.6141296466032315
1147 5.6141296466032315
1148 5.6141296466032315
1149 2.141806467570383
1150 2.141806467570383
1151 2.141806467570383
1152 0.9071643008303247
1153 0.9071643008303247
1154 0.9071643008303247
1155 1.569846308904882
1156 1.569846308904882
1157 1.569846308904882
1158 2.639206367817637
1159 2.639206367817637
1160 2.4893761849044496
1161 2.4893761849044496
1162 2.4893761849044496
1163 1.4975918244883948
1164 1.4975918244883948
1165 1.4975918244883948
1166 2.017767974211
1167 2.017767974211
1168 2.017767974211
1169 2.28924896433243
1170 2.28924896433243
1171 2.28924896433243
1172 2.68752798769222
1173 2.68752798769222
1174 2.68752798769222
1175 2.756230831764661
1176 2.756230831764661
1177 2.756230831764661
1178 2.24979665125351
1179 2.24979665125351
1180 2.24979665125351
1181 0.9791081896241992
1182 0.9791081896241992
1183 0.9791081896241992
1184 1.8273986409652827
1185 1.8273986409652827
1186 1.8273986409652827
1187 1.2366766140680565
1188 1.2366766140680565
1189 1.2366766140680565
1190 1.465701003856953
1191 1.465701003856953
1192 1.465701003856953
1193 1.0910856728432248
1194 1.0910856728432248
1195 1.0910856728432248
1196 1.3072723977398901
1197 1.3072723977398901
1198 1.3072723977398901
1199 0.6072789044004153
1200 0.6072789044004153
1201 0.6072789044004153
1202 0.6966291739235324
1203 0.6966291739235324
1204 0.6966291739235324
1205 1.1858910589307536
1206 1.1858910589307536
1207 1.1858910589307536
1208 0.8687436431029261
1209 0.8687436431029261
1210 0.8687436431029261
1211 1.205908093088732
1212 1.205908093088732
1213 1.205908093088732
1214 1.0332640837249467
1215 1.0332640837249467
1216 1.0332640837249467
1217 0.8195229325717184
1218 0.8195229325717184
1219 0.8195229325717184
1220 0.959279543895742
1221 0.959279543895742
1222 0.959279543895742
1223 1.4509613751046984
1224 1.4509613751046984
1225 1.4509613751046984
1226 1.179185215320367
1227 1.179185215320367
1228 1.179185215320367
1229 1.2058409034055215
1230 1.2058409034055215
1231 1.2058409034055215
1232 1.5033567364307507
1233 1.5033567364307507
1234 1.5033567364307507
1235 1.998236875553462
1236 1.998236875553462
1237 1.998236875553462
1238 1.3275732239490097
1239 1.3275732239490097
1240 1.3275732239490097
1241 0.9835247338939509
1242 0.9835247338939509
1243 0.9835247338939509
1244 0.7035746956087735
1245 0.7035746956087735
1246 0.7035746956087735
1247 0.4965461032776153
1248 0.4965461032776153
1249 0.4965461032776153
1250 0.3062800158829905
1251 0.3062800158829905
1252 0.3062800158829905
1253 0.8458443915394883
1254 0.8458443915394883
1255 0.8458443915394883
1256 0.8084004266058693
1257 0.8084004266058693
1258 0.8084004266058693
1259 1.6089075180365948
1260 1.6089075180365948
1261 1.6089075180365948
1262 1.1999434034002785
1263 1.1999434034002785
1264 1.1999434034002785
1265 1.1897922638102518
1266 1.1897922638102518
1267 1.1897922638102518
1268 1.447575032834434
1269 1.447575032834434
1270 1.447575032834434
1271 0.9840227817689585
1272 0.9840227817689585
1273 0.9840227817689585
1274 0.1
1275 0.1
1276 0.1
1277 0.7278972126093239
1278 0.7278972126093239
1279 0.7278972126093239
1280 1.2925438848448236
1281 1.2925438848448236
1282 1.2925438848448236
1283 1.2890454637775115
1284 1.2890454637775115
1285 1.2890454637775115
1286 1.6998134570904415
1287 1.6998134570904415
1288 1.6998134570904415
1289 0.9492926393442496
1290 0.9492926393442496
1291 0.9492926393442496
1292 0.9334839960123452
1293 0.9334839960123452
1294 0.9334839960123452
1295 0.7326323227603977
1296 0.7326323227603977
1297 0.7326323227603977
1298 1.7360287235988048
1299 1.7360287235988048
1300 1.7360287235988048
1301 1.6870097605837602
1302 1.6870097605837602
1303 1.6870097605837602
1304 0.7514554536295563
1305 0.7514554536295563
1306 0.7514554536295563
1307 0.8037730667606153
1308 0.8037730667606153
1309 0.8037730667606153
1310 1.0592595092084587
1311 1.0592595092084587
1312 1.0592595092084587
1313 1.2964179991980012
1314 1.2964179991980012
1315 1.2964179991980012
1316 0.5854488122283116
1317 0.5854488122283116
1318 0.5854488122283116
1319 1.1725624595737698
1320 1.1725624595737698
1321 1.1725624595737698
1322 1.37918137173762
1323 1.37918137173762
1324 1.37918137173762
1325 1.2206305232178603
1326 1.2206305232178603
1327 1.2206305232178603
1328 1.5363870951745773
1329 1.5363870951745773
1330 1.5363870951745773
1331 0.8790656086492776
1332 0.8790656086492776
1333 0.8790656086492776
1334 1.2280334204726178
1335 1.2280334204726178
1336 1.2280334204726178
1337 0.9015451214320859
1338 0.9015451214320859
1339 0.9015451214320859
1340 0.7938386507609312
1341 0.7938386507609312
1342 0.7938386507609312
1343 1.528140232620378
1344 1.528140232620378
1345 1.528140232620378
1346 1.2778924540044803
1347 1.2778924540044803
1348 1.2778924540044803
1349 1.0840095554977107
1350 1.0840095554977107
1351 1.0840095554977107
1352 0.8258885332908668
1353 0.8258885332908668
1354 0.8258885332908668
1355 0.5562227796265744
1356 0.5562227796265744
1357 0.5562227796265744
1358 2.1561068914096886
1359 2.1561068914096886
1360 2.1561068914096886
1361 0.9746024222632717
1362 0.9746024222632717
1363 0.9746024222632717
1364 0.668092438642258
1365 0.668092438642258
1366 0.668092438642258
1367 2.3948158103336077
1368 2.3948158103336077
1369 2.3948158103336077
1370 0.34352674847547304
1371 0.34352674847547304
1372 0.34352674847547304
1373 1.610408147354821
1374 1.610408147354821
1375 1.610408147354821
1376 0.8130290107866636
1377 0.8130290107866636
1378 0.8130290107866636
1379 1.1870495255557632
1380 1.1870495255557632
1381 1.1870495255557632
1382 0.41588791461512464
1383 0.41588791461512464
1384 0.41588791461512464
1385 0.6777094292079033
1386 0.6777094292079033
1387 0.6777094292079033
1388 0.8140682559602901
1389 0.8140682559602901
1390 0.8140682559602901
1391 0.23689161608170795
1392 0.23689161608170795
1393 0.23689161608170795
1394 0.1
1395 0.1
1396 0.1
1397 2.05837972092999
1398 2.05837972092999
1399 2.05837972092999
1400 1.190423085492485
1401 1.190423085492485
1402 1.190423085492485
1403 0.8182414990063178
1404 0.8182414990063178
1405 0.8182414990063178
1406 0.6953607487814969
1407 0.6953607487814969
1408 0.6953607487814969
1409 0.8809431719514219
1410 0.8809431719514219
1411 0.8809431719514219
1412 0.6673302926257141
1413 0.6673302926257141
1414 0.6673302926257141
1415 1.3774627742291976
1416 1.3774627742291976
1417 1.3774627742291976
1418 0.538921368468158
1419 0.538921368468158
1420 0.538921368468158
1421 1.7969466902831897
1422 1.7969466902831897
1423 1.7969466902831897
1424 1.3695044100927434
1425 1.3695044100927434
1426 1.3695044100927434
1427 0.9090484739040214
1428 0.9090484739040214
1429 0.9090484739040214
1430 1.2809517758374502
1431 1.2809517758374502
1432 1.2809517758374502
1433 1.8704492922623457
1434 1.8704492922623457
1435 1.8704492922623457
1436 0.6811299992961386
1437 0.6811299992961386
1438 0.6811299992961386
1439 1.17270006925648
1440 1.17270006925648
1441 1.17270006925648
1442 1.1502180393315335
1443 1.1502180393315335
1444 1.1502180393315335
1445 0.8418160693560588
1446 0.8418160693560588
1447 0.8418160693560588
1448 0.1
1449 0.1
1450 0.1
1451 1.4469638131733935
1452 1.4469638131733935
1453 1.4469638131733935
1454 1.2469336369029154
1455 1.2469336369029154
1456 1.2469336369029154
1457 0.9484866908770027
1458 0.9484866908770027
1459 0.9484866908770027
1460 0.7788522166225336
1461 0.7788522166225336
1462 0.7788522166225336
1463 1.161370443165082
1464 1.161370443165082
1465 1.161370443165082
1466 0.9875220734862226
1467 0.9875220734862226
1468 0.9875220734862226
1469 1.3398933147594911
1470 1.3398933147594911
1471 1.3398933147594911
1472 0.5503003245787034
1473 0.5503003245787034
1474 0.5503003245787034
1475 1.2167398606558752
1476 1.2167398606558752
1477 1.2167398606558752
1478 1.581663432983648
1479 1.581663432983648
1480 1.581663432983648
1481 0.8580359913821849
1482 0.8580359913821849
1483 0.8580359913821849
1484 1.2530888807714478
1485 1.2530888807714478
1486 1.2530888807714478
1487 0.1
1488 0.1
1489 0.1
1490 0.11191630876096237
1491 0.11191630876096237
1492 0.11191630876096237
1493 0.7124239777563249
1494 0.7124239777563249
1495 0.7124239777563249
1496 0.336434226456649
1497 0.336434226456649
1498 0.336434226456649
1499 1.6434283533968976
1500 1.6434283533968976
1501 1.6434283533968976
1502 0.3807613155668079
1503 0.13596233742112046
1504 0.13596233742112046
1505 0.13596233742112046
1506 0.2779513799166
1507 0.2779513799166
1508 0.2779513799166
1509 0.1
1510 0.1
1511 0.1
1512 0.15637558217317685
1513 0.15637558217317685
1514 0.15637558217317685
1515 0.1991402560679058
1516 0.1991402560679058
1517 0.1991402560679058
1518 0.2482970006016723
1519 0.2482970006016723
1520 0.2482970006016723
1521 0.2978233714169898
1522 0.2978233714169898
1523 0.2978233714169898
1524 0.1
1525 0.1
1526 0.1
1527 0.12039113697763293
1528 0.12039113697763293
1529 0.12039113697763293
1530 0.2716196872427208
1531 0.2716196872427208
1532 0.2716196872427208
1533 0.16891060474778122
1534 0.16891060474778122
1535 0.16891060474778122
1536 0.2384309923599786
1537 0.2384309923599786
1538 0.2384309923599786
1539 0.20633211164370885
1540 0.20633211164370885
1541 0.20633211164370885
1542 0.18328083143389465
1543 0.18328083143389465
1544 0.18328083143389465
1545 0.2899069502129891
1546 0.2899069502129891
1547 0.2899069502129891
1548 0.18664432401707404
1549 0.18664432401707404
1550 0.18664432401707404
1551 0.12724256106943632
1552 0.12724256106943632
1553 0.12724256106943632
1554 0.2119840224150116
1555 0.2119840224150116
1556 0.2119840224150116
1557 0.21834376510885506
1558 0.21834376510885506
1559 0.21834376510885506
1560 0.26644048825162386
1561 0.26644048825162386
1562 0.26644048825162386
1563 0.2030916943347652
1564 0.2030916943347652
1565 0.2030916943347652
1566 0.2635813500069353
1567 0.2635813500069353
1568 0.2635813500069353
1569 0.1
1570 0.1
1571 0.1
1572 0.2013800349663403
1573 0.2013800349663403
1574 0.2013800349663403
1575 0.1
1576 0.1
1577 0.1
1578 0.14233398339723702
1579 0.14233398339723702
1580 0.14233398339723702
1581 0.25352340258357015
1582 0.25352340258357015
1583 0.25352340258357015
1584 0.1
1585 0.1
1586 0.1
1587 0.1948096483439117
1588 0.1948096483439117
1589 0.1948096483439117
1590 0.12253753044523683
1591 0.12253753044523683
1592 0.12253753044523683
1593 0.29317675781710434
1594 0.29317675781710434
1595 0.29317675781710434
1596 0.14386075312554306
1597 0.14386075312554306
1598 0.14386075312554306
1599 0.1625375267364334
1600 0.1625375267364334
1601 0.1625375267364334
1602 0.1
1603 0.1
1604 0.1
1605 0.4948084545415777
1606 0.4948084545415777
1607 0.4948084545415777
1608 0.1
1609 0.1
1610 0.1
1611 0.36219108606168504
1612 0.36219108606168504
1613 0.36219108606168504
1614 0.2338307817787659
1615 0.2338307817787659
1616 0.2338307817787659
1617 0.18133510265169422
1618 0.18133510265169422
1619 0.18133510265169422
1620 0.1
1621 0.1
1622 0.1
1623 0.1934626823090997
1624 0.1934626823090997
1625 0.1934626823090997
1626 0.26921521777318014
1627 0.26921521777318014
1628 0.26921521777318014
1629 0.2705346246510497
1630 0.2705346246510497
1631 0.2705346246510497
1632 0.3279588574666118
1633 0.3279588574666118
1634 0.3279588574666118
1635 0.16159180299426398
1636 0.16159180299426398
1637 0.16159180299426398
1638 0.1629253880297456
1639 0.1629253880297456
1640 0.1629253880297456
1641 0.1
1642 0.1
1643 0.1
1644 0.20776708469111987
1645 0.20776708469111987
1646 0.20776708469111987
1647 0.1439488674842559
1648 0.1439488674842559
1649 0.1439488674842559
1650 0.27451096841019446
1651 0.27451096841019446
1652 0.27451096841019446
1653 0.1830991763638545
1654 0.1830991763638545
1655 0.1830991763638545
1656 3.3761415515145883
1657 3.3761415515145883
1658 3.3761415515145883
1659 2.779313868038889
1660 2.779313868038889
1661 2.779313868038889
1662 2.458923685558769
1663 2.458923685558769
1664 2.458923685558769
1665 3.450097060520955
1666 3.450097060520955
1667 3.450097060520955
1668 4.671942164938651
1669 4.671942164938651
1670 4.671942164938651
1671 0.6120247940891872
1672 0.6120247940891872
1673 0.6120247940891872
1674 0.1
1675 0.1
1676 0.1
1677 1.2046497045806568
1678 1.2046497045806568
1679 1.2046497045806568
1680 5.003683597123322
1681 5.003683597123322
1682 5.003683597123322
1683 3.1934527840685583
1684 3.1934527840685583
1685 3.1934527840685583
1686 2.6548971122976623
1687 2.6548971122976623
1688 2.6548971122976623
1689 3.5633165449112028
1690 3.5633165449112028
1691 3.5633165449112028
1692 1.8657167574396063
1693 1.8657167574396063
1694 1.8657167574396063
1695 4.533092968572699
1696 4.533092968572699
1697 4.533092968572699
1698 2.1071932977147463
1699 2.1071932977147463
1700 2.1071932977147463
1701 4.711744528943097
1702 4.711744528943097
1703 4.711744528943097
1704 1.6607541574359446
1705 1.6607541574359446
1706 1.6607541574359446
1707 4.11258374415935
1708 4.11258374415935
1709 4.11258374415935
1710 1.772295730376136
1711 1.772295730376136
1712 1.772295730376136
1713 2.8018434908428573
1714 2.8018434908428573
1715 2.8018434908428573
1716 1.6237924338899743
1717 1.6237924338899743
1718 1.6237924338899743
1719 2.165567398921066
1720 2.165567398921066
1721 2.165567398921066
1722 2.290765977874993
1723 2.290765977874993
1724 2.290765977874993
1725 2.9156904659156786
1726 2.9156904659156786
1727 2.9156904659156786
1728 4.61916489241036
1729 4.61916489241036
1730 4.61916489241036
1731 4.775004272208751
1732 4.775004272208751
1733 4.775004272208751
1734 4.822583536513434
1735 4.822583536513434
1736 4.822583536513434
1737 3.1317141576077447
1738 3.1317141576077447
1739 3.1317141576077447
1740 4.517136470162113
1741 4.517136470162113
1742 4.517136470162113
1743 1.9807595846082726
1744 1.9807595846082726
1745 1.9807595846082726
1746 2.977294025585292
1747 2.977294025585292
1748 2.977294025585292
1749 1.2978784372336938
1750 1.2978784372336938
1751 1.2978784372336938
1752 4.288359448673316
1753 4.288359448673316
1754 4.288359448673316
1755 2.034201621325616
1756 2.034201621325616
1757 2.034201621325616
1758 2.684829711636893
1759 2.684829711636893
1760 2.684829711636893
1761 4.2799036555994405
1762 4.2799036555994405
1763 4.2799036555994405
1764 2.4676900373592163
1765 2.4676900373592163
1766 2.4676900373592163
1767 3.568857040768813
1768 3.568857040768813
1769 3.568857040768813
1770 1.7063385091501135
1771 1.7063385091501135
1772 1.7063385091501135
1773 1.8627653121106234
1774 1.8627653121106234
1775 1.8627653121106234
1776 5.426180414730216
1777 5.426180414730216
1778 5.426180414730216
1779 4.140260882870182
1780 4.140260882870182
1781 4.140260882870182
1782 4.888927704058863
1783 4.888927704058863
1784 4.888927704058863
1785 2.950058410528529
1786 2.950058410528529
1787 2.950058410528529
1788 3.759042655401447
1789 3.759042655401447
1790 3.759042655401447
1791 3.3717055504785054
1792 3.3717055504785054
1793 3.3717055504785054
1794 2.7117247237575106
1795 2.7117247237575106
1796 2.7117247237575106
1797 2.3835612661910175
1798 2.3835612661910175
1799 2.3835612661910175
1800 2.206160847828122
1801 3.32456111132454
1802 3.32456111132454
1803 3.32456111132454
1804 5.778025443538432
1805 5.778025443538432
1806 5.778025443538432
1807 7.540067734335391
1808 2.62178782925661
1809 2.62178782925661
1810 2.62178782925661
1811 1.7522903765265183
1812 1.7522903765265183
1813 2.0739715828325824
1814 2.0739715828325824
1815 2.0739715828325824
1816 3.061542676479511
1817 3.061542676479511
1818 3.061542676479511
1819 5.8407207789528695
1820 5.8407207789528695
1821 5.8407207789528695
1822 2.466519510408391
1823 2.466519510408391
1824 2.466519510408391
1825 6.03112144101561
1826 6.03112144101561
1827 6.03112144101561
1828 5.144159061957991
1829 5.144159061957991
1830 5.144159061957991
1831 4.769282611044493
1832 4.769282611044493
1833 4.769282611044493
1834 2.411327424154442
1835 2.411327424154442
1836 2.411327424154442
1837 4.955839062226126
1838 4.955839062226126
1839 4.955839062226126
1840 5.386612349510575
1841 5.386612349510575
1842 5.386612349510575
1843 5.5117757006786245
1844 5.5117757006786245
1845 5.5117757006786245
1846 1.721997718011857
1847 1.721997718011857
1848 1.721997718011857
1849 5.853779609119993
1850 5.853779609119993
1851 5.853779609119993
1852 2.0466848925322982
1853 2.0466848925322982
1854 2.0466848925322982
1855 4.55138559270133
1856 4.55138559270133
1857 4.55138559270133
1858 3.2345225733331633
1859 3.2345225733331633
1860 3.2345225733331633
1861 4.124826738809496
1862 4.124826738809496
1863 4.124826738809496
1864 4.922945154901342
1865 4.922945154901342
1866 4.922945154901342
1867 3.05320300534585
1868 3.05320300534585
1869 3.05320300534585
1870 2.8010222042405752
1871 2.8010222042405752
1872 2.8010222042405752
1873 2.872570276629896
1874 2.872570276629896
1875 2.872570276629896
1876 2.5426073118673003
1877 2.5426073118673003
1878 2.5426073118673003
1879 3.508365285099356
1880 3.508365285099356
1881 3.508365285099356
1882 1.0326201470660599
1883 1.0326201470660599
1884 1.0326201470660599
1885 4.443028804771134
1886 4.443028804771134
1887 4.443028804771134
1888 3.9146215854966915
1889 3.9146215854966915
1890 3.9146215854966915
1891 4.590972555100928
1892 4.590972555100928
1893 4.590972555100928
1894 5.057483867228881
1895 5.057483867228881
1896 5.057483867228881
1897 2.445378026826072
1898 2.445378026826072
1899 2.445378026826072
1900 3.5169575055215483
1901 3.5169575055215483
1902 3.5169575055215483
1903 5.843547265988087
1904 5.843547265988087
1905 5.843547265988087
1906 0.9941115696356544
1907 0.9941115696356544
1908 0.9941115696356544
1909 3.6860773198093244
1910 3.6860773198093244
1911 3.6860773198093244
1912 1.4131665225894938
1913 1.4131665225894938
1914 1.4131665225894938
1915 2.5034100724861785
1916 2.5034100724861785
1917 2.5034100724861785
1918 8.016652221801705
1919 8.016652221801705
1920 8.016652221801705
1921 4.0211052860799885
1922 4.0211052860799885
1923 4.0211052860799885
1924 3.3943255698514565
1925 3.3943255698514565
1926 3.3043328339398377
1927 3.3043328339398377
1928 3.3043328339398377
1929 3.042648524153738
1930 3.042648524153738
1931 3.042648524153738
1932 5.237186779512826
1933 5.237186779512826
1934 5.237186779512826
1935 2.9561142448480577
1936 2.9561142448480577
1937 2.9561142448480577
1938 1.0114953860744946
1939 1.0114953860744946
1940 1.0114953860744946
1941 4.08204809202113
1942 4.08204809202113
1943 4.08204809202113
1944 2.993302002090451
1945 2.993302002090451
1946 2.993302002090451
1947 1.371122654750395
1948 1.371122654750395
1949 1.371122654750395
1950 2.465432775510359
1951 2.465432775510359
1952 2.465432775510359
1953 1.2527904182728835
1954 1.2527904182728835
1955 1.2527904182728835
1956 1.0136744655508747
1957 1.0136744655508747
1958 1.0136744655508747
1959 0.9728447537082647
1960 0.9728447537082647
1961 0.9728447537082647
1962 0.4117166310286895
1963 0.797040724545087
1964 0.797040724545087
1965 0.797040724545087
1966 0.8934652324468554
1967 0.8934652324468554
1968 0.8934652324468554
1969 0.577206462375202
1970 0.577206462375202
1971 0.577206462375202
1972 0.42528503925645766
1973 0.42528503925645766
1974 0.42528503925645766
1975 0.5968550381015036
1976 0.5968550381015036
1977 0.5968550381015036
1978 1.0849633507798127
1979 1.0849633507798127
1980 1.0849633507798127
1981 0.6786285980431284
1982 0.6786285980431284
1983 0.6786285980431284
1984 0.5321204799593402
1985 0.5321204799593402
1986 0.5321204799593402
1987 0.25878300396434106
1988 0.25878300396434106
1989 0.25878300396434106
1990 0.4836451491999286
1991 0.4836451491999286
1992 0.4836451491999286
1993 1.0963215667608865
1994 1.0963215667608865
1995 1.0963215667608865
1996 0.6633642297108221
1997 0.6633642297108221
1998 0.6633642297108221
1999 0.9308534000733453
