0 3.237389712755171
1 3.237389712755171
2 1.9961833880165025
3 1.9961833880165025
4 2.2459704250721764
5 2.2459704250721764
6 2.2459704250721764
7 1.9353095202330777
8 1.9353095202330777
9 1.9353095202330777
10 2.113827657472693
11 2.113827657472693
12 2.113827657472693
13 1.898220522645801
14 1.898220522645801
15 1.898220522645801
16 2.252787319259301
17 2.252787319259301
18 2.252787319259301
19 1.608718130447206
20 1.608718130447206
21 1.608718130447206
22 2.06198278246354
23 2.06198278246354
24 2.06198278246354
25 1.7694112202364896
26 1.7694112202364896
27 1.7694112202364896
28 1.6849955560852692
29 1.6849955560852692
30 1.6849955560852692
31 2.0976219277624533
32 2.0976219277624533
33 2.0976219277624533
34 2.1473255173319257
35 2.1473255173319257
36 2.1473255173319257
37 2.028657174766242
38 2.028657174766242
39 2.028657174766242
40 1.9606276267995522
41 1.9606276267995522
42 1.9606276267995522
43 2.202835612052937
44 2.202835612052937
45 2.202835612052937
46 2.415249632854633
47 2.415249632854633
48 2.415249632854633
49 1.6932195773971057
50 1.6932195773971057
51 1.6932195773971057
52 1.673454081793979
53 1.673454081793979
54 1.673454081793979
55 2.2335543821516683
56 2.2335543821516683
57 2.2335543821516683
58 2.2301967908211116
59 2.2301967908211116
60 2.2301967908211116
61 1.5796055996600995
62 1.5796055996600995
63 1.5796055996600995
64 1.939306751638628
65 1.939306751638628
66 1.939306751638628
67 1.717873225359705
68 1.717873225359705
69 1.717873225359705
70 2.512755543519982
71 2.512755543519982
72 2.512755543519982
73 1.954041808654259
74 1.954041808654259
75 1.954041808654259
76 1.9537179108067
77 1.9537179108067
78 1.9537179108067
79 2.0250122175901066
80 2.0250122175901066
81 2.0250122175901066
82 2.348429795620186
83 2.348429795620186
84 2.348429795620186
85 2.3586844205871333
86 2.3586844205871333
87 2.3586844205871333
88 2.1942791905772814
89 2.1942791905772814
90 2.1942791905772814
91 1.9659236462631804
92 1.9659236462631804
93 1.9659236462631804
94 1.9498965770737915
95 1.9498965770737915
96 1.9498965770737915
97 1.504303454853749
98 1.504303454853749
99 1.504303454853749
100 1.8095418583370781
101 1.8095418583370781
102 1.8095418583370781
103 2.141913684257173
104 2.141913684257173
105 2.141913684257173
106 1.9272532093298578
107 1.9272532093298578
108 1.9272532093298578
109 2.4124610205748835
110 2.4124610205748835
111 2.4124610205748835
112 1.903945144898056
113 1.903945144898056
114 1.903945144898056
115 2.4998606080845613
116 2.4998606080845613
117 2.4998606080845613
118 2.044873560139892
119 2.044873560139892
120 2.044873560139892
121 2.270961136896788
122 2.270961136896788
123 2.270961136896788
124 2.081125407693459
125 2.081125407693459
126 2.081125407693459
127 1.7237299424915928
128 1.7237299424915928
129 1.7237299424915928
130 2.545614084183474
131 2.545614084183474
132 2.545614084183474
133 2.1721766450454822
134 2.1721766450454822
135 2.1721766450454822
136 1.5463033769329722
137 1.5463033769329722
138 1.5463033769329722
139 2.1870829182887985
140 2.1870829182887985
141 2.1870829182887985
142 1.3562883717710217
143 1.3562883717710217
144 1.3562883717710217
145 2.064707402104871
146 2.064707402104871
147 2.064707402104871
148 2.339611353570117
149 2.339611353570117
150 2.339611353570117
151 2.2973438094959904
152 2.2973438094959904
153 2.2973438094959904
154 2.2615472793414844
155 2.2615472793414844
156 2.2615472793414844
157 2.2995400030630138
158 2.2995400030630138
159 2.2995400030630138
160 1.732489671919643
161 1.732489671919643
162 1.732489671919643
163 1.4116681391673684
164 1.4116681391673684
165 1.4116681391673684
166 2.3138944262880177
167 2.3138944262880177
168 2.3138944262880177
169 1.6691121433091696
170 1.6691121433091696
171 1.6691121433091696
172 2.0949923448099006
173 2.0949923448099006
174 2.0949923448099006
175 1.23898069603311
176 1.23898069603311
177 1.23898069603311
178 1.9731868389116758
179 1.9731868389116758
180 1.9731868389116758
181 1.7066738363855163
182 1.7066738363855163
183 1.3064720895605149
184 1.3064720895605149
185 1.3064720895605149
186 0.5437060270554519
187 0.5437060270554519
188 0.5437060270554519
189 2.393594982717375
190 2.393594982717375
191 2.393594982717375
192 2.6341440352646797
193 2.6341440352646797
194 2.6341440352646797
195 2.3674594929758443
196 2.3674594929758443
197 2.3674594929758443
198 2.8428348045795264
199 2.8428348045795264
200 2.8428348045795264
201 2.1815537060618566
202 2.1815537060618566
203 2.1815537060618566
204 2.360580942546347
205 2.360580942546347
206 2.360580942546347
207 2.4507494595072368
208 2.4507494595072368
209 2.4507494595072368
210 2.2544042224302427
211 2.2544042224302427
212 2.2544042224302427
213 2.6149748907916823
214 2.6149748907916823
215 2.6149748907916823
216 2.3381492162648088
217 2.3381492162648088
218 2.3381492162648088
219 2.1737761569046707
220 2.1737761569046707
221 2.1737761569046707
222 2.2804298574769133
223 2.2804298574769133
224 2.2804298574769133
225 1.6312125430326978
226 1.6312125430326978
227 1.6312125430326978
228 2.6877880016401985
229 2.6877880016401985
230 2.6877880016401985
231 2.371231308998256
232 2.371231308998256
233 2.371231308998256
234 2.4063356372952907
235 2.4063356372952907
236 1.6695978362505368
237 1.6695978362505368
238 1.6695978362505368
239 1.6410507118480655
240 1.6410507118480655
241 1.6410507118480655
242 1.2538334020609896
243 1.2538334020609896
244 1.2538334020609896
245 1.5028836555593497
246 1.5028836555593497
247 1.5028836555593497
248 1.4505474894583703
249 0.9048531638224195
250 0.9048531638224195
251 0.9048531638224195
252 1.117603087919087
253 1.117603087919087
254 1.117603087919087
255 0.9090614697924551
256 0.9090614697924551
257 0.9090614697924551
258 1.1144531382921314
259 1.1144531382921314
260 1.1144531382921314
261 1.1888847337370239
262 1.1888847337370239
263 1.1888847337370239
264 1.0182814502419753
265 1.0182814502419753
266 1.0182814502419753
267 1.3516720891628622
268 1.3516720891628622
269 1.3516720891628622
270 0.9526202949166571
271 0.9526202949166571
272 0.9526202949166571
273 1.0389714538920671
274 1.0389714538920671
275 1.0389714538920671
276 0.8923237669912915
277 0.8923237669912915
278 0.8923237669912915
279 0.913328556308262
280 0.913328556308262
281 0.913328556308262
282 0.872392874693501
283 0.872392874693501
284 0.872392874693501
285 0.8411443988103149
286 0.8411443988103149
287 0.8411443988103149
288 1.2374514644474999
289 4.425467681622881
290 4.425467681622881
291 4.425467681622881
292 3.7880429367309674
293 3.7880429367309674
294 3.7880429367309674
295 3.494897489154402
296 3.494897489154402
297 3.494897489154402
298 4.288237695973715
299 4.288237695973715
300 4.288237695973715
301 3.1309414659612242
302 3.1309414659612242
303 3.1309414659612242
304 3.618698405526017
305 3.618698405526017
306 3.618698405526017
307 3.847047893171937
308 3.847047893171937
309 3.847047893171937
310 4.804272343325012
311 4.804272343325012
312 4.804272343325012
313 3.545412936818369
314 3.545412936818369
315 3.545412936818369
316 4.55907770470119
317 4.55907770470119
318 4.55907770470119
319 4.3233632404715445
320 4.3233632404715445
321 4.3233632404715445
322 4.408122914977987
323 1.1860392418117471
324 1.1860392418117471
325 1.1860392418117471
326 1.0354579774081167
327 1.0354579774081167
328 4.085228936273693
329 4.085228936273693
330 4.085228936273693
331 3.1630489630626233
332 3.1630489630626233
333 3.1630489630626233
334 3.4739828111255937
335 3.4739828111255937
336 3.4739828111255937
337 2.9995258565808918
338 2.9995258565808918
339 2.9995258565808918
340 3.203286804138036
341 3.203286804138036
342 3.203286804138036
343 3.9624436268636423
344 3.9624436268636423
345 3.9624436268636423
346 3.6421834139719595
347 3.6421834139719595
348 3.6421834139719595
349 3.4825114914310746
350 3.4825114914310746
351 3.4825114914310746
352 3.6847562105315057
353 3.6847562105315057
354 3.6847562105315057
355 3.0729130379545135
356 3.0729130379545135
357 3.0729130379545135
358 3.5850816436896253
359 3.5850816436896253
360 3.5850816436896253
361 3.816197753032558
362 3.816197753032558
363 3.816197753032558
364 3.805208398675968
365 3.805208398675968
366 3.805208398675968
367 2.6603859251151296
368 2.6603859251151296
369 2.6603859251151296
370 3.724739507168451
371 3.724739507168451
372 3.724739507168451
373 3.8018204535081055
374 3.8018204535081055
375 3.8018204535081055
376 2.6239387266319074
377 2.6239387266319074
378 2.6239387266319074
379 3.1869862628573
380 3.1869862628573
381 3.1869862628573
382 3.6767300615415035
383 3.6767300615415035
384 3.6767300615415035
385 3.3978917833054023
386 3.3978917833054023
387 3.3978917833054023
388 3.684123746932018
389 3.684123746932018
390 3.684123746932018
391 3.2031479477387346
392 3.2031479477387346
393 3.2031479477387346
394 3.6112902006758825
395 3.6112902006758825
396 3.6112902006758825
397 3.270394978459267
398 3.270394978459267
399 3.270394978459267
400 3.2010891941430106
401 3.2010891941430106
402 3.2010891941430106
403 3.7358011869865724
404 3.7358011869865724
405 3.7358011869865724
406 3.7734762606488412
407 3.7734762606488412
408 3.7734762606488412
409 3.1217619932925857
410 3.1217619932925857
411 3.1217619932925857
412 3.7104680775078167
413 3.7104680775078167
414 3.7104680775078167
415 3.910591889257681
416 3.910591889257681
417 3.910591889257681
418 3.34982628875556
419 3.34982628875556
420 3.34982628875556
421 3.6546500311372183
422 3.6546500311372183
423 3.6546500311372183
424 3.87901491046669
425 3.87901491046669
426 3.87901491046669
427 4.031975934159241
428 4.031975934159241
429 4.031975934159241
430 3.5758957454602056
431 3.5758957454602056
432 3.5758957454602056
433 3.441737910810415
434 3.441737910810415
435 3.441737910810415
436 2.905201312232004
437 2.905201312232004
438 2.905201312232004
439 3.5648335500572905
440 3.5648335500572905
441 3.5648335500572905
442 3.4762359660400404
443 3.4762359660400404
444 3.4762359660400404
445 3.491459828989677
446 3.491459828989677
447 3.491459828989677
448 2.8733862003960184
449 2.8733862003960184
450 2.8733862003960184
451 2.9837609878051983
452 2.9837609878051983
453 2.9837609878051983
454 2.5224628767490342
455 2.5224628767490342
456 2.5224628767490342
457 3.5909608752888365
458 3.5909608752888365
459 3.5909608752888365
460 3.5285119783540697
461 3.5285119783540697
462 3.5285119783540697
463 3.647742134306128
464 3.647742134306128
465 3.647742134306128
466 3.0524948149623974
467 3.0524948149623974
468 3.0524948149623974
469 3.3020987866924374
470 3.3020987866924374
471 3.3020987866924374
472 2.9116475461507343
473 2.9116475461507343
474 2.9116475461507343
475 3.21423867543333
476 3.21423867543333
477 3.21423867543333
478 3.1608713074938306
479 3.1608713074938306
480 3.1608713074938306
481 3.269765780850017
482 3.269765780850017
483 3.269765780850017
484 3.2809665971017226
485 3.2809665971017226
486 3.2809665971017226
487 3.8335516500933715
488 3.8335516500933715
489 3.8335516500933715
490 3.5632596956100455
491 3.5632596956100455
492 3.5632596956100455
493 3.136861193127892
494 3.136861193127892
495 3.136861193127892
496 2.9264671735161305
497 2.9264671735161305
498 2.9264671735161305
499 2.805128995690982
500 2.805128995690982
501 2.805128995690982
502 3.1322872453721704
503 3.1322872453721704
504 3.1322872453721704
505 3.5293492176246297
506 3.5293492176246297
507 3.5293492176246297
508 3.6700953799304696
509 3.6700953799304696
510 3.6700953799304696
511 3.9701542042315427
512 3.9701542042315427
513 3.9701542042315427
514 3.750153305826423
515 3.750153305826423
516 3.750153305826423
517 2.873341117257268
518 2.873341117257268
519 2.873341117257268
520 3.8030674400859414
521 3.8030674400859414
522 3.8030674400859414
523 3.5149961309467206
524 3.5149961309467206
525 3.5149961309467206
526 3.3983715534388885
527 3.3983715534388885
528 3.3983715534388885
529 3.7184633072701136
530 3.7184633072701136
531 3.7184633072701136
532 2.9709038463298274
533 2.9709038463298274
534 2.9709038463298274
535 1.1942385031687117
536 1.1942385031687117
537 1.1942385031687117
538 1.364351020574846
539 1.364351020574846
540 1.364351020574846
541 1.0415560278068325
542 3.485015666515093
543 3.485015666515093
544 3.485015666515093
545 3.3959119754560474
546 3.3959119754560474
547 3.3959119754560474
548 2.9675499790837363
549 2.9675499790837363
550 2.9675499790837363
551 3.3907328868876814
552 3.3907328868876814
553 3.3907328868876814
554 2.7732907919422507
555 2.7732907919422507
556 2.7732907919422507
557 2.5856328034075724
558 2.5856328034075724
559 2.5856328034075724
560 2.9076984999868256
561 2.9076984999868256
562 2.9076984999868256
563 2.341109453878704
564 2.341109453878704
565 2.341109453878704
566 3.624760145282966
567 3.624760145282966
568 3.624760145282966
569 2.8533098568163657
570 2.8533098568163657
571 2.8533098568163657
572 3.3664185250431173
573 3.3664185250431173
574 3.3664185250431173
575 3.5151429053438576
576 3.5151429053438576
577 3.5151429053438576
578 2.7495197452617175
579 2.7495197452617175
580 2.7495197452617175
581 2.4816679628313256
582 2.4816679628313256
583 2.4816679628313256
584 3.2635230645935205
585 3.2635230645935205
586 3.2635230645935205
587 3.0865749056117346
588 3.0865749056117346
589 3.0865749056117346
590 2.8080243776330485
591 2.8080243776330485
592 2.8080243776330485
593 3.2180753481573587
594 3.2180753481573587
595 3.2180753481573587
596 2.953178082932906
597 2.953178082932906
598 2.953178082932906
599 3.5324804093719058
600 3.5324804093719058
601 3.5324804093719058
602 2.546284099772609
603 2.546284099772609
604 2.546284099772609
605 3.57215517054743
606 3.57215517054743
607 3.57215517054743
608 3.3177050105010975
609 3.3177050105010975
610 3.3177050105010975
611 3.348952906411123
612 3.348952906411123
613 3.348952906411123
614 3.4948165563046563
615 3.4948165563046563
616 3.4948165563046563
617 3.6962468460016664
618 3.6962468460016664
619 3.6962468460016664
620 3.111999711478838
621 3.111999711478838
622 3.111999711478838
623 2.7816312900383022
624 2.7816312900383022
625 2.7816312900383022
626 2.5025706619248367
627 0.6427176746298486
628 0.6427176746298486
629 0.6427176746298486
630 0.5236827587307313
631 0.5236827587307313
632 0.5236827587307313
633 0.8142627697314071
634 0.8142627697314071
635 0.8142627697314071
636 0.6234482523151805
637 0.6234482523151805
638 0.6234482523151805
639 0.5855820256395108
640 0.5855820256395108
641 0.5855820256395108
642 0.5980355899120099
643 0.5980355899120099
644 0.5980355899120099
645 0.6603152583803324
646 0.6603152583803324
647 0.6603152583803324
648 0.5109747543960238
649 0.5109747543960238
650 0.5109747543960238
651 0.5717026391719515
652 0.5717026391719515
653 0.5717026391719515
654 0.6888021283173279
655 0.6888021283173279
656 0.6888021283173279
657 0.6957724935332035
658 0.6957724935332035
659 0.6957724935332035
660 0.7320946892267607
661 0.7320946892267607
662 0.7320946892267607
663 0.6256412738960432
664 0.6256412738960432
665 0.6256412738960432
666 0.5743034911039728
667 0.5743034911039728
668 0.5743034911039728
669 0.7342550151172641
670 0.7342550151172641
671 0.7342550151172641
672 0.7293829154150347
673 0.7293829154150347
674 0.7293829154150347
675 0.6972282494217754
676 0.6972282494217754
677 0.6972282494217754
678 0.5979104785176308
679 0.5979104785176308
680 0.5979104785176308
681 0.7101578775233046
682 0.7101578775233046
683 0.7101578775233046
684 0.6926813849176523
685 0.6926813849176523
686 0.6926813849176523
687 0.6102990724914481
688 0.6102990724914481
689 0.6102990724914481
690 0.6197455816996774
691 0.6197455816996774
692 0.6197455816996774
693 0.7181238621710372
694 0.7181238621710372
695 0.7181238621710372
696 0.5363446065512258
697 0.5363446065512258
698 0.5363446065512258
699 0.5792913665530844
700 0.5792913665530844
701 0.5792913665530844
702 0.8116300416359777
703 0.8116300416359777
704 0.8116300416359777
705 0.6593462986924388
706 0.6593462986924388
707 0.6593462986924388
708 0.6119046836127793
709 0.6119046836127793
710 0.6119046836127793
711 0.746022991097117
712 0.746022991097117
713 0.746022991097117
714 0.7365302293700229
715 0.7365302293700229
716 0.7365302293700229
717 0.8192930822260048
718 0.8192930822260048
719 0.8192930822260048
720 0.5472836489021602
721 0.5472836489021602
722 0.5472836489021602
723 0.6023825453523997
724 0.6023825453523997
725 0.6023825453523997
726 0.6053548057491217
727 0.6053548057491217
728 0.6053548057491217
729 0.6769726778708455
730 0.6769726778708455
731 0.6769726778708455
732 0.6045524964306866
733 0.6045524964306866
734 0.6045524964306866
735 0.5122206552096769
736 0.5122206552096769
737 0.5122206552096769
738 0.6679598352010584
739 0.6679598352010584
740 0.6679598352010584
741 0.7060368259783438
742 0.7060368259783438
743 0.7060368259783438
744 0.6699816536387828
745 0.6699816536387828
746 0.6699816536387828
747 0.7441703294924076
748 0.7441703294924076
749 0.7441703294924076
750 0.4915861673412922
751 0.4915861673412922
752 0.4915861673412922
753 0.5858262345193965
754 0.5858262345193965
755 0.5858262345193965
756 0.7458054823638642
757 0.7458054823638642
758 0.7458054823638642
759 0.6235526609222786
760 0.6235526609222786
761 0.6235526609222786
762 0.6396811008940579
763 0.6396811008940579
764 0.6396811008940579
765 0.7349833195492904
766 0.7349833195492904
767 0.7349833195492904
768 0.4785107873270664
769 0.4785107873270664
770 0.4785107873270664
771 0.699685426107132
772 0.699685426107132
773 0.699685426107132
774 0.6286257500330624
775 0.6286257500330624
776 0.6286257500330624
777 0.6326961500544521
778 0.6326961500544521
779 0.6326961500544521
780 0.6610819827921738
781 2.0064394827751073
782 2.0064394827751073
783 2.0064394827751073
784 2.1959033832510246
785 2.1959033832510246
786 2.1959033832510246
787 1.7863533831641267
788 1.7863533831641267
789 1.7863533831641267
790 2.0136019586792466
791 2.0136019586792466
792 2.0136019586792466
793 1.8751902480158535
794 1.8751902480158535
795 1.8751902480158535
796 2.1493550471978953
797 2.1493550471978953
798 2.1493550471978953
799 1.8653631530096435
800 1.8653631530096435
801 1.8653631530096435
802 1.9808374155189812
803 1.9808374155189812
804 1.9808374155189812
805 2.038184088303834
806 2.038184088303834
807 2.038184088303834
808 1.9565819123240316
809 1.9565819123240316
810 1.9565819123240316
811 2.050389193352834
812 2.050389193352834
813 2.050389193352834
814 2.16538037575935
815 2.16538037575935
816 2.16538037575935
817 2.2841637339840632
818 2.2841637339840632
819 2.2841637339840632
820 2.052865345734194
821 2.052865345734194
822 2.052865345734194
823 1.1223823724213708
824 1.1223823724213708
825 1.1223823724213708
826 1.2846961598504014
827 1.2846961598504014
828 1.2846961598504014
829 1.3169807883153257
830 1.3169807883153257
831 1.3169807883153257
832 1.2496231753220601
833 1.2496231753220601
834 1.2496231753220601
835 1.1522163023296783
836 1.1522163023296783
837 1.1522163023296783
838 1.2061678609420448
839 1.2061678609420448
840 1.2061678609420448
841 1.0691198822864767
842 1.0691198822864767
843 1.0691198822864767
844 0.9853705195246321
845 0.9853705195246321
846 0.9853705195246321
847 1.625557774196246
848 1.625557774196246
849 1.625557774196246
850 1.0624043722672825
851 1.0624043722672825
852 1.0624043722672825
853 0.9625341392904743
854 0.9625341392904743
855 0.9625341392904743
856 1.172487583180178
857 1.172487583180178
858 1.172487583180178
859 1.0737881318796636
860 1.0737881318796636
861 1.0737881318796636
862 1.0214801626059924
863 1.0214801626059924
864 1.0214801626059924
865 1.3063443663558845
866 1.3063443663558845
867 1.3063443663558845
868 0.9865999810306799
869 0.9865999810306799
870 0.9865999810306799
871 1.1541789951984727
872 1.1541789951984727
873 1.1541789951984727
874 1.121878108247387
875 1.121878108247387
876 1.121878108247387
877 1.2923723693051947
878 1.2923723693051947
879 1.2923723693051947
880 1.1601925873072643
881 1.1601925873072643
882 1.1601925873072643
883 1.2409231261167077
884 1.2409231261167077
885 1.2409231261167077
886 1.061300402091206
887 1.061300402091206
888 1.061300402091206
889 1.114032889840857
890 1.114032889840857
891 1.114032889840857
892 0.9059198735184129
893 0.9059198735184129
894 0.9059198735184129
895 1.1750801677146407
896 1.1750801677146407
897 1.1750801677146407
898 1.116811526208859
899 1.116811526208859
900 1.116811526208859
901 1.125558362812506
902 1.125558362812506
903 1.125558362812506
904 0.8602192937764388
905 0.8602192937764388
906 0.8602192937764388
907 0.9120666444252324
908 0.9120666444252324
909 0.9120666444252324
910 1.1861354040139964
911 1.1861354040139964
912 1.1861354040139964
913 1.0171356095942965
914 1.0171356095942965
915 1.0171356095942965
916 1.178383065407263
917 1.178383065407263
918 1.178383065407263
919 1.0911126264415911
920 1.0911126264415911
921 1.0911126264415911
922 0.6478972166921935
923 0.6478972166921935
924 0.6478972166921935
925 1.0464453705815286
926 1.0464453705815286
927 1.0464453705815286
928 1.1141607223701373
929 1.1141607223701373
930 1.1141607223701373
931 1.0094641117312366
932 1.0094641117312366
933 1.0094641117312366
934 0.9415510544310399
935 0.9415510544310399
936 0.9415510544310399
937 1.3665765100186595
938 1.3665765100186595
939 1.3665765100186595
940 0.9545259454336209
941 0.9545259454336209
942 0.9545259454336209
943 1.6790780594445838
944 1.6790780594445838
945 1.6790780594445838
946 1.6948571136962254
947 1.6948571136962254
948 1.6948571136962254
949 1.7132425606474537
950 1.7132425606474537
951 1.7132425606474537
952 1.6206537801491505
953 1.6206537801491505
954 1.6206537801491505
955 1.5633310963452016
956 1.5633310963452016
957 1.5633310963452016
958 1.5897432256295991
959 1.5897432256295991
960 1.5897432256295991
961 1.1698622202801876
962 1.1698622202801876
963 1.1698622202801876
964 1.1905548736378815
965 1.1905548736378815
966 1.1905548736378815
967 1.4188545650680868
968 1.4188545650680868
969 1.4188545650680868
970 1.7826882871565888
971 1.7826882871565888
972 1.7826882871565888
973 1.3916088712553418
974 1.3916088712553418
975 1.3916088712553418
976 1.176384557363157
977 1.176384557363157
978 1.176384557363157
979 1.80287786774914
980 1.80287786774914
981 1.80287786774914
982 1.5833432587444856
983 1.5833432587444856
984 1.5833432587444856
985 1.8303087368140034
986 1.8303087368140034
987 1.8303087368140034
988 1.943933294971473
989 2.120891404686005
990 2.120891404686005
991 2.120891404686005
992 2.1746784310488216
993 2.1746784310488216
994 2.1746784310488216
995 2.165173858775629
996 2.165173858775629
997 2.165173858775629
998 2.435241182116255
999 2.435241182116255
1000 2.435241182116255
1001 1.9390781266933708
1002 1.9390781266933708
1003 1.9390781266933708
1004 1.650207953620834
1005 1.650207953620834
1006 1.650207953620834
1007 1.899999642126896
1008 1.899999642126896
1009 1.899999642126896
1010 1.8249178659380336
1011 1.8249178659380336
1012 1.8249178659380336
1013 2.079819924244257
1014 2.079819924244257
1015 2.079819924244257
1016 2.1133818413209573
1017 2.1133818413209573
1018 2.1133818413209573
1019 2.128264558588362
1020 2.128264558588362
1021 2.128264558588362
1022 2.1827633516773486
1023 1.6111774442756377
1024 1.6111774442756377
1025 1.6111774442756377
1026 1.7321133747985262
1027 1.7321133747985262
1028 1.7321133747985262
1029 1.8440558697589542
1030 1.8440558697589542
1031 1.8440558697589542
1032 1.4461980051507688
1033 1.4461980051507688
1034 1.4461980051507688
1035 1.5830251179480197
1036 1.5830251179480197
1037 1.5830251179480197
1038 1.64351414847421
1039 1.64351414847421
1040 1.64351414847421
1041 1.2122086582654341
1042 1.2122086582654341
1043 1.2122086582654341
1044 1.7396025915807565
1045 1.7396025915807565
1046 1.7396025915807565
1047 1.5560449293175889
1048 1.5560449293175889
1049 1.5560449293175889
1050 1.3195534178979889
1051 1.3195534178979889
1052 1.3195534178979889
1053 1.5056867432962153
1054 1.5056867432962153
1055 1.5056867432962153
1056 1.5967806149039927
1057 1.5967806149039927
1058 1.5967806149039927
1059 1.3462085146064378
1060 1.3462085146064378
1061 1.3462085146064378
1062 1.3411495385341314
1063 1.3411495385341314
1064 1.3411495385341314
1065 1.8609115093816264
1066 1.8609115093816264
1067 1.8609115093816264
1068 1.4423575892808387
1069 1.4423575892808387
1070 1.4423575892808387
1071 1.547985050031301
1072 1.547985050031301
1073 1.547985050031301
1074 1.4070286824610678
1075 1.4070286824610678
1076 1.4070286824610678
1077 1.5868535131166446
1078 1.5868535131166446
1079 1.5868535131166446
1080 1.6090239750610695
1081 1.6090239750610695
1082 1.6090239750610695
1083 1.7970732544462271
1084 1.7970732544462271
1085 1.7970732544462271
1086 1.6886791983060667
1087 1.6886791983060667
1088 1.6886791983060667
1089 1.4676510340324063
1090 1.4676510340324063
1091 1.4676510340324063
1092 1.5783003981484813
1093 1.5783003981484813
1094 1.5783003981484813
1095 1.402853522230612
1096 1.402853522230612
1097 1.402853522230612
1098 1.7909903160057254
1099 1.7909903160057254
1100 1.7909903160057254
1101 1.7437642241094669
1102 1.7437642241094669
1103 1.7437642241094669
1104 1.9038147151616864
1105 1.9038147151616864
1106 1.9038147151616864
1107 1.5544842386454283
1108 1.5544842386454283
1109 1.5544842386454283
1110 2.014317379546139
1111 2.014317379546139
1112 2.014317379546139
1113 1.3774217281672132
1114 1.3774217281672132
1115 1.3774217281672132
1116 1.5134157417556562
1117 1.5134157417556562
1118 1.5134157417556562
1119 1.5212831408499878
1120 1.5212831408499878
1121 1.5212831408499878
1122 1.8865478997436504
1123 1.8865478997436504
1124 1.8865478997436504
1125 1.5510606972493266
1126 1.5510606972493266
1127 1.5510606972493266
1128 1.5955515666034918
1129 1.5955515666034918
1130 1.5955515666034918
1131 1.7433266692894973
1132 1.7433266692894973
1133 1.7433266692894973
1134 1.3255168293117416
1135 1.3255168293117416
1136 1.3255168293117416
1137 1.8897566691285113
1138 1.8897566691285113
1139 1.8897566691285113
1140 1.7459654570133356
1141 1.7459654570133356
1142 1.7459654570133356
1143 1.4961145884499645
1144 1.4961145884499645
1145 1.4961145884499645
1146 1.6135878596890556
1147 1.6135878596890556
1148 1.6135878596890556
1149 1.4940208546800309
1150 1.4940208546800309
1151 1.4940208546800309
1152 1.1945410867158102
1153 1.1945410867158102
1154 1.1945410867158102
1155 1.3087896315204848
1156 1.3087896315204848
1157 1.3087896315204848
1158 1.542470050739483
1159 1.542470050739483
1160 1.542470050739483
1161 1.6862597823496763
1162 1.6862597823496763
1163 1.6862597823496763
1164 1.5103539571486613
1165 1.5103539571486613
1166 1.5103539571486613
1167 1.6465560250665783
1168 1.6465560250665783
1169 1.6465560250665783
1170 1.3606636296084083
1171 1.3606636296084083
1172 1.3606636296084083
1173 1.794015624959165
1174 1.794015624959165
1175 1.794015624959165
1176 1.8531294028013334
1177 1.8531294028013334
1178 1.8531294028013334
1179 1.4197541639303441
1180 1.4197541639303441
1181 1.4197541639303441
1182 1.8406862198603593
1183 1.8406862198603593
1184 1.8406862198603593
1185 1.4793130948840834
1186 1.4793130948840834
1187 1.4793130948840834
1188 1.342058844653919
1189 1.342058844653919
1190 1.342058844653919
1191 1.2834487450948795
1192 1.2834487450948795
1193 1.2834487450948795
1194 1.4837302771761531
1195 1.4837302771761531
1196 0.2551687161608474
1197 0.2551687161608474
1198 0.2551687161608474
1199 0.23099237602072542
1200 0.23099237602072542
1201 0.23099237602072542
1202 0.145176914275679
1203 0.145176914275679
1204 0.145176914275679
1205 0.20198778859046193
1206 0.20198778859046193
1207 0.20198778859046193
1208 0.21023200067814915
1209 0.21023200067814915
1210 0.21023200067814915
1211 0.22190633030084406
1212 0.22190633030084406
1213 0.22190633030084406
1214 0.23406630374891135
1215 0.23406630374891135
1216 0.23406630374891135
1217 0.18873100815800295
1218 0.18873100815800295
1219 0.18873100815800295
1220 0.1752409348035692
1221 0.1752409348035692
1222 0.1752409348035692
1223 0.1906862485078657
1224 0.1906862485078657
1225 0.1906862485078657
1226 0.18928546152374354
1227 0.18928546152374354
1228 0.18928546152374354
1229 0.16535257084454313
1230 0.16535257084454313
1231 0.16535257084454313
1232 0.19271477725093739
1233 0.19271477725093739
1234 0.19271477725093739
1235 0.2275822313976687
1236 0.2275822313976687
1237 0.2275822313976687
1238 0.17145977978768426
1239 0.17145977978768426
1240 0.17145977978768426
1241 0.19664568709965752
1242 0.19664568709965752
1243 0.19664568709965752
1244 0.23780210678746805
1245 0.23780210678746805
1246 0.23780210678746805
1247 0.18327341359628252
1248 0.18327341359628252
1249 0.18327341359628252
1250 0.19041188473249138
1251 0.19041188473249138
1252 0.19041188473249138
1253 0.18480451610861706
1254 0.18480451610861706
1255 0.18480451610861706
1256 0.20973904603486648
1257 0.20973904603486648
1258 0.20973904603486648
1259 0.19103514230475271
1260 0.19103514230475271
1261 0.19103514230475271
1262 0.2325497073702078
1263 0.2325497073702078
1264 0.2325497073702078
1265 0.19200485114201568
1266 0.19200485114201568
1267 0.19200485114201568
1268 0.20818951029007832
1269 0.20818951029007832
1270 0.20818951029007832
1271 0.16589019554585216
1272 0.16589019554585216
1273 0.16589019554585216
1274 0.2214231591174249
1275 0.2214231591174249
1276 0.2214231591174249
1277 0.20559312741576188
1278 0.20559312741576188
1279 0.20559312741576188
1280 0.2132242196560127
1281 0.2132242196560127
1282 0.2132242196560127
1283 0.2062493621791627
1284 0.2062493621791627
1285 0.2062493621791627
1286 0.1885085244524183
1287 0.1885085244524183
1288 0.1885085244524183
1289 0.21783573976017478
1290 0.21783573976017478
1291 0.21783573976017478
1292 0.1694044601093105
1293 0.1694044601093105
1294 0.1694044601093105
1295 0.19196278462239036
1296 0.19196278462239036
1297 0.19196278462239036
1298 0.19725271698983382
1299 0.19725271698983382
1300 0.19725271698983382
1301 0.16989374965128198
1302 0.16989374965128198
1303 0.16989374965128198
1304 0.18200638245496
1305 0.18200638245496
1306 0.18200638245496
1307 0.18274694176024495
1308 0.18274694176024495
1309 0.18274694176024495
1310 0.17741364778122454
1311 0.17741364778122454
1312 0.17741364778122454
1313 0.19522312538269335
1314 0.19522312538269335
1315 0.19522312538269335
1316 0.21400655373021554
1317 0.21400655373021554
1318 0.21400655373021554
1319 0.2510861131060847
1320 0.2510861131060847
1321 0.2510861131060847
1322 0.21614169684204956
1323 0.21614169684204956
1324 0.21614169684204956
1325 0.19412290641429364
1326 0.19412290641429364
1327 0.19412290641429364
1328 0.20726999105981891
1329 0.20726999105981891
1330 0.20726999105981891
1331 0.21219361353538643
1332 0.21219361353538643
1333 0.21219361353538643
1334 0.2731579446865677
1335 0.2731579446865677
1336 0.2731579446865677
1337 0.19633893793797913
1338 0.19633893793797913
1339 0.19633893793797913
1340 0.19121834561882792
1341 0.19121834561882792
1342 0.19121834561882792
1343 0.17877082238474373
1344 0.17877082238474373
1345 0.17877082238474373
1346 0.24946536699055913
1347 0.24946536699055913
1348 0.24946536699055913
1349 0.15559990787243821
1350 0.15559990787243821
1351 0.15559990787243821
1352 0.20159208325078085
1353 0.20159208325078085
1354 0.20159208325078085
1355 0.20130990632464016
1356 0.20130990632464016
1357 0.20130990632464016
1358 0.1790583363672167
1359 0.1790583363672167
1360 0.1790583363672167
1361 0.1915070328241215
1362 0.1915070328241215
1363 0.1915070328241215
1364 0.21026445998550897
1365 3.3562333351437155
1366 3.3562333351437155
1367 3.3562333351437155
1368 3.398000894365546
1369 3.398000894365546
1370 3.398000894365546
1371 2.877986887301075
1372 2.877986887301075
1373 2.877986887301075
1374 3.141320254643465
1375 3.141320254643465
1376 3.141320254643465
1377 3.214824587211857
1378 3.214824587211857
1379 3.214824587211857
1380 2.791656014165766
1381 2.791656014165766
1382 2.791656014165766
1383 4.005640919542865
1384 4.005640919542865
1385 4.005640919542865
1386 3.0873292247993263
1387 3.0873292247993263
1388 3.0873292247993263
1389 3.4729900031004086
1390 3.4729900031004086
1391 3.4729900031004086
1392 3.8002166708920937
1393 3.8002166708920937
1394 3.8002166708920937
1395 4.221403573762695
1396 4.221403573762695
1397 4.221403573762695
1398 4.343553491651978
1399 4.343553491651978
1400 4.343553491651978
1401 3.224033764139908
1402 3.224033764139908
1403 3.224033764139908
1404 3.6266288893472383
1405 3.6266288893472383
1406 3.6266288893472383
1407 3.2730633480577116
1408 3.2730633480577116
1409 3.2730633480577116
1410 3.1000397545853495
1411 3.1000397545853495
1412 3.1000397545853495
1413 2.5864374583911927
1414 2.5864374583911927
1415 2.5864374583911927
1416 3.5877962952081113
1417 3.5877962952081113
1418 3.5877962952081113
1419 3.26546310005541
1420 3.26546310005541
1421 3.26546310005541
1422 2.5524295658416034
1423 2.5524295658416034
1424 2.5524295658416034
1425 3.210053571764323
1426 3.210053571764323
1427 3.210053571764323
1428 4.155164641389852
1429 4.155164641389852
1430 4.155164641389852
1431 3.320250215725006
1432 3.320250215725006
1433 3.320250215725006
1434 3.234287788786948
1435 3.234287788786948
1436 3.234287788786948
1437 2.101443066978739
1438 2.101443066978739
1439 2.101443066978739
1440 3.028029464435855
1441 3.028029464435855
1442 3.028029464435855
1443 3.397877840254502
1444 3.397877840254502
1445 3.397877840254502
1446 4.149543973947674
1447 4.149543973947674
1448 4.149543973947674
1449 3.3093457032611937
1450 3.3093457032611937
1451 3.3093457032611937
1452 3.755600492560096
1453 3.755600492560096
1454 3.755600492560096
1455 3.057946033906959
1456 3.057946033906959
1457 3.057946033906959
1458 3.5864403274651533
1459 3.5864403274651533
1460 3.5864403274651533
1461 3.106744044413905
1462 3.106744044413905
1463 3.106744044413905
1464 3.336554243174206
1465 3.336554243174206
1466 3.336554243174206
1467 4.198078537785088
1468 4.198078537785088
1469 4.198078537785088
1470 2.606199045638899
1471 2.606199045638899
1472 2.606199045638899
1473 3.596317626913547
1474 3.596317626913547
1475 3.596317626913547
1476 3.5827988683530436
1477 3.5827988683530436
1478 3.5827988683530436
1479 3.5929812910929217
1480 3.5929812910929217
1481 3.5929812910929217
1482 2.986653415309119
1483 2.986653415309119
1484 2.986653415309119
1485 3.5889581200403984
1486 3.5889581200403984
1487 3.5889581200403984
1488 3.7985076644851388
1489 3.7985076644851388
1490 3.7985076644851388
1491 4.005591765095177
1492 4.005591765095177
1493 4.005591765095177
1494 3.9087926804274185
1495 3.9087926804274185
1496 3.9087926804274185
1497 2.7860829235749156
1498 2.7860829235749156
1499 2.7860829235749156
1500 3.8912690425515613
1501 3.8912690425515613
1502 3.8912690425515613
1503 2.727263517575735
1504 2.727263517575735
1505 2.727263517575735
1506 2.387452777376627
1507 2.387452777376627
1508 2.387452777376627
1509 3.3571372153515564
1510 3.3571372153515564
1511 3.3571372153515564
1512 3.2235282665233522
1513 3.2235282665233522
1514 3.2235282665233522
1515 3.237599214890174
1516 3.237599214890174
1517 3.237599214890174
1518 3.1148908723118893
1519 3.1148908723118893
1520 3.1148908723118893
1521 3.588151428756786
1522 3.588151428756786
1523 3.588151428756786
1524 3.95178723075872
1525 3.95178723075872
1526 3.95178723075872
1527 3.043640305660002
1528 3.043640305660002
1529 3.043640305660002
1530 3.373357877539955
1531 3.373357877539955
1532 3.373357877539955
1533 3.6792379153596646
1534 3.6792379153596646
1535 3.6792379153596646
1536 2.7027739598108242
1537 2.7027739598108242
1538 2.7027739598108242
1539 3.113556057968255
1540 3.113556057968255
1541 3.113556057968255
1542 2.9457259294526046
1543 2.9457259294526046
1544 2.9457259294526046
1545 3.2895969846922277
1546 3.2895969846922277
1547 3.2895969846922277
1548 3.055055267540373
1549 3.055055267540373
1550 3.055055267540373
1551 3.8619368099873443
1552 3.8619368099873443
1553 3.8619368099873443
1554 3.1711834779392465
1555 3.1711834779392465
1556 3.1711834779392465
1557 3.262009614082558
1558 3.262009614082558
1559 3.262009614082558
1560 3.113149797234855
1561 3.113149797234855
1562 3.113149797234855
1563 3.001403501112025
1564 3.001403501112025
1565 3.001403501112025
1566 3.5159425172434857
1567 3.5159425172434857
1568 3.5159425172434857
1569 4.096988272171003
1570 4.096988272171003
1571 4.096988272171003
1572 2.707527315036962
1573 2.707527315036962
1574 2.707527315036962
1575 2.7238434476515954
1576 2.7238434476515954
1577 2.7238434476515954
1578 3.0520179025233913
1579 3.0520179025233913
1580 3.0520179025233913
1581 3.287605538311338
1582 3.287605538311338
1583 3.287605538311338
1584 2.6251986688946354
1585 2.6251986688946354
1586 2.6251986688946354
1587 3.7289749706158
1588 3.7289749706158
1589 3.7289749706158
1590 2.915826815962129
1591 2.915826815962129
1592 2.915826815962129
1593 3.421928627622187
1594 3.421928627622187
1595 3.421928627622187
1596 3.2247216177492146
1597 3.2247216177492146
1598 3.2247216177492146
1599 3.3541367421655974
1600 3.3541367421655974
1601 3.3541367421655974
1602 3.4107406425279283
1603 3.4107406425279283
1604 3.4107406425279283
1605 3.217769868582217
1606 3.217769868582217
1607 3.217769868582217
1608 2.610784410161842
1609 2.610784410161842
1610 2.610784410161842
1611 2.712626323897748
1612 2.712626323897748
1613 2.712626323897748
1614 3.3976629338543454
1615 3.3976629338543454
1616 0.6333096821910222
1617 0.6333096821910222
1618 0.6333096821910222
1619 0.554149166051313
1620 0.554149166051313
1621 0.554149166051313
1622 0.7893840179093707
1623 0.7893840179093707
1624 0.7893840179093707
1625 0.6367376271198545
1626 0.6367376271198545
1627 0.6367376271198545
1628 0.7405438549857962
1629 0.7405438549857962
1630 0.7405438549857962
1631 0.676029889468336
1632 0.676029889468336
1633 0.676029889468336
1634 0.4759831928230228
1635 0.4759831928230228
1636 0.4759831928230228
1637 0.6632017748919855
1638 0.6632017748919855
1639 0.6632017748919855
1640 0.6483953532395983
1641 0.6483953532395983
1642 0.6483953532395983
1643 0.6821454081113493
1644 0.6821454081113493
1645 0.6821454081113493
1646 0.7550364649707201
1647 0.7550364649707201
1648 0.7550364649707201
1649 1.2121296818258853
1650 1.2121296818258853
1651 1.2121296818258853
1652 0.9677619269671007
1653 0.9677619269671007
1654 0.9677619269671007
1655 1.076904217273983
1656 1.076904217273983
1657 1.076904217273983
1658 1.0929831303487958
1659 1.0929831303487958
1660 1.0929831303487958
1661 1.0928521196621388
1662 1.0928521196621388
1663 1.0928521196621388
1664 1.2569088092535772
1665 1.2569088092535772
1666 1.2569088092535772
1667 1.1414352979363722
1668 1.1414352979363722
1669 1.1414352979363722
1670 1.1383406549441388
1671 1.1383406549441388
1672 1.1383406549441388
1673 1.2086768213204686
1674 1.2086768213204686
1675 1.2086768213204686
1676 0.9989190278582363
1677 0.9989190278582363
1678 0.9989190278582363
1679 0.9357968872293176
1680 0.9357968872293176
1681 0.9357968872293176
1682 0.9964384135201976
1683 0.9964384135201976
1684 0.9964384135201976
1685 1.0515084534259844
1686 1.0515084534259844
1687 1.0515084534259844
1688 1.1699974103470576
1689 1.1699974103470576
1690 1.1699974103470576
1691 0.9195780402139622
1692 0.9195780402139622
1693 0.9195780402139622
1694 1.3337005652319611
1695 1.3337005652319611
1696 1.3337005652319611
1697 1.194771781163527
1698 1.194771781163527
1699 1.194771781163527
1700 0.9754807028791759
1701 0.9754807028791759
1702 0.9754807028791759
1703 0.7807307434148159
1704 0.7807307434148159
1705 0.7807307434148159
1706 1.3426144467041494
1707 1.3426144467041494
1708 1.3426144467041494
1709 1.1947934722145668
1710 1.1947934722145668
1711 1.1947934722145668
1712 1.1352555766710148
1713 1.1352555766710148
1714 1.1352555766710148
1715 1.1656606036724708
1716 1.1656606036724708
1717 1.1656606036724708
1718 0.8213707239643646
1719 0.8213707239643646
1720 0.8213707239643646
1721 1.2058344582632712
1722 1.2058344582632712
1723 1.2058344582632712
1724 1.3387277257533534
1725 1.3387277257533534
1726 1.3387277257533534
1727 1.0910324753278011
1728 1.0910324753278011
1729 1.0910324753278011
1730 1.1039210568845266
1731 1.1039210568845266
1732 1.1039210568845266
1733 1.136339251968223
1734 1.136339251968223
1735 1.136339251968223
1736 1.4647207451222604
1737 1.4647207451222604
1738 1.4647207451222604
1739 0.9765056425800265
1740 0.9765056425800265
1741 0.9765056425800265
1742 1.0257461365532272
1743 4.0433597620640995
1744 4.0433597620640995
1745 4.0433597620640995
1746 4.563199026781538
1747 4.563199026781538
1748 4.563199026781538
1749 4.561508696795669
1750 4.561508696795669
1751 4.561508696795669
1752 3.1961183511277316
1753 3.1961183511277316
1754 3.1961183511277316
1755 4.2725974429101035
1756 4.2725974429101035
1757 4.2725974429101035
1758 4.470447314795413
1759 4.470447314795413
1760 4.470447314795413
1761 3.1531866306420167
1762 3.1531866306420167
1763 3.1531866306420167
1764 3.884119298939316
1765 3.884119298939316
1766 3.884119298939316
1767 3.118435432258886
1768 3.118435432258886
1769 3.118435432258886
1770 3.6451888262282264
1771 3.6451888262282264
1772 3.6451888262282264
1773 3.974178613182459
1774 3.974178613182459
1775 3.974178613182459
1776 4.222502855714982
1777 4.222502855714982
1778 1.7267911680061174
1779 1.7267911680061174
1780 1.7267911680061174
1781 1.6504124873035326
1782 1.6504124873035326
1783 1.6504124873035326
1784 1.531994713520712
1785 1.531994713520712
1786 1.531994713520712
1787 1.4595324021493254
1788 1.4595324021493254
1789 1.4595324021493254
1790 1.0325233413216104
1791 1.0325233413216104
1792 1.0325233413216104
1793 1.6009576528709237
1794 1.6009576528709237
1795 1.6009576528709237
1796 1.805646905621748
1797 1.805646905621748
1798 1.805646905621748
1799 1.5505753777423978
1800 1.5505753777423978
1801 1.5505753777423978
1802 1.579464520070303
1803 1.579464520070303
1804 1.579464520070303
1805 1.6975858090273752
1806 1.6975858090273752
1807 1.6975858090273752
1808 1.7316445753704786
1809 1.7316445753704786
1810 1.7316445753704786
1811 1.3393648972189112
1812 1.3393648972189112
1813 1.3393648972189112
1814 1.475647209080022
1815 1.475647209080022
1816 1.475647209080022
1817 1.2395872018986656
1818 1.2395872018986656
1819 1.2395872018986656
1820 1.1382556214399402
1821 1.1382556214399402
1822 1.1382556214399402
1823 1.4430069953706353
1824 1.4430069953706353
1825 1.4430069953706353
1826 1.5142325866130846
1827 1.5142325866130846
1828 1.5142325866130846
1829 1.615510659677334
1830 1.615510659677334
1831 1.615510659677334
1832 1.7332593813012025
1833 1.7332593813012025
1834 1.7332593813012025
1835 1.6766424603486763
1836 1.6766424603486763
1837 1.6766424603486763
1838 1.5461999592473235
1839 1.5461999592473235
1840 1.5461999592473235
1841 1.765212255556536
1842 1.765212255556536
1843 1.765212255556536
1844 1.8310881522543556
1845 1.8310881522543556
1846 1.8310881522543556
1847 1.9278665532411678
1848 1.9278665532411678
1849 1.9278665532411678
1850 1.372112688536618
1851 1.372112688536618
1852 1.372112688536618
1853 1.5017956426864565
1854 1.5017956426864565
1855 1.5017956426864565
1856 1.6033174344194048
1857 1.6033174344194048
1858 1.6033174344194048
1859 1.6243482735082504
1860 1.6243482735082504
1861 1.6243482735082504
1862 1.6171567043731812
1863 2.4303754078852746
1864 2.4303754078852746
1865 2.4303754078852746
1866 3.0491215940688363
1867 3.0491215940688363
1868 3.0491215940688363
1869 2.3256609274436233
1870 2.3256609274436233
1871 0.39665528903848585
1872 0.39665528903848585
1873 0.39665528903848585
1874 0.7493751790675132
1875 0.7493751790675132
1876 0.7493751790675132
1877 0.855296851616548
1878 0.855296851616548
1879 0.855296851616548
1880 0.597495615454767
1881 0.597495615454767
1882 0.597495615454767
1883 0.5781598820486719
1884 0.5781598820486719
1885 0.5781598820486719
1886 0.6071298012825979
1887 0.6071298012825979
1888 0.6071298012825979
1889 0.6298861261523722
1890 0.6298861261523722
1891 0.6298861261523722
1892 0.7447035435155451
1893 3.7321674288498463
1894 3.7321674288498463
1895 3.7321674288498463
1896 4.109719101403452
1897 4.109719101403452
1898 4.109719101403452
1899 4.413411626452637
1900 4.413411626452637
1901 4.413411626452637
1902 3.997576605564105
1903 3.997576605564105
1904 3.997576605564105
1905 3.4068575187773535
1906 3.4068575187773535
1907 3.4068575187773535
1908 3.2928378359482924
1909 3.2928378359482924
1910 3.2928378359482924
1911 4.342827142666975
1912 4.342827142666975
1913 4.342827142666975
1914 3.3062977371942353
1915 3.3062977371942353
1916 3.3062977371942353
1917 4.391463997910775
1918 4.391463997910775
1919 4.391463997910775
1920 3.3958259391600336
1921 3.3958259391600336
1922 3.3958259391600336
1923 3.8043686599201
1924 3.8043686599201
1925 3.8043686599201
1926 3.6193750854000304
1927 3.6193750854000304
1928 3.6193750854000304
1929 2.817404853099301
1930 2.817404853099301
1931 2.817404853099301
1932 4.485077414899958
1933 4.485077414899958
1934 4.485077414899958
1935 3.8412071180872
1936 3.8412071180872
1937 3.8412071180872
1938 3.7750133981528076
1939 3.7750133981528076
1940 3.7750133981528076
1941 4.216620572458669
1942 4.216620572458669
1943 4.216620572458669
1944 4.799986103908793
1945 4.799986103908793
1946 4.799986103908793
1947 3.61720292402716
1948 3.61720292402716
1949 3.61720292402716
1950 3.3412122721481268
1951 3.3412122721481268
1952 3.3412122721481268
1953 4.019747714216501
1954 4.019747714216501
1955 4.019747714216501
1956 4.2634061320551995
1957 4.2634061320551995
1958 4.2634061320551995
1959 3.8806296822548227
1960 3.8806296822548227
1961 3.8806296822548227
1962 3.6602382144572423
1963 3.6602382144572423
1964 3.6602382144572423
1965 4.108343470488038
1966 4.108343470488038
1967 4.108343470488038
1968 3.7042824691378526
1969 3.7042824691378526
1970 3.7042824691378526
1971 3.561389418839871
1972 3.561389418839871
1973 3.561389418839871
1974 3.5984782705553866
1975 3.5984782705553866
1976 3.5984782705553866
1977 4.317351872899222
1978 4.317351872899222
1979 4.317351872899222
1980 4.038630375522685
1981 4.038630375522685
1982 4.038630375522685
1983 4.56506827028586
1984 4.56506827028586
1985 4.56506827028586
1986 3.3225571718337097
1987 3.3225571718337097
1988 3.3225571718337097
1989 4.494873057917447
1990 4.494873057917447
1991 4.494873057917447
1992 3.8381857550045986
1993 3.8381857550045986
1994 3.8381857550045986
1995 3.3814806602669205
1996 3.3814806602669205
1997 3.3814806602669205
1998 3.1743634276327293
1999 3.1743634276327293
