0 0.8638076011446926
1 0.8638076011446926
2 0.8638076011446926
3 0.3367896001211039
4 0.3367896001211039
5 0.3367896001211039
6 1.1777184448946174
7 1.1777184448946174
8 1.1777184448946174
9 1.7981537201920537
10 1.7981537201920537
11 1.7981537201920537
12 1.034610390686598
13 1.034610390686598
14 1.034610390686598
15 1.4366573918565342
16 1.4366573918565342
17 4.094759473610371
18 4.094759473610371
19 4.094759473610371
20 2.4542535103926237
21 2.4542535103926237
22 2.4542535103926237
23 3.590866372271332
24 3.590866372271332
25 3.590866372271332
26 4.261477751319276
27 4.261477751319276
28 4.261477751319276
29 3.6393442997392955
30 3.6393442997392955
31 3.6393442997392955
32 4.231717430553465
33 4.231717430553465
34 4.231717430553465
35 4.822117789425321
36 4.822117789425321
37 4.822117789425321
38 2.8641628636437355
39 2.8641628636437355
40 2.8641628636437355
41 4.8252292327077235
42 4.8252292327077235
43 4.8252292327077235
44 5.85278053877445
45 5.85278053877445
46 5.85278053877445
47 6.309119268991722
48 6.309119268991722
49 6.309119268991722
50 6.395679767937721
51 6.395679767937721
52 6.395679767937721
53 3.6917360973859883
54 3.6917360973859883
55 3.6917360973859883
56 3.72876721815746
57 3.72876721815746
58 3.72876721815746
59 3.526602992010586
60 3.526602992010586
61 3.526602992010586
62 3.8205791783351373
63 3.8205791783351373
64 3.8205791783351373
65 4.767381136324881
66 4.767381136324881
67 4.767381136324881
68 4.012085050702755
69 4.012085050702755
70 4.012085050702755
71 1.9403908716211014
72 1.9403908716211014
73 1.9403908716211014
74 2.2112334225560484
75 2.2112334225560484
76 2.2112334225560484
77 2.1648930403071507
78 2.1648930403071507
79 2.1648930403071507
80 4.776327390210601
81 4.776327390210601
82 4.776327390210601
83 3.1318187281040193
84 3.1318187281040193
85 3.1318187281040193
86 6.669526406502353
87 6.669526406502353
88 6.669526406502353
89 2.9812850330757827
90 2.9812850330757827
91 2.9812850330757827
92 2.473262337980026
93 2.473262337980026
94 2.473262337980026
95 5.88353094291851
96 5.88353094291851
97 5.88353094291851
98 4.227428758929565
99 4.227428758929565
100 4.227428758929565
101 3.2097533968636816
102 3.2097533968636816
103 3.2097533968636816
104 3.629897525561359
105 3.629897525561359
106 3.629897525561359
107 2.874334857935317
108 2.874334857935317
109 2.874334857935317
110 2.2883599983808756
111 2.2883599983808756
112 2.2883599983808756
113 4.162081004635102
114 4.162081004635102
115 4.162081004635102
116 2.9402534057572414
117 2.9402534057572414
118 2.9402534057572414
119 2.2221309434580956
120 2.2221309434580956
121 2.2221309434580956
122 4.1322745598629576
123 4.1322745598629576
124 4.1322745598629576
125 3.803716516676223
126 3.803716516676223
127 3.803716516676223
128 4.523931921503678
129 4.523931921503678
130 4.523931921503678
131 3.096650800988117
132 3.096650800988117
133 3.096650800988117
134 4.545509077916615
135 4.545509077916615
136 4.545509077916615
137 4.725419676125598
138 4.725419676125598
139 4.725419676125598
140 3.6484828931505486
141 3.6484828931505486
142 3.6484828931505486
143 4.757174503096375
144 4.757174503096375
145 4.757174503096375
146 4.2094366507198915
147 4.2094366507198915
148 4.2094366507198915
149 3.0560592530147037
150 3.0560592530147037
151 3.0560592530147037
152 6.37465559928429
153 6.37465559928429
154 6.37465559928429
155 4.128332609229772
156 4.128332609229772
157 4.128332609229772
158 3.761058132736372
159 3.761058132736372
160 3.761058132736372
161 2.3253825670268364
162 2.3253825670268364
163 2.3253825670268364
164 4.6596798755002835
165 4.6596798755002835
166 4.6596798755002835
167 2.837155835838126
168 2.837155835838126
169 2.837155835838126
170 5.475130925938816
171 5.475130925938816
172 5.475130925938816
173 2.1582293947114066
174 2.1582293947114066
175 2.1582293947114066
176 4.599829336734468
177 4.599829336734468
178 4.599829336734468
179 3.5749272826558744
180 3.5749272826558744
181 3.5749272826558744
182 2.1809146600564002
183 2.1809146600564002
184 2.1809146600564002
185 2.3960468953733436
186 2.3960468953733436
187 2.3960468953733436
188 0.9383292342237399
189 0.9383292342237399
190 0.9383292342237399
191 1.8818716356996852
192 1.8818716356996852
193 1.8818716356996852
194 2.231156590772746
195 2.231156590772746
196 2.231156590772746
197 2.484719789824227
198 2.484719789824227
199 2.484719789824227
200 3.4924684305624654
201 3.4924684305624654
202 3.4924684305624654
203 3.2350455382600942
204 3.2350455382600942
205 3.2350455382600942
206 2.6732420344154995
207 2.6732420344154995
208 2.6732420344154995
209 2.5014063602860417
210 2.5014063602860417
211 2.5014063602860417
212 2.124666228937275
213 2.124666228937275
214 2.124666228937275
215 2.362943274935826
216 2.362943274935826
217 2.362943274935826
218 2.2556357101134243
219 2.2556357101134243
220 2.2556357101134243
221 3.3491055731583597
222 3.3491055731583597
223 3.3491055731583597
224 2.3779223985867106
225 2.3779223985867106
226 2.3779223985867106
227 0.869733283625054
228 0.869733283625054
229 0.869733283625054
230 4.339756684942225
231 4.339756684942225
232 4.339756684942225
233 0.360388321623903
234 0.360388321623903
235 0.360388321623903
236 0.20086595742121005
237 0.20086595742121005
238 0.20086595742121005
239 0.7995561588913803
240 0.7995561588913803
241 0.7995561588913803
242 0.38774088710327503
243 0.38774088710327503
244 0.38774088710327503
245 0.4998547370385224
246 0.4998547370385224
247 0.4998547370385224
248 1.1874670392341575
249 1.1874670392341575
250 1.1874670392341575
251 0.44382729017277145
252 0.44382729017277145
253 0.44382729017277145
254 0.6718479550369172
255 0.6718479550369172
256 0.6718479550369172
257 0.6412308806364653
258 0.6412308806364653
259 0.6412308806364653
260 0.586842138131966
261 0.586842138131966
262 0.586842138131966
263 0.6432554808312129
264 0.6432554808312129
265 0.6432554808312129
266 0.8408110635110838
267 0.8408110635110838
268 0.8408110635110838
269 0.627564609804934
270 0.627564609804934
271 0.627564609804934
272 0.8870513513247557
273 0.8870513513247557
274 0.8870513513247557
275 0.7603117280690009
276 0.7603117280690009
277 0.7603117280690009
278 0.6065779553386257
279 2.3964998108208517
280 2.3964998108208517
281 2.3964998108208517
282 2.8211824421728124
283 2.8211824421728124
284 2.8211824421728124
285 0.7716559242583936
286 0.7716559242583936
287 0.7716559242583936
288 1.774603226933498
289 1.774603226933498
290 1.774603226933498
291 2.784379014450932
292 2.784379014450932
293 2.784379014450932
294 3.6010489619987167
295 3.6010489619987167
296 0.4157909397014351
297 0.4157909397014351
298 0.4157909397014351
299 0.2792672978170041
300 0.2792672978170041
301 0.2792672978170041
302 0.4728207037220329
303 0.4728207037220329
304 0.4728207037220329
305 0.3664395345311325
306 0.3664395345311325
307 0.3664395345311325
308 0.5521899980533442
309 0.5521899980533442
310 0.5521899980533442
311 0.11340639349381454
312 0.11340639349381454
313 0.11340639349381454
314 0.5293214013156867
315 0.5293214013156867
316 0.5293214013156867
317 0.7338248686368746
318 0.7338248686368746
319 0.7338248686368746
320 0.3916894791260114
321 0.3916894791260114
322 0.3916894791260114
323 0.746362557998705
324 0.746362557998705
325 0.746362557998705
326 0.5037973116197736
327 0.5037973116197736
328 0.5037973116197736
329 0.2209310799532686
330 0.2209310799532686
331 0.2209310799532686
332 0.8134172425358042
333 0.8134172425358042
334 0.8134172425358042
335 0.44902606308859183
336 0.44902606308859183
337 0.44902606308859183
338 0.5659573360481545
339 0.5659573360481545
340 0.5659573360481545
341 0.7238656132651679
342 0.7238656132651679
343 0.7238656132651679
344 0.6241104112111058
345 0.6241104112111058
346 0.6241104112111058
347 0.6214260322634428
348 0.6214260322634428
349 0.6214260322634428
350 0.8590029736118293
351 0.8590029736118293
352 0.8590029736118293
353 0.6690731187836672
354 0.6690731187836672
355 0.6690731187836672
356 0.833356748181941
357 0.833356748181941
358 0.833356748181941
359 0.7138238114611348
360 0.7138238114611348
361 0.7138238114611348
362 2.336782390325535
363 2.336782390325535
364 2.336782390325535
365 1.1522190766334628
366 1.4925667400665543
367 1.4925667400665543
368 1.4925667400665543
369 1.7406477503198716
370 1.7406477503198716
371 1.7406477503198716
372 1.0549637314918925
373 1.0549637314918925
374 1.0549637314918925
375 0.433687433623945
376 0.433687433623945
377 0.433687433623945
378 1.2522926639892038
379 1.2522926639892038
380 1.2522926639892038
381 0.6897186002465614
382 0.6897186002465614
383 0.6897186002465614
384 0.8239304439338564
385 0.8239304439338564
386 0.8239304439338564
387 1.586842307744567
388 1.586842307744567
389 1.586842307744567
390 1.2857649606434172
391 1.2857649606434172
392 1.2857649606434172
393 1.4680193081967239
394 1.4680193081967239
395 1.4680193081967239
396 1.296924807042103
397 1.296924807042103
398 1.296924807042103
399 1.670675228526529
400 1.670675228526529
401 1.670675228526529
402 0.7080342404487938
403 0.7080342404487938
404 0.7080342404487938
405 0.9523807081432462
406 0.9523807081432462
407 0.9523807081432462
408 1.9140406440772586
409 1.9140406440772586
410 1.9140406440772586
411 1.0959289605095264
412 1.0959289605095264
413 1.0959289605095264
414 1.0935976955939202
415 1.0935976955939202
416 1.0935976955939202
417 1.2258675531568761
418 1.2258675531568761
419 1.2258675531568761
420 0.9371075547833853
421 0.9371075547833853
422 0.9371075547833853
423 1.1522337520706911
424 1.1522337520706911
425 1.1522337520706911
426 1.0692757789812795
427 1.0692757789812795
428 1.0692757789812795
429 0.8683281589239848
430 0.8683281589239848
431 0.8683281589239848
432 1.4133878454671644
433 1.4133878454671644
434 3.258403927127158
435 3.258403927127158
436 3.258403927127158
437 3.139059209040697
438 3.139059209040697
439 3.139059209040697
440 3.0606013165817805
441 3.0606013165817805
442 3.0606013165817805
443 2.013844028496396
444 2.013844028496396
445 2.013844028496396
446 4.559262916492076
447 4.559262916492076
448 4.559262916492076
449 3.991653589860391
450 3.991653589860391
451 3.991653589860391
452 3.4418720124398146
453 3.4418720124398146
454 3.4418720124398146
455 3.585590580363977
456 3.585590580363977
457 3.585590580363977
458 2.856427554704133
459 2.856427554704133
460 2.856427554704133
461 0.14601041639351164
462 0.14601041639351164
463 0.14601041639351164
464 3.494970645457105
465 3.494970645457105
466 3.494970645457105
467 2.6622404674719387
468 2.6622404674719387
469 2.6622404674719387
470 2.1164487616880834
471 2.1164487616880834
472 2.1164487616880834
473 3.152022119498303
474 3.152022119498303
475 3.152022119498303
476 2.2336187961559237
477 2.2336187961559237
478 2.2336187961559237
479 4.89692082895651
480 4.89692082895651
481 4.89692082895651
482 3.6300369713467564
483 3.6300369713467564
484 3.6300369713467564
485 3.831672623448191
486 3.831672623448191
487 3.831672623448191
488 0.523154325399346
489 0.523154325399346
490 0.523154325399346
491 2.669255206899923
492 2.669255206899923
493 2.669255206899923
494 4.255244632256797
495 4.255244632256797
496 4.255244632256797
497 4.283390714818937
498 4.283390714818937
499 4.283390714818937
500 3.197523747948232
501 3.197523747948232
502 3.197523747948232
503 2.3182451725343625
504 2.3182451725343625
505 2.3182451725343625
506 3.857051373984411
507 3.857051373984411
508 3.857051373984411
509 2.5871300999168736
510 2.5871300999168736
511 2.5871300999168736
512 1.5389328694954403
513 1.5389328694954403
514 1.5389328694954403
515 3.750442895194639
516 3.750442895194639
517 3.750442895194639
518 3.981748136706967
519 3.981748136706967
520 4.591585123152591
521 4.591585123152591
522 4.591585123152591
523 3.8585196648805375
524 3.8585196648805375
525 3.8585196648805375
526 3.647537503006519
527 3.647537503006519
528 3.647537503006519
529 3.6649603351381996
530 3.6649603351381996
531 3.6649603351381996
532 4.699527597416363
533 4.699527597416363
534 4.699527597416363
535 2.8779728724074523
536 2.8779728724074523
537 2.8779728724074523
538 2.7290539802569103
539 2.7290539802569103
540 2.7290539802569103
541 3.402962524680773
542 3.402962524680773
543 3.402962524680773
544 4.211285036087101
545 4.211285036087101
546 4.211285036087101
547 3.6917168839117442
548 3.6917168839117442
549 3.6917168839117442
550 2.1747523487952294
551 2.1747523487952294
552 2.1747523487952294
553 3.6630211620095707
554 3.6630211620095707
555 3.6630211620095707
556 5.392701731416117
557 5.392701731416117
558 5.392701731416117
559 3.615283410222364
560 3.615283410222364
561 3.615283410222364
562 3.994837388207874
563 3.994837388207874
564 3.994837388207874
565 3.570235842445565
566 3.570235842445565
567 3.570235842445565
568 3.528912679145021
569 3.528912679145021
570 3.528912679145021
571 3.7135414727989704
572 3.7135414727989704
573 3.7135414727989704
574 4.376028711620376
575 4.376028711620376
576 4.376028711620376
577 4.080227689174149
578 4.080227689174149
579 4.080227689174149
580 4.738742997324987
581 4.738742997324987
582 4.738742997324987
583 3.547880947883077
584 3.547880947883077
585 3.547880947883077
586 2.33307992706582
587 2.33307992706582
588 2.33307992706582
589 3.4347685468184053
590 3.4347685468184053
591 3.4347685468184053
592 1.8360250006938879
593 1.8360250006938879
594 1.8360250006938879
595 5.886145387639489
596 5.886145387639489
597 5.886145387639489
598 2.6693443495554074
599 2.6693443495554074
600 2.6693443495554074
601 0.7214035061431048
602 0.7214035061431048
603 0.7214035061431048
604 6.267704160514414
605 6.267704160514414
606 6.267704160514414
607 4.281839284577771
608 4.281839284577771
609 4.281839284577771
610 5.657122769798115
611 5.657122769798115
612 5.657122769798115
613 5.08530023800083
614 5.08530023800083
615 5.08530023800083
616 3.873428694677167
617 3.873428694677167
618 3.873428694677167
619 3.3391114581877437
620 3.3391114581877437
621 3.3391114581877437
622 4.550071861916227
623 4.550071861916227
624 4.550071861916227
625 3.631655903260499
626 3.631655903260499
627 3.631655903260499
628 5.538372254570721
629 5.538372254570721
630 5.538372254570721
631 4.016882360386871
632 4.016882360386871
633 4.016882360386871
634 6.6073792521838195
635 6.6073792521838195
636 6.6073792521838195
637 3.669697709480446
638 3.669697709480446
639 3.669697709480446
640 5.818180263555702
641 5.818180263555702
642 5.818180263555702
643 3.468632486053649
644 3.468632486053649
645 3.468632486053649
646 5.439738051156951
647 5.439738051156951
648 5.439738051156951
649 4.178383231796728
650 4.178383231796728
651 4.178383231796728
652 5.678859955761158
653 5.678859955761158
654 5.678859955761158
655 3.947537977077268
656 3.947537977077268
657 3.947537977077268
658 3.990163360464795
659 3.990163360464795
660 3.990163360464795
661 5.050378838588875
662 5.050378838588875
663 5.050378838588875
664 4.961058616150212
665 4.961058616150212
666 4.961058616150212
667 5.195912363390742
668 5.195912363390742
669 5.195912363390742
670 6.41382522590065
671 6.41382522590065
672 6.41382522590065
673 2.2800907213537256
674 2.2800907213537256
675 2.2800907213537256
676 2.3154728176398995
677 2.3154728176398995
678 2.3154728176398995
679 6.650899549353235
680 6.650899549353235
681 6.650899549353235
682 0.8981794530742309
683 0.8981794530742309
684 0.8981794530742309
685 3.200687046294533
686 3.200687046294533
687 3.200687046294533
688 4.802946473919363
689 4.802946473919363
690 4.802946473919363
691 4.970519343282721
692 4.970519343282721
693 4.970519343282721
694 1.1778550278520235
695 1.1778550278520235
696 1.1778550278520235
697 3.7474945711123406
698 3.7474945711123406
699 3.7474945711123406
700 4.14852784595944
701 4.14852784595944
702 4.14852784595944
703 5.03385442896283
704 5.03385442896283
705 5.03385442896283
706 4.708221187502581
707 4.708221187502581
708 4.708221187502581
709 2.506673009204067
710 2.506673009204067
711 2.506673009204067
712 6.470999841037718
713 6.470999841037718
714 6.470999841037718
715 4.426463857987107
716 4.426463857987107
717 4.426463857987107
718 5.578266029000529
719 5.578266029000529
720 5.578266029000529
721 4.434996310048522
722 4.434996310048522
723 4.434996310048522
724 3.0670599083852847
725 3.0670599083852847
726 3.0670599083852847
727 4.769969888369344
728 4.769969888369344
729 4.769969888369344
730 6.185531191712995
731 6.185531191712995
732 6.185531191712995
733 4.264541176748917
734 4.264541176748917
735 4.264541176748917
736 4.186438867720611
737 4.186438867720611
738 4.186438867720611
739 3.4004992651423027
740 3.4004992651423027
741 3.4004992651423027
742 5.698685993211672
743 5.698685993211672
744 5.698685993211672
745 3.064754716676113
746 3.064754716676113
747 3.064754716676113
748 7.947084211755907
749 7.947084211755907
750 7.947084211755907
751 5.01417371467521
752 5.01417371467521
753 5.01417371467521
754 3.782925736688496
755 3.782925736688496
756 3.782925736688496
757 3.9234586178910775
758 3.9234586178910775
759 3.9234586178910775
760 7.188098855366695
761 7.188098855366695
762 7.188098855366695
763 6.222434312191408
764 6.222434312191408
765 6.222434312191408
766 1.7922187326878194
767 1.7922187326878194
768 1.7922187326878194
769 2.6693069378620984
770 2.6693069378620984
771 2.6693069378620984
772 3.0295928288813263
773 3.0295928288813263
774 3.0295928288813263
775 3.983386139010319
776 3.983386139010319
777 3.983386139010319
778 6.938481080980152
779 6.938481080980152
780 6.938481080980152
781 4.371418698976411
782 4.371418698976411
783 4.371418698976411
784 3.694364735569103
785 3.694364735569103
786 3.694364735569103
787 5.469650207487743
788 5.469650207487743
789 5.469650207487743
790 2.7131665859835064
791 2.7131665859835064
792 2.7131665859835064
793 4.162577173579842
794 4.162577173579842
795 4.162577173579842
796 2.921343911883379
797 2.921343911883379
798 2.921343911883379
799 4.697579244971568
800 4.697579244971568
801 4.697579244971568
802 2.385071559801043
803 2.385071559801043
804 2.385071559801043
805 2.7557206033149964
806 2.7557206033149964
807 2.7557206033149964
808 3.835369455618271
809 3.835369455618271
810 3.835369455618271
811 5.154125995798771
812 5.154125995798771
813 5.154125995798771
814 4.4914368869662304
815 4.4914368869662304
816 4.4914368869662304
817 4.024790928378665
818 4.024790928378665
819 4.024790928378665
820 3.9972301641136068
821 3.9972301641136068
822 3.9972301641136068
823 6.289793904750497
824 6.289793904750497
825 6.289793904750497
826 6.616258478300933
827 6.616258478300933
828 6.616258478300933
829 5.561756454239527
830 5.561756454239527
831 5.561756454239527
832 1.6785285271777521
833 1.6785285271777521
834 1.6785285271777521
835 4.876491644245398
836 4.876491644245398
837 4.876491644245398
838 3.284303989569594
839 3.284303989569594
840 3.284303989569594
841 4.045913619127107
842 4.045913619127107
843 4.045913619127107
844 3.538122427648518
845 3.538122427648518
846 3.538122427648518
847 4.911404167044506
848 4.911404167044506
849 4.911404167044506
850 5.202141169534427
851 5.202141169534427
852 5.202141169534427
853 3.7233213682972557
854 3.7233213682972557
855 3.7233213682972557
856 3.5696441120687386
857 3.5696441120687386
858 3.5696441120687386
859 2.3940361187369046
860 2.3940361187369046
861 2.3940361187369046
862 5.109842555429106
863 5.109842555429106
864 5.109842555429106
865 4.075963953149983
866 4.075963953149983
867 4.075963953149983
868 0.2022383634541658
869 0.2022383634541658
870 0.2022383634541658
871 6.217961612638405
872 6.217961612638405
873 6.217961612638405
874 5.521927150716179
875 5.521927150716179
876 5.521927150716179
877 4.115503035460801
878 4.115503035460801
879 4.115503035460801
880 6.171989994318892
881 6.171989994318892
882 6.171989994318892
883 3.2547658462804057
884 3.2547658462804057
885 3.2547658462804057
886 5.663040003651807
887 5.663040003651807
888 5.663040003651807
889 5.159315829773833
890 5.159315829773833
891 5.159315829773833
892 0.1
893 0.1
894 0.1
895 5.672847853704586
896 5.672847853704586
897 5.672847853704586
898 4.303081915378472
899 4.303081915378472
900 4.303081915378472
901 2.5699705686840923
902 2.5699705686840923
903 2.5699705686840923
904 3.155428191645382
905 3.155428191645382
906 3.155428191645382
907 4.694923327662905
908 4.694923327662905
909 4.694923327662905
910 6.0249632032452745
911 6.0249632032452745
912 6.0249632032452745
913 4.738815571497849
914 4.738815571497849
915 4.738815571497849
916 4.182066688586594
917 4.182066688586594
918 4.182066688586594
919 5.578802467512359
920 5.578802467512359
921 5.578802467512359
922 7.008923599990668
923 7.008923599990668
924 7.008923599990668
925 6.384670501955133
926 6.384670501955133
927 6.384670501955133
928 4.595438182075694
929 4.595438182075694
930 4.595438182075694
931 3.4719941780683
932 3.4719941780683
933 3.4719941780683
934 6.829448634522141
935 6.829448634522141
936 6.829448634522141
937 3.7348232544923397
938 3.7348232544923397
939 3.7348232544923397
940 4.706263961924035
941 4.706263961924035
942 4.706263961924035
943 5.414128155591815
944 5.414128155591815
945 5.414128155591815
946 2.3298119606045256
947 2.3298119606045256
948 2.3298119606045256
949 1.914637754528462
950 1.914637754528462
951 1.914637754528462
952 1.570613868329881
953 1.570613868329881
954 1.570613868329881
955 2.1196593811706146
956 2.1196593811706146
957 2.1196593811706146
958 1.538450468086032
959 1.538450468086032
960 1.538450468086032
961 0.9247828383569358
962 0.9247828383569358
963 0.9247828383569358
964 0.7292959607066194
965 0.7292959607066194
966 0.7292959607066194
967 2.072056001342189
968 2.072056001342189
969 2.072056001342189
970 1.7147383915959404
971 1.7147383915959404
972 1.7147383915959404
973 1.3185745739623478
974 1.3185745739623478
975 1.3185745739623478
976 0.9026206844531139
977 0.9026206844531139
978 0.9026206844531139
979 0.8796970375355979
980 0.8796970375355979
981 0.8796970375355979
982 1.8465388136062757
983 1.8465388136062757
984 1.8465388136062757
985 2.0234547250249753
986 2.0234547250249753
987 2.0234547250249753
988 1.5216932366925213
989 1.5216932366925213
990 1.5216932366925213
991 1.5822414078108915
992 1.5822414078108915
993 1.5822414078108915
994 1.7168636397457344
995 1.7168636397457344
996 1.7168636397457344
997 2.417360913189531
998 2.417360913189531
999 2.417360913189531
1000 1.3366995965057427
1001 1.3366995965057427
1002 1.3366995965057427
1003 2.861673045739775
1004 2.861673045739775
1005 2.861673045739775
1006 1.821640479963882
1007 1.821640479963882
1008 1.821640479963882
1009 1.691449191461421
1010 1.691449191461421
1011 1.691449191461421
1012 1.6482701105205426
1013 1.6482701105205426
1014 1.6482701105205426
1015 2.1102906953316083
1016 2.1102906953316083
1017 2.1102906953316083
1018 1.133769455803922
1019 1.133769455803922
1020 1.133769455803922
1021 1.8750962685022659
1022 1.8750962685022659
1023 1.8750962685022659
1024 1.1656557167326582
1025 1.1656557167326582
1026 1.1656557167326582
1027 0.5876950186034156
1028 0.5876950186034156
1029 0.5876950186034156
1030 1.0907976080663895
1031 1.0907976080663895
1032 1.0907976080663895
1033 1.0334412289686257
1034 1.0334412289686257
1035 1.0334412289686257
1036 0.9691915060879787
1037 0.9691915060879787
1038 0.9691915060879787
1039 1.0962104713071747
1040 1.0962104713071747
1041 1.0962104713071747
1042 1.9945724598948045
1043 1.9945724598948045
1044 1.9945724598948045
1045 1.6360673625007494
1046 1.6360673625007494
1047 1.6360673625007494
1048 1.0325606626379682
1049 1.0325606626379682
1050 1.0325606626379682
1051 1.7934839870569064
1052 1.7934839870569064
1053 1.7934839870569064
1054 1.2715547448523443
1055 1.2715547448523443
1056 1.2715547448523443
1057 0.8188229368860735
1058 0.8188229368860735
1059 0.8188229368860735
1060 1.3250821834467414
1061 1.3250821834467414
1062 1.3250821834467414
1063 2.045794707621284
1064 2.045794707621284
1065 2.045794707621284
1066 2.0464875159632196
1067 2.0464875159632196
1068 2.0464875159632196
1069 0.7664016980626936
1070 0.7664016980626936
1071 0.7664016980626936
1072 1.973388433617069
1073 1.973388433617069
1074 1.973388433617069
1075 1.474336816803817
1076 1.474336816803817
1077 1.474336816803817
1078 2.0554336777993067
1079 2.0554336777993067
1080 2.0554336777993067
1081 0.24008589355235044
1082 0.24008589355235044
1083 0.24008589355235044
1084 2.0517666370651657
1085 2.0517666370651657
1086 2.0517666370651657
1087 1.819485944341325
1088 1.819485944341325
1089 1.819485944341325
1090 1.3088333920545683
1091 1.3088333920545683
1092 1.3088333920545683
1093 2.387417436409817
1094 2.387417436409817
1095 2.387417436409817
1096 2.613551187284
1097 2.613551187284
1098 2.613551187284
1099 1.975060273934958
1100 1.975060273934958
1101 1.975060273934958
1102 1.262907292402383
1103 1.262907292402383
1104 1.262907292402383
1105 1.9034087065252365
1106 1.9034087065252365
1107 1.9034087065252365
1108 1.597395799357799
1109 1.597395799357799
1110 1.597395799357799
1111 1.4670764954226823
1112 1.4670764954226823
1113 1.4670764954226823
1114 2.3362878833828393
1115 2.3362878833828393
1116 2.3362878833828393
1117 1.1677267038396162
1118 1.1677267038396162
1119 1.1677267038396162
1120 1.9763205563664288
1121 1.9763205563664288
1122 1.9763205563664288
1123 1.0233301223546478
1124 1.0233301223546478
1125 1.0233301223546478
1126 1.380591287334215
1127 1.380591287334215
1128 1.380591287334215
1129 1.744640742549675
1130 1.744640742549675
1131 1.744640742549675
1132 2.1548082981035286
1133 2.1548082981035286
1134 2.1548082981035286
1135 1.4043801080614307
1136 1.4043801080614307
1137 1.4043801080614307
1138 2.5357070694795536
1139 2.5357070694795536
1140 2.5357070694795536
1141 2.0927842064960975
1142 2.0927842064960975
1143 2.0927842064960975
1144 1.3545639511932086
1145 1.3545639511932086
1146 1.3545639511932086
1147 1.7856098696686027
1148 2.686445504771536
1149 2.686445504771536
1150 2.686445504771536
1151 2.197911997906516
1152 2.197911997906516
1153 2.197911997906516
1154 1.8823314540361031
1155 1.8823314540361031
1156 1.8823314540361031
1157 1.7031121087893066
1158 2.5081712402215586
1159 2.5081712402215586
1160 2.5081712402215586
1161 4.721822583425205
1162 4.721822583425205
1163 4.721822583425205
1164 3.9737324701907237
1165 3.9737324701907237
1166 3.9737324701907237
1167 2.002408031319979
1168 2.002408031319979
1169 2.002408031319979
1170 3.9818663301015738
1171 3.9818663301015738
1172 3.9818663301015738
1173 0.9887884408289376
1174 0.9887884408289376
1175 0.9887884408289376
1176 2.5604012139695813
1177 2.5604012139695813
1178 2.5604012139695813
1179 0.1
1180 0.1
1181 0.1
1182 3.8542427432605098
1183 3.8542427432605098
1184 3.8542427432605098
1185 5.5535131493747
1186 5.5535131493747
1187 5.5535131493747
1188 2.8749842864326283
1189 2.8749842864326283
1190 2.8749842864326283
1191 3.6607289525876743
1192 3.6607289525876743
1193 3.6607289525876743
1194 2.6050897939628563
1195 2.6050897939628563
1196 2.6050897939628563
1197 4.137440321153142
1198 4.137440321153142
1199 4.137440321153142
1200 3.499926065901869
1201 3.499926065901869
1202 3.499926065901869
1203 1.2882473058820012
1204 1.2882473058820012
1205 1.2882473058820012
1206 2.3545362637123257
1207 2.3545362637123257
1208 2.3545362637123257
1209 3.9903485546533135
1210 3.9903485546533135
1211 3.9903485546533135
1212 2.4461717757579313
1213 2.4461717757579313
1214 2.4461717757579313
1215 3.6181687682416444
1216 3.6181687682416444
1217 3.6181687682416444
1218 2.5307488020543216
1219 2.5307488020543216
1220 2.5307488020543216
1221 4.658479306915757
1222 4.658479306915757
1223 4.658479306915757
1224 2.0047866494495983
1225 2.0047866494495983
1226 2.0047866494495983
1227 0.3654145154078623
1228 0.3654145154078623
1229 0.3654145154078623
1230 0.5182620408771731
1231 0.5182620408771731
1232 0.5182620408771731
1233 1.1284317152776335
1234 1.1284317152776335
1235 1.1284317152776335
1236 0.8960213364800174
1237 0.8960213364800174
1238 0.8960213364800174
1239 0.9007358975537082
1240 0.9007358975537082
1241 0.9007358975537082
1242 0.657018544080532
1243 0.657018544080532
1244 0.657018544080532
1245 0.217482625405664
1246 0.217482625405664
1247 0.217482625405664
1248 0.7883653744875881
1249 0.7883653744875881
1250 0.7883653744875881
1251 6.03553483958526
1252 6.03553483958526
1253 6.03553483958526
1254 0.6949381571363262
1255 0.6949381571363262
1256 0.6949381571363262
1257 4.36900084403441
1258 4.36900084403441
1259 4.36900084403441
1260 3.3184256843448297
1261 3.3184256843448297
1262 3.3184256843448297
1263 1.1938861101697564
1264 1.1938861101697564
1265 1.1938861101697564
1266 1.1551364679425171
1267 1.1551364679425171
1268 1.1551364679425171
1269 4.384928026614856
1270 4.384928026614856
1271 4.384928026614856
1272 2.0249679899729713
1273 2.0249679899729713
1274 2.0249679899729713
1275 3.416778138215726
1276 3.416778138215726
1277 3.416778138215726
1278 1.8723182797900035
1279 1.8723182797900035
1280 1.8723182797900035
1281 3.635134899526816
1282 3.635134899526816
1283 3.635134899526816
1284 3.7223718687632816
1285 3.7223718687632816
1286 3.7223718687632816
1287 2.53238680398232
1288 2.53238680398232
1289 2.53238680398232
1290 2.438587618939268
1291 2.438587618939268
1292 2.438587618939268
1293 2.7583081482009346
1294 2.7583081482009346
1295 2.7583081482009346
1296 3.145638841729064
1297 3.145638841729064
1298 3.145638841729064
1299 2.3080825101838105
1300 2.3080825101838105
1301 2.3080825101838105
1302 2.7080728374035075
1303 2.7080728374035075
1304 2.7080728374035075
1305 2.6260080093320415
1306 2.6260080093320415
1307 2.6260080093320415
1308 2.8603970829063883
1309 2.8603970829063883
1310 2.8603970829063883
1311 2.935263361949903
1312 2.935263361949903
1313 2.935263361949903
1314 3.0192804725361317
1315 3.0192804725361317
1316 3.0192804725361317
1317 1.887141399326509
1318 1.887141399326509
1319 1.887141399326509
1320 3.781130507243822
1321 3.781130507243822
1322 3.781130507243822
1323 2.4893031941657924
1324 2.4893031941657924
1325 2.4893031941657924
1326 2.789090124804445
1327 2.789090124804445
1328 2.789090124804445
1329 2.793875676153635
1330 2.793875676153635
1331 2.793875676153635
1332 2.0923313459485513
1333 2.0923313459485513
1334 2.0923313459485513
1335 1.6229632332053585
1336 1.6229632332053585
1337 1.6229632332053585
1338 3.0300014444343426
1339 3.0300014444343426
1340 3.0300014444343426
1341 3.042166901140877
1342 3.042166901140877
1343 3.042166901140877
1344 2.4077601331152048
1345 2.4077601331152048
1346 2.4077601331152048
1347 1.2966498049581672
1348 1.2966498049581672
1349 1.2966498049581672
1350 1.5230206504687955
1351 1.5230206504687955
1352 1.5230206504687955
1353 1.4934888208954156
1354 1.4934888208954156
1355 1.4934888208954156
1356 2.5868685919703274
1357 2.5868685919703274
1358 2.5868685919703274
1359 1.643815029757657
1360 1.643815029757657
1361 1.643815029757657
1362 2.369398386593063
1363 2.369398386593063
1364 2.369398386593063
1365 1.4670014130783198
1366 1.4670014130783198
1367 1.4670014130783198
1368 1.5370254709856805
1369 1.5370254709856805
1370 1.5370254709856805
1371 3.052003353913065
1372 3.052003353913065
1373 3.052003353913065
1374 1.6949866148730421
1375 1.6949866148730421
1376 1.6949866148730421
1377 2.9156113388177483
1378 2.9156113388177483
1379 2.9156113388177483
1380 1.0190026027969852
1381 1.0190026027969852
1382 1.0190026027969852
1383 1.3285783167124516
1384 1.3285783167124516
1385 1.3285783167124516
1386 2.250306062862254
1387 2.250306062862254
1388 2.250306062862254
1389 2.4914712770176326
1390 2.4914712770176326
1391 2.4914712770176326
1392 2.8049055453442033
1393 2.8049055453442033
1394 2.8049055453442033
1395 3.6213296666427475
1396 3.6213296666427475
1397 3.6213296666427475
1398 2.3599440599777988
1399 2.3599440599777988
1400 2.3599440599777988
1401 4.2338795972755925
1402 4.2338795972755925
1403 4.2338795972755925
1404 2.5056897361248973
1405 2.5056897361248973
1406 2.5056897361248973
1407 1.752817306481722
1408 1.752817306481722
1409 1.752817306481722
1410 4.167520491941443
1411 4.167520491941443
1412 4.167520491941443
1413 2.3732830469217006
1414 2.3732830469217006
1415 2.3732830469217006
1416 3.926348369890421
1417 3.926348369890421
1418 3.926348369890421
1419 2.1541664120063206
1420 2.1541664120063206
1421 2.1541664120063206
1422 0.48931308639669635
1423 0.48931308639669635
1424 0.48931308639669635
1425 2.1584837450763645
1426 2.1584837450763645
1427 2.1584837450763645
1428 1.3014113527043722
1429 1.3014113527043722
1430 1.941976978143674
1431 1.941976978143674
1432 1.941976978143674
1433 2.9944125661508894
1434 2.9944125661508894
1435 2.9944125661508894
1436 2.6592136486861158
1437 2.6592136486861158
1438 2.6592136486861158
1439 2.176668787572634
1440 2.176668787572634
1441 2.176668787572634
1442 2.14749041135542
1443 2.14749041135542
1444 2.14749041135542
1445 2.4905765539002003
1446 2.4905765539002003
1447 2.4905765539002003
1448 2.0697612466558906
1449 2.0697612466558906
1450 2.0697612466558906
1451 1.772095376588866
1452 1.772095376588866
1453 1.772095376588866
1454 2.06643356603484
1455 2.06643356603484
1456 2.06643356603484
1457 1.3904316450268062
1458 1.3904316450268062
1459 1.3904316450268062
1460 2.259175948524868
1461 2.259175948524868
1462 2.259175948524868
1463 2.024297207741682
1464 2.024297207741682
1465 2.024297207741682
1466 1.6608670690262466
1467 1.6608670690262466
1468 1.6608670690262466
1469 1.0478666706970916
1470 1.0478666706970916
1471 1.0478666706970916
1472 1.4886946371526033
1473 1.4886946371526033
1474 1.4886946371526033
1475 1.2322995350259598
1476 1.2322995350259598
1477 1.2322995350259598
1478 2.952655371385641
1479 2.952655371385641
1480 2.952655371385641
1481 2.94039137147799
1482 2.94039137147799
1483 2.94039137147799
1484 0.8740289889658834
1485 0.8740289889658834
1486 0.8740289889658834
1487 1.4652800063921485
1488 1.4652800063921485
1489 1.4652800063921485
1490 2.4509419041040106
1491 2.4509419041040106
1492 2.4509419041040106
1493 1.20548252013221
1494 1.20548252013221
1495 1.20548252013221
1496 1.9473049747052877
1497 1.9473049747052877
1498 1.9473049747052877
1499 1.396652704988791
1500 1.396652704988791
1501 1.396652704988791
1502 2.1903364289039704
1503 2.1903364289039704
1504 2.1903364289039704
1505 1.849910322281698
1506 1.849910322281698
1507 1.849910322281698
1508 2.4151395656815673
1509 2.4151395656815673
1510 2.4151395656815673
1511 1.5986086963558759
1512 1.5986086963558759
1513 1.5986086963558759
1514 0.9842253358467661
1515 0.9842253358467661
1516 0.9842253358467661
1517 2.3252820681808752
1518 2.3252820681808752
1519 2.3252820681808752
1520 1.164813411836592
1521 1.164813411836592
1522 1.164813411836592
1523 0.5854340975858223
1524 0.5854340975858223
1525 0.5854340975858223
1526 1.4890803795375267
1527 1.4890803795375267
1528 1.4890803795375267
1529 2.1512107834324845
1530 2.1512107834324845
1531 2.1512107834324845
1532 0.2751103567637934
1533 0.2751103567637934
1534 0.2751103567637934
1535 0.17605362553613194
1536 0.17605362553613194
1537 0.17605362553613194
1538 0.28201167725730103
1539 0.28201167725730103
1540 0.28201167725730103
1541 0.1
1542 0.1
1543 0.1
1544 0.32305679662132514
1545 0.32305679662132514
1546 0.32305679662132514
1547 0.21459345483750406
1548 0.21459345483750406
1549 0.21459345483750406
1550 0.1627684273238357
1551 0.1627684273238357
1552 0.1627684273238357
1553 0.25410484127822963
1554 0.25410484127822963
1555 0.25410484127822963
1556 0.31913152729639443
1557 0.31913152729639443
1558 0.31913152729639443
1559 0.19535909824425804
1560 0.19535909824425804
1561 0.19535909824425804
1562 0.18650336049635308
1563 0.18650336049635308
1564 0.18650336049635308
1565 0.1
1566 0.1
1567 0.1
1568 0.2570705563420153
1569 0.2570705563420153
1570 0.2570705563420153
1571 0.1
1572 0.1
1573 0.1
1574 0.3042980981513036
1575 0.3042980981513036
1576 0.3042980981513036
1577 0.14455066145939213
1578 0.14455066145939213
1579 0.14455066145939213
1580 0.1
1581 2.2434537042843368
1582 2.2434537042843368
1583 2.2434537042843368
1584 1.525104496809702
1585 1.525104496809702
1586 1.525104496809702
1587 1.613154818607059
1588 1.613154818607059
1589 1.613154818607059
1590 1.7581585048903652
1591 1.7581585048903652
1592 1.7581585048903652
1593 1.5798380091587496
1594 1.5798380091587496
1595 1.5798380091587496
1596 0.9840776172979013
1597 0.9840776172979013
1598 0.9840776172979013
1599 2.4059600567708626
1600 2.4059600567708626
1601 2.4059600567708626
1602 1.6451110402876556
1603 1.6451110402876556
1604 1.6451110402876556
1605 1.0130286279327685
1606 1.0130286279327685
1607 1.0130286279327685
1608 2.68846267100834
1609 2.68846267100834
1610 2.68846267100834
1611 1.3489261990425332
1612 1.3489261990425332
1613 1.3489261990425332
1614 1.8323088674555947
1615 1.8323088674555947
1616 1.8323088674555947
1617 1.5799333573864405
1618 1.5799333573864405
1619 1.5799333573864405
1620 1.4939258607236998
1621 1.4939258607236998
1622 1.4939258607236998
1623 1.571045364906443
1624 1.571045364906443
1625 1.571045364906443
1626 1.7191984613784852
1627 1.7191984613784852
1628 1.7191984613784852
1629 1.806656782052648
1630 1.806656782052648
1631 1.806656782052648
1632 1.8101464784655499
1633 1.8101464784655499
1634 1.8101464784655499
1635 2.053215786241938
1636 2.053215786241938
1637 2.053215786241938
1638 1.7235120607465206
1639 1.7235120607465206
1640 1.7235120607465206
1641 1.2067360421488753
1642 1.2067360421488753
1643 1.2067360421488753
1644 1.291052606424844
1645 1.291052606424844
1646 1.291052606424844
1647 1.8856303115282902
1648 1.8856303115282902
1649 1.8856303115282902
1650 1.679390190730134
1651 1.679390190730134
1652 1.679390190730134
1653 1.6246020803506873
1654 1.6246020803506873
1655 1.6246020803506873
1656 1.1885835902169986
1657 1.1885835902169986
1658 1.1885835902169986
1659 0.9759782909402352
1660 0.9759782909402352
1661 0.9759782909402352
1662 2.1518165386379686
1663 2.1518165386379686
1664 2.1518165386379686
1665 1.5055613027386683
1666 1.5055613027386683
1667 1.5055613027386683
1668 1.3069067512602284
1669 1.3069067512602284
1670 1.3069067512602284
1671 1.8205093977078506
1672 1.8205093977078506
1673 1.8205093977078506
1674 2.065918582313046
1675 2.065918582313046
1676 2.065918582313046
1677 1.6936729297111146
1678 1.6936729297111146
1679 1.6936729297111146
1680 1.8701590396968157
1681 1.8701590396968157
1682 1.8701590396968157
1683 1.9294933577654896
1684 1.9294933577654896
1685 1.9294933577654896
1686 0.9928432152049191
1687 0.9928432152049191
1688 0.9928432152049191
1689 1.5475530932898596
1690 1.5475530932898596
1691 1.5475530932898596
1692 1.1162992948174033
1693 1.1162992948174033
1694 1.1162992948174033
1695 1.194995204081471
1696 1.194995204081471
1697 1.194995204081471
1698 1.01669258081863
1699 1.01669258081863
1700 1.01669258081863
1701 1.578119104954101
1702 1.578119104954101
1703 1.578119104954101
1704 1.1295270766244463
1705 1.1295270766244463
1706 1.1295270766244463
1707 2.0904837100360716
1708 2.0904837100360716
1709 2.0904837100360716
1710 1.484776760865663
1711 1.484776760865663
1712 1.484776760865663
1713 1.864451646537681
1714 1.864451646537681
1715 1.864451646537681
1716 1.8292459762515212
1717 1.8292459762515212
1718 1.8292459762515212
1719 1.1982475951915235
1720 1.1982475951915235
1721 1.1982475951915235
1722 1.8714645291898635
1723 1.8714645291898635
1724 1.8714645291898635
1725 1.4924092747345723
1726 3.504817497955588
1727 3.504817497955588
1728 3.504817497955588
1729 3.3053581492157065
1730 3.3053581492157065
1731 3.3053581492157065
1732 3.3572438705597456
1733 3.3572438705597456
1734 3.3572438705597456
1735 4.365994626685655
1736 4.365994626685655
1737 4.365994626685655
1738 6.657113817678422
1739 6.657113817678422
1740 6.657113817678422
1741 3.1778477194468118
1742 3.1778477194468118
1743 1.8270606840557613
1744 1.8270606840557613
1745 1.8270606840557613
1746 1.7875970499503182
1747 1.7875970499503182
1748 1.7875970499503182
1749 1.7395779646166782
1750 3.2083838956640918
1751 3.2083838956640918
1752 3.2083838956640918
1753 2.4141186833966577
1754 2.4141186833966577
1755 2.4141186833966577
1756 2.6374767424398127
1757 2.6374767424398127
1758 2.6374767424398127
1759 0.899225959336345
1760 0.899225959336345
1761 0.899225959336345
1762 1.6169955108404013
1763 1.6169955108404013
1764 1.6169955108404013
1765 0.9406002102252706
1766 0.9406002102252706
1767 0.9406002102252706
1768 2.793935452687932
1769 2.793935452687932
1770 2.793935452687932
1771 2.7318048826347043
1772 2.7318048826347043
1773 2.7318048826347043
1774 3.5793668812876125
1775 3.5793668812876125
1776 3.5793668812876125
1777 3.0652673365739447
1778 3.0652673365739447
1779 3.0652673365739447
1780 1.991895920098401
1781 1.991895920098401
1782 1.991895920098401
1783 1.7545364223785498
1784 1.7545364223785498
1785 1.7545364223785498
1786 3.737740211362791
1787 3.737740211362791
1788 3.737740211362791
1789 2.703395494859131
1790 2.703395494859131
1791 2.703395494859131
1792 1.8413595198163233
1793 1.8413595198163233
1794 1.8413595198163233
1795 1.912716473731047
1796 1.912716473731047
1797 1.912716473731047
1798 3.9128159690863393
1799 3.9128159690863393
1800 3.9128159690863393
1801 2.897376068097856
1802 2.897376068097856
1803 2.897376068097856
1804 2.714105954743554
1805 2.714105954743554
1806 2.714105954743554
1807 2.2067752474389217
1808 2.2067752474389217
1809 2.2067752474389217
1810 2.3098794912650256
1811 2.3098794912650256
1812 2.3098794912650256
1813 3.7989318097196985
1814 3.7989318097196985
1815 3.7989318097196985
1816 3.8119555295075074
1817 3.8119555295075074
1818 3.8119555295075074
1819 2.1249424537812542
1820 2.1249424537812542
1821 2.1249424537812542
1822 2.9061138731201783
1823 2.9061138731201783
1824 2.9061138731201783
1825 2.8235411680454066
1826 2.8235411680454066
1827 2.8235411680454066
1828 2.2321809982884324
1829 2.2321809982884324
1830 2.2321809982884324
1831 4.259258574029838
1832 4.259258574029838
1833 4.259258574029838
1834 3.1587564083241477
1835 3.1587564083241477
1836 3.1587564083241477
1837 2.1555895014689446
1838 2.1555895014689446
1839 2.1555895014689446
1840 3.7149926810986105
1841 3.7149926810986105
1842 3.7149926810986105
1843 2.42379498754273
1844 2.42379498754273
1845 2.42379498754273
1846 3.0040098004957656
1847 3.0040098004957656
1848 3.0040098004957656
1849 2.346961781733781
1850 2.346961781733781
1851 2.346961781733781
1852 2.3359814960118075
1853 2.3359814960118075
1854 2.3359814960118075
1855 0.8466355210547967
1856 0.8466355210547967
1857 0.8466355210547967
1858 4.0125265797425955
1859 4.0125265797425955
1860 4.0125265797425955
1861 2.9196652138502386
1862 2.9196652138502386
1863 2.9196652138502386
1864 2.9368887772206684
1865 2.9368887772206684
1866 2.9368887772206684
1867 3.01980368588974
1868 3.01980368588974
1869 3.01980368588974
1870 2.1802378744871733
1871 2.1802378744871733
1872 2.1802378744871733
1873 2.6535048032502173
1874 2.6535048032502173
1875 2.6535048032502173
1876 2.1488443522862357
1877 2.1488443522862357
1878 2.1488443522862357
1879 2.6518839391356495
1880 2.6518839391356495
1881 2.6518839391356495
1882 2.637678244942313
1883 2.637678244942313
1884 2.637678244942313
1885 1.6179079887930414
1886 1.6179079887930414
1887 1.6179079887930414
1888 1.0678234521604422
1889 1.0678234521604422
1890 1.0678234521604422
1891 2.7416306120908236
1892 2.7416306120908236
1893 2.7416306120908236
1894 3.618161101695118
1895 3.618161101695118
1896 3.618161101695118
1897 2.3329568146600015
1898 2.3329568146600015
1899 2.3329568146600015
1900 2.414492951689464
1901 2.414492951689464
1902 2.414492951689464
1903 3.027895680282374
1904 3.027895680282374
1905 3.027895680282374
1906 1.5356431106784845
1907 1.5356431106784845
1908 1.5356431106784845
1909 2.5182790533197346
1910 2.5182790533197346
1911 2.5182790533197346
1912 2.7219390519691102
1913 2.7219390519691102
1914 2.7219390519691102
1915 2.9428242354791982
1916 2.9428242354791982
1917 2.9428242354791982
1918 4.961812224832549
1919 4.961812224832549
1920 4.961812224832549
1921 1.4327512916595033
1922 1.4327512916595033
1923 1.4327512916595033
1924 2.6719035868841283
1925 2.6719035868841283
1926 2.6719035868841283
1927 0.7355561976253591
1928 0.7355561976253591
1929 0.7355561976253591
1930 1.421933479141773
1931 1.421933479141773
1932 1.421933479141773
1933 0.9919210332678112
1934 0.9919210332678112
1935 0.9919210332678112
1936 4.576266516967786
1937 4.576266516967786
1938 4.576266516967786
1939 5.147569588332524
1940 5.147569588332524
1941 5.147569588332524
1942 2.875504590095727
1943 2.875504590095727
1944 2.875504590095727
1945 2.8081431920563267
1946 2.8081431920563267
1947 2.8081431920563267
1948 4.436965929678758
1949 4.436965929678758
1950 4.436965929678758
1951 1.5028718167392872
1952 1.5028718167392872
1953 1.5028718167392872
1954 3.6136000995163373
1955 3.6136000995163373
1956 3.6136000995163373
1957 2.3859463860370544
1958 2.3859463860370544
1959 2.3859463860370544
1960 1.9261183511511168
1961 1.9261183511511168
1962 1.9261183511511168
1963 2.2940827299626037
1964 2.2940827299626037
1965 2.2940827299626037
1966 2.786815857373052
1967 2.786815857373052
1968 2.786815857373052
1969 3.0018749761341224
1970 3.0018749761341224
1971 3.0018749761341224
1972 3.565855146846539
1973 3.565855146846539
1974 3.565855146846539
1975 1.724303122385292
1976 1.724303122385292
1977 1.724303122385292
1978 3.1442214921759097
1979 3.1442214921759097
1980 3.1442214921759097
1981 1.0622230215184414
1982 1.0622230215184414
1983 1.0622230215184414
1984 2.969525297637625
1985 2.969525297637625
1986 2.969525297637625
1987 3.8657288587532657
1988 3.8657288587532657
1989 3.8657288587532657
1990 4.3291308450778345
1991 4.3291308450778345
1992 4.3291308450778345
1993 3.7931479885608943
1994 3.7931479885608943
1995 3.7931479885608943
1996 4.226731913048274
1997 4.226731913048274
1998 4.226731913048274
1999 1.6728872308684604
