0 7.092960375767062
1 7.092960375767062
2 7.092960375767062
3 3.099028558281007
4 1.3011056967722177
5 1.3011056967722177
6 1.3011056967722177
7 0.7339252801761184
8 0.7339252801761184
9 0.7339252801761184
10 0.35050301345677615
11 0.35050301345677615
12 0.35050301345677615
13 0.6032942511814421
14 0.6032942511814421
15 0.6032942511814421
16 0.8333114674809365
17 0.8333114674809365
18 0.8333114674809365
19 1.8094124755729841
20 1.8094124755729841
21 1.8094124755729841
22 0.9190467778215102
23 0.9190467778215102
24 0.9190467778215102
25 1.239543305322337
26 1.239543305322337
27 1.239543305322337
28 1.5321381608199385
29 1.5321381608199385
30 1.5321381608199385
31 0.1
32 0.1
33 1.8121379740649477
34 1.8121379740649477
35 1.8121379740649477
36 1.6723155551067377
37 1.6723155551067377
38 1.6723155551067377
39 2.722998604105928
40 2.722998604105928
41 2.722998604105928
42 3.3773923519657254
43 3.3773923519657254
44 3.3773923519657254
45 4.682401261709434
46 4.682401261709434
47 4.682401261709434
48 3.4450644498837226
49 3.4450644498837226
50 3.4450644498837226
51 1.9297023190259208
52 1.9297023190259208
53 1.4908237379978444
54 1.4908237379978444
55 1.4908237379978444
56 0.3254215850748132
57 0.3254215850748132
58 0.3254215850748132
59 3.8376886336140394
60 3.8376886336140394
61 3.8376886336140394
62 3.1689926700191373
63 3.1689926700191373
64 3.1689926700191373
65 2.575985287812826
66 2.575985287812826
67 2.575985287812826
68 4.118332547186993
69 4.118332547186993
70 4.118332547186993
71 2.4133227455340234
72 2.4133227455340234
73 2.4133227455340234
74 0.9648626956028958
75 0.9648626956028958
76 0.9648626956028958
77 0.8293758470807278
78 1.0327564946430723
79 1.0327564946430723
80 1.0327564946430723
81 1.395691191958827
82 1.395691191958827
83 1.395691191958827
84 2.6567593470428146
85 2.6567593470428146
86 2.6567593470428146
87 0.1
88 0.1
89 0.1
90 2.419489850671831
91 2.419489850671831
92 2.419489850671831
93 1.2803542073419998
94 1.2803542073419998
95 1.2803542073419998
96 0.1
97 0.1
98 0.1
99 2.1003352921482494
100 2.1003352921482494
101 2.1003352921482494
102 2.232825857977289
103 2.232825857977289
104 2.232825857977289
105 1.707886955609899
106 1.707886955609899
107 1.707886955609899
108 1.664074170995797
109 1.664074170995797
110 1.664074170995797
111 1.3249170058159268
112 1.3249170058159268
113 1.3249170058159268
114 2.1105361097705977
115 2.1105361097705977
116 2.1105361097705977
117 2.4832671122680363
118 2.4832671122680363
119 2.4832671122680363
120 0.778144537201888
121 0.778144537201888
122 0.778144537201888
123 1.4950962987723095
124 1.4950962987723095
125 1.4950962987723095
126 1.5576078989718818
127 1.5576078989718818
128 1.5576078989718818
129 1.518550559282112
130 1.518550559282112
131 3.4932811694982866
132 3.4932811694982866
133 3.4932811694982866
134 1.518992587715113
135 1.518992587715113
136 1.518992587715113
137 2.864257816403322
138 2.864257816403322
139 2.864257816403322
140 1.536809598358783
141 1.536809598358783
142 1.536809598358783
143 2.946476409302164
144 2.946476409302164
145 2.946476409302164
146 4.168919699274959
147 4.168919699274959
148 4.168919699274959
149 2.2075565079417014
150 2.2075565079417014
151 2.2075565079417014
152 2.358379727340986
153 2.358379727340986
154 2.358379727340986
155 2.8064280600237295
156 2.8064280600237295
157 2.8064280600237295
158 4.427780383447922
159 4.427780383447922
160 1.1643208018653426
161 1.1643208018653426
162 1.1643208018653426
163 0.7528310752918019
164 0.7528310752918019
165 0.7528310752918019
166 1.112055900527993
167 1.112055900527993
168 1.112055900527993
169 0.8255989564021113
170 0.8255989564021113
171 3.9672135986984074
172 3.9672135986984074
173 3.9672135986984074
174 2.669207649407596
175 2.669207649407596
176 2.669207649407596
177 5.043463978474848
178 0.2954222247955909
179 0.2954222247955909
180 0.2954222247955909
181 1.2161864383455152
182 1.2161864383455152
183 1.2161864383455152
184 1.396907041586705
185 1.396907041586705
186 1.396907041586705
187 0.5853227792501762
188 0.5853227792501762
189 0.5853227792501762
190 1.0817075094820339
191 1.0817075094820339
192 1.0817075094820339
193 1.4638504519085136
194 1.4638504519085136
195 1.4638504519085136
196 0.5230496744954934
197 0.5230496744954934
198 0.5230496744954934
199 0.5290389203917596
200 0.5290389203917596
201 0.5290389203917596
202 0.8882477531457889
203 0.8882477531457889
204 0.8882477531457889
205 1.7539668654488856
206 1.7539668654488856
207 1.7539668654488856
208 0.8668796641904053
209 0.8668796641904053
210 0.8668796641904053
211 1.1692879189937404
212 0.4928753629097275
213 0.4928753629097275
214 0.4928753629097275
215 0.3487117801101881
216 0.3487117801101881
217 0.3487117801101881
218 0.32370565590353634
219 0.32370565590353634
220 0.32370565590353634
221 0.7061261510286249
222 0.7061261510286249
223 0.7061261510286249
224 0.6749592151722482
225 0.6749592151722482
226 0.6749592151722482
227 0.4561960852605683
228 0.4561960852605683
229 0.4561960852605683
230 0.6790494024782379
231 0.6790494024782379
232 0.6790494024782379
233 0.5359594989817645
234 0.5359594989817645
235 0.5359594989817645
236 1.166892083949071
237 1.166892083949071
238 1.166892083949071
239 1.3103076386517107
240 1.3103076386517107
241 1.3103076386517107
242 3.440963286384211
243 3.440963286384211
244 3.440963286384211
245 1.6064290476564138
246 1.6064290476564138
247 1.6064290476564138
248 3.0919711688265052
249 3.0919711688265052
250 3.0919711688265052
251 1.803725411865927
252 1.803725411865927
253 1.803725411865927
254 2.448939899654192
255 2.448939899654192
256 2.448939899654192
257 3.8123584701583058
258 3.8123584701583058
259 3.8123584701583058
260 2.4809266173466504
261 2.4809266173466504
262 2.4809266173466504
263 2.1382006929703286
264 2.1382006929703286
265 2.1382006929703286
266 3.8273915555811735
267 3.8273915555811735
268 3.8273915555811735
269 1.2912778828862241
270 1.2912778828862241
271 1.2912778828862241
272 1.870610870928171
273 1.870610870928171
274 1.870610870928171
275 2.6211578840259775
276 2.6211578840259775
277 2.6211578840259775
278 0.8282198469635131
279 0.8282198469635131
280 0.8282198469635131
281 3.4215030571106655
282 3.4215030571106655
283 3.4215030571106655
284 2.2373251630070197
285 2.2373251630070197
286 2.2373251630070197
287 1.5596909518514739
288 1.5596909518514739
289 1.5596909518514739
290 2.2969219313915743
291 2.2969219313915743
292 2.2969219313915743
293 1.1240039720394646
294 1.1240039720394646
295 1.1240039720394646
296 0.9095685726703251
297 0.9095685726703251
298 0.9095685726703251
299 1.9869756706757409
300 1.9869756706757409
301 1.9869756706757409
302 0.4999441873857473
303 0.4999441873857473
304 0.4999441873857473
305 1.6375207255911148
306 1.6375207255911148
307 1.6375207255911148
308 2.265640363746374
309 2.265640363746374
310 2.265640363746374
311 0.1
312 0.1
313 0.1
314 0.1
315 0.1
316 0.1
317 1.6100317485305742
318 1.6100317485305742
319 1.6100317485305742
320 1.8894676950873257
321 1.8894676950873257
322 1.8894676950873257
323 3.9595273502324657
324 3.9595273502324657
325 3.9595273502324657
326 4.197346159030006
327 4.197346159030006
328 4.197346159030006
329 3.117729805544378
330 3.117729805544378
331 3.117729805544378
332 2.15586866691489
333 2.15586866691489
334 2.15586866691489
335 6.334392112668672
336 6.334392112668672
337 6.334392112668672
338 3.8751590890311136
339 3.8751590890311136
340 3.8751590890311136
341 3.9334449609972575
342 3.9334449609972575
343 3.9334449609972575
344 1.6514556663617626
345 1.6514556663617626
346 1.6514556663617626
347 2.390394355273644
348 2.390394355273644
349 2.390394355273644
350 3.588654431361637
351 3.588654431361637
352 3.588654431361637
353 1.6519587995199791
354 2.1554184887643086
355 2.1554184887643086
356 2.1554184887643086
357 4.261068245348357
358 4.261068245348357
359 4.261068245348357
360 1.3928124194847749
361 1.3928124194847749
362 1.3928124194847749
363 5.205346828966308
364 5.205346828966308
365 5.205346828966308
366 2.725486142509084
367 2.725486142509084
368 2.725486142509084
369 2.5407357930590684
370 0.1
371 0.1
372 0.1
373 0.739216664507465
374 0.739216664507465
375 0.739216664507465
376 1.9805452405348878
377 1.9805452405348878
378 1.9805452405348878
379 0.8597601661171388
380 0.8597601661171388
381 0.8597601661171388
382 0.9453025518027889
383 0.9453025518027889
384 0.9453025518027889
385 1.463829729238697
386 1.463829729238697
387 1.463829729238697
388 2.115899756018198
389 2.115899756018198
390 2.115899756018198
391 1.4865864373624158
392 1.4865864373624158
393 1.4865864373624158
394 1.1182033149813915
395 1.1182033149813915
396 1.1182033149813915
397 1.0467882670697743
398 1.0467882670697743
399 1.0467882670697743
400 0.950991511769151
401 4.060633640235711
402 4.060633640235711
403 4.060633640235711
404 2.8885572966028876
405 2.8885572966028876
406 2.8885572966028876
407 3.6596158495851983
408 3.6596158495851983
409 3.6596158495851983
410 3.250961444353181
411 3.250961444353181
412 3.250961444353181
413 5.827931667218227
414 5.827931667218227
415 5.827931667218227
416 5.48236465066204
417 5.48236465066204
418 5.48236465066204
419 3.1244599726826032
420 3.1244599726826032
421 3.1244599726826032
422 4.337663800429313
423 4.337663800429313
424 4.337663800429313
425 4.702931708562698
426 4.702931708562698
427 4.702931708562698
428 3.3464110061587777
429 3.3464110061587777
430 3.3464110061587777
431 2.554184216786451
432 2.554184216786451
433 2.554184216786451
434 2.9033476671794967
435 2.9033476671794967
436 2.9033476671794967
437 2.432921972569406
438 2.432921972569406
439 2.432921972569406
440 2.0863997845150974
441 2.0863997845150974
442 2.0863997845150974
443 3.353089324505684
444 3.353089324505684
445 3.353089324505684
446 3.6986336740443493
447 3.6986336740443493
448 3.6986336740443493
449 3.5517153742039693
450 3.5517153742039693
451 3.5517153742039693
452 3.8679936270381363
453 3.8679936270381363
454 3.8679936270381363
455 4.307254552913764
456 4.307254552913764
457 4.307254552913764
458 5.899628630683075
459 5.899628630683075
460 5.899628630683075
461 4.372034429298145
462 4.372034429298145
463 4.372034429298145
464 2.6487844721296963
465 2.6487844721296963
466 2.6487844721296963
467 3.1225767077566524
468 3.1225767077566524
469 3.1225767077566524
470 0.7121715113098048
471 0.7121715113098048
472 0.7121715113098048
473 1.5811966027765982
474 1.5811966027765982
475 1.5811966027765982
476 1.4766449983874403
477 1.4766449983874403
478 1.4766449983874403
479 2.8431982864884313
480 2.8431982864884313
481 2.8431982864884313
482 2.9314326908699595
483 2.9314326908699595
484 2.9314326908699595
485 3.0848081058828307
486 3.0848081058828307
487 3.0848081058828307
488 4.106650517513579
489 4.106650517513579
490 4.106650517513579
491 1.894415416299948
492 1.894415416299948
493 1.894415416299948
494 4.689140147388816
495 4.689140147388816
496 4.689140147388816
497 5.004864959166356
498 5.004864959166356
499 5.004864959166356
500 4.747810252362054
501 4.747810252362054
502 4.747810252362054
503 1.7728731150494315
504 1.7728731150494315
505 1.7728731150494315
506 2.0897893630257496
507 2.0897893630257496
508 2.0897893630257496
509 3.0588390836636727
510 3.0588390836636727
511 3.0588390836636727
512 1.7427741437673308
513 1.7427741437673308
514 1.7427741437673308
515 0.509141792528703
516 0.509141792528703
517 0.19082820347754698
518 0.19082820347754698
519 0.19082820347754698
520 0.20571400648024393
521 0.20571400648024393
522 0.20571400648024393
523 0.1521649095378893
524 0.1521649095378893
525 0.1521649095378893
526 0.1
527 0.1
528 0.1
529 0.1
530 0.1
531 0.1
532 0.17549593185009532
533 0.17549593185009532
534 0.17549593185009532
535 0.2820135718875654
536 0.2820135718875654
537 0.2820135718875654
538 3.416530122367639
539 3.416530122367639
540 3.416530122367639
541 2.204633670939854
542 2.204633670939854
543 2.204633670939854
544 5.045486005943343
545 5.045486005943343
546 5.045486005943343
547 3.596015197381987
548 3.596015197381987
549 3.596015197381987
550 3.292875503947662
551 3.292875503947662
552 3.292875503947662
553 3.9773379599900163
554 3.9773379599900163
555 3.9773379599900163
556 3.183315898946735
557 3.183315898946735
558 3.183315898946735
559 2.2217032971254937
560 2.2217032971254937
561 2.2217032971254937
562 0.828251118554572
563 0.828251118554572
564 0.828251118554572
565 1.065549651550131
566 1.065549651550131
567 1.065549651550131
568 0.749824808840416
569 0.749824808840416
570 0.749824808840416
571 1.2561368384600837
572 1.2561368384600837
573 1.2561368384600837
574 1.0845586805908716
575 1.0845586805908716
576 1.0845586805908716
577 0.5947493520411097
578 0.5947493520411097
579 0.5947493520411097
580 1.2248490686870617
581 1.2248490686870617
582 1.2248490686870617
583 0.9809223031913694
584 0.9809223031913694
585 0.9809223031913694
586 1.7425282102063648
587 1.7425282102063648
588 1.7425282102063648
589 1.7560144250092247
590 2.7604718177634453
591 2.7604718177634453
592 2.7604718177634453
593 4.8884653545683365
594 4.8884653545683365
595 4.8884653545683365
596 4.273228322291933
597 4.273228322291933
598 4.273228322291933
599 3.7497853990647436
600 3.7497853990647436
601 3.7497853990647436
602 6.287505433865055
603 6.287505433865055
604 6.287505433865055
605 4.753623543740336
606 4.753623543740336
607 4.753623543740336
608 4.2884040475333425
609 4.2884040475333425
610 4.2884040475333425
611 3.7771645156080726
612 3.7771645156080726
613 3.7771645156080726
614 5.314323380467375
615 5.314323380467375
616 5.314323380467375
617 5.4260737639406615
618 5.4260737639406615
619 5.4260737639406615
620 3.0782237497896277
621 3.0782237497896277
622 3.0782237497896277
623 7.082550005141579
624 7.082550005141579
625 7.082550005141579
626 4.844038388826373
627 4.844038388826373
628 4.844038388826373
629 3.0968325065197844
630 3.0968325065197844
631 3.0968325065197844
632 4.59754238490841
633 4.59754238490841
634 4.59754238490841
635 3.368215280813137
636 2.186796511918869
637 2.186796511918869
638 2.186796511918869
639 3.226199143683455
640 3.226199143683455
641 3.226199143683455
642 3.2051370037803277
643 3.2051370037803277
644 3.2051370037803277
645 1.4895825860685852
646 1.4895825860685852
647 1.4895825860685852
648 2.335748699907007
649 2.335748699907007
650 1.2527245938922051
651 1.0520737845497292
652 2.681266301044485
653 2.681266301044485
654 2.681266301044485
655 2.211882977528089
656 2.211882977528089
657 2.211882977528089
658 1.636901641650129
659 1.636901641650129
660 1.636901641650129
661 2.763534179746035
662 2.763534179746035
663 2.763534179746035
664 1.355132006819975
665 1.355132006819975
666 1.355132006819975
667 2.404322258955343
668 2.404322258955343
669 2.404322258955343
670 2.8293799306828125
671 2.8293799306828125
672 2.8293799306828125
673 2.2679607104351143
674 2.2679607104351143
675 2.2679607104351143
676 1.380352751678986
677 1.380352751678986
678 1.380352751678986
679 2.734434538496023
680 2.734434538496023
681 2.734434538496023
682 1.0156126506857572
683 1.0156126506857572
684 1.0156126506857572
685 2.3109926394195632
686 2.3109926394195632
687 2.3109926394195632
688 2.8030650496857117
689 2.8030650496857117
690 2.8030650496857117
691 1.4809691057059395
692 1.4809691057059395
693 1.4809691057059395
694 0.1
695 0.1
696 0.1
697 2.2303103748779867
698 0.22038855421572068
699 0.22038855421572068
700 0.22038855421572068
701 0.5319407011326192
702 0.5319407011326192
703 0.5319407011326192
704 0.98944852113677
705 0.98944852113677
706 0.98944852113677
707 2.1268382740130303
708 2.1268382740130303
709 2.1268382740130303
710 2.5059527310494834
711 2.5059527310494834
712 2.5059527310494834
713 1.3291585721125538
714 1.3291585721125538
715 1.3291585721125538
716 1.2438622035950284
717 1.2438622035950284
718 1.2438622035950284
719 1.9536872379678996
720 1.9536872379678996
721 1.9536872379678996
722 1.1778248496180592
723 1.1778248496180592
724 1.1778248496180592
725 2.6660707315095746
726 2.6660707315095746
727 2.6660707315095746
728 1.5052136723744207
729 1.5052136723744207
730 1.5052136723744207
731 1.129374065941421
732 1.129374065941421
733 1.129374065941421
734 1.709658497990425
735 1.709658497990425
736 1.709658497990425
737 2.596320051261927
738 2.596320051261927
739 2.596320051261927
740 0.7149773145645547
741 0.7149773145645547
742 0.7149773145645547
743 2.481471869141667
744 2.481471869141667
745 2.481471869141667
746 1.6361141216952642
747 1.6361141216952642
748 1.6361141216952642
749 1.778311545033749
750 1.778311545033749
751 1.778311545033749
752 0.32729525964217254
753 0.32729525964217254
754 0.32729525964217254
755 3.3071609501950654
756 3.3071609501950654
757 3.3071609501950654
758 1.4213699186737814
759 1.4213699186737814
760 1.4213699186737814
761 0.55844517719282
762 0.55844517719282
763 0.55844517719282
764 1.1464233144757856
765 1.1464233144757856
766 2.0385125486896873
767 0.3503941666528929
768 0.3503941666528929
769 0.3503941666528929
770 1.4280184659995976
771 1.4280184659995976
772 1.4280184659995976
773 0.6330734135986208
774 0.6330734135986208
775 0.6330734135986208
776 2.2609064302672683
777 2.2609064302672683
778 2.2609064302672683
779 1.2888114175493586
780 1.2888114175493586
781 1.2888114175493586
782 1.9283642757607686
783 1.9283642757607686
784 1.9283642757607686
785 1.0772663090524874
786 1.0772663090524874
787 1.0772663090524874
788 1.5397167225195751
789 1.5397167225195751
790 1.5397167225195751
791 1.5362421579013175
792 1.5362421579013175
793 1.5362421579013175
794 1.2259342496293428
795 1.2259342496293428
796 1.2259342496293428
797 1.1023284217017357
798 1.1023284217017357
799 1.1023284217017357
800 0.8220785123539243
801 0.8220785123539243
802 0.8220785123539243
803 1.6540250673835586
804 1.6540250673835586
805 1.6540250673835586
806 2.436372771237298
807 2.436372771237298
808 2.436372771237298
809 2.9155388277107184
810 2.9155388277107184
811 2.9155388277107184
812 1.465196819079936
813 1.465196819079936
814 1.465196819079936
815 0.26142764252726614
816 0.26142764252726614
817 0.26142764252726614
818 2.6064516713637143
819 2.6064516713637143
820 2.6064516713637143
821 1.3956563347445403
822 1.3956563347445403
823 1.3956563347445403
824 2.0339521083391308
825 3.5794127040218107
826 3.5794127040218107
827 3.5794127040218107
828 5.732782841997851
829 5.732782841997851
830 5.732782841997851
831 4.46666463518764
832 4.46666463518764
833 4.46666463518764
834 4.707553591260558
835 4.707553591260558
836 4.707553591260558
837 2.792580542282063
838 2.792580542282063
839 2.792580542282063
840 2.503503304944702
841 2.503503304944702
842 2.503503304944702
843 4.145844006662134
844 4.145844006662134
845 4.145844006662134
846 0.7677454924924754
847 0.7677454924924754
848 0.7677454924924754
849 5.5073587582435355
850 5.5073587582435355
851 5.5073587582435355
852 2.5889812669610457
853 2.5889812669610457
854 2.5889812669610457
855 3.8072108666817703
856 3.8072108666817703
857 3.8072108666817703
858 1.948597330525789
859 1.948597330525789
860 1.948597330525789
861 4.64047396207524
862 4.64047396207524
863 4.64047396207524
864 0.5120871176438566
865 0.5120871176438566
866 3.616538857905068
867 3.616538857905068
868 3.616538857905068
869 3.204487510167861
870 3.204487510167861
871 3.204487510167861
872 4.071663419998757
873 4.071663419998757
874 4.071663419998757
875 1.9898483943172334
876 1.9898483943172334
877 3.776157327846168
878 3.776157327846168
879 3.776157327846168
880 1.754971223201404
881 1.754971223201404
882 1.754971223201404
883 5.401615322413832
884 5.401615322413832
885 5.401615322413832
886 4.552142498440442
887 4.552142498440442
888 4.552142498440442
889 4.0925864022901095
890 4.0925864022901095
891 4.0925864022901095
892 2.9442837984695545
893 2.9442837984695545
894 2.9442837984695545
895 1.7183685035814293
896 1.7183685035814293
897 1.7183685035814293
898 3.7278724472600784
899 3.7278724472600784
900 3.7278724472600784
901 2.060059327083156
902 2.060059327083156
903 2.060059327083156
904 4.900151877980643
905 4.900151877980643
906 4.900151877980643
907 0.16378357183028402
908 0.16378357183028402
909 0.16378357183028402
910 2.871262503596554
911 2.871262503596554
912 2.871262503596554
913 1.0717883071480836
914 1.0717883071480836
915 1.0717883071480836
916 2.9484594220919265
917 2.9484594220919265
918 2.9484594220919265
919 1.293474062960679
920 1.293474062960679
921 1.293474062960679
922 2.159583249369201
923 2.159583249369201
924 2.159583249369201
925 2.7134400865504813
926 2.7134400865504813
927 2.7134400865504813
928 1.364031534225156
929 1.364031534225156
930 1.364031534225156
931 2.8470775628591807
932 0.1
933 0.1
934 0.1
935 1.8444018434848948
936 1.8444018434848948
937 1.8444018434848948
938 1.7860251980178594
939 1.7860251980178594
940 1.7860251980178594
941 1.9393456865847718
942 1.9393456865847718
943 1.9393456865847718
944 2.265022916368442
945 2.265022916368442
946 2.265022916368442
947 1.0247807257677817
948 1.0247807257677817
949 1.0247807257677817
950 2.089248627676259
951 2.089248627676259
952 2.089248627676259
953 1.5131138466491165
954 1.5131138466491165
955 1.5131138466491165
956 1.4490602184063346
957 1.4490602184063346
958 1.4490602184063346
959 2.008669700454405
960 2.008669700454405
961 2.008669700454405
962 2.1933193764089713
963 2.1933193764089713
964 2.1933193764089713
965 0.1
966 0.1
967 0.1
968 1.1279297521133933
969 1.1279297521133933
970 1.1279297521133933
971 0.8842974811686437
972 0.8842974811686437
973 0.8842974811686437
974 2.566807774843129
975 2.566807774843129
976 2.566807774843129
977 1.5347663951647308
978 1.5347663951647308
979 1.5347663951647308
980 2.160462754791706
981 2.160462754791706
982 2.160462754791706
983 2.486746823804497
984 2.486746823804497
985 2.486746823804497
986 0.423216781100205
987 0.423216781100205
988 0.423216781100205
989 1.6951501149087138
990 1.6951501149087138
991 1.6951501149087138
992 2.5244113068453915
993 2.5244113068453915
994 2.5244113068453915
995 2.349985744667141
996 2.349985744667141
997 2.349985744667141
998 2.3190885113623922
999 2.3190885113623922
1000 2.3190885113623922
1001 1.5818794067641089
1002 1.5818794067641089
1003 1.5818794067641089
1004 2.1222770566583264
1005 2.1222770566583264
1006 1.4175404621937613
1007 1.4175404621937613
1008 1.4175404621937613
1009 1.5134005940032624
1010 1.5134005940032624
1011 1.5134005940032624
1012 2.1831382281341005
1013 2.1831382281341005
1014 2.1831382281341005
1015 4.149538265746502
1016 4.149538265746502
1017 4.149538265746502
1018 2.1444053518727246
1019 2.1444053518727246
1020 2.1444053518727246
1021 3.06978564913071
1022 3.06978564913071
1023 3.06978564913071
1024 3.7192811802327634
1025 3.7192811802327634
1026 3.7192811802327634
1027 1.334352287584972
1028 1.334352287584972
1029 1.334352287584972
1030 0.8364482060300098
1031 0.8364482060300098
1032 0.8364482060300098
1033 0.9919052626114162
1034 0.9919052626114162
1035 0.9919052626114162
1036 4.150983512206212
1037 4.150983512206212
1038 4.150983512206212
1039 3.7856599880728776
1040 3.7856599880728776
1041 3.7856599880728776
1042 4.662708746397102
1043 4.662708746397102
1044 4.662708746397102
1045 4.758818494390448
1046 4.758818494390448
1047 4.758818494390448
1048 3.647603465382221
1049 3.647603465382221
1050 3.647603465382221
1051 4.111663283991566
1052 4.111663283991566
1053 4.111663283991566
1054 1.6659487961090282
1055 1.6659487961090282
1056 1.6659487961090282
1057 3.5395454885868736
1058 3.5395454885868736
1059 3.5395454885868736
1060 1.8870982610231999
1061 0.6466758011955656
1062 0.6466758011955656
1063 0.6466758011955656
1064 1.3011252710638999
1065 1.3011252710638999
1066 1.3011252710638999
1067 0.5999120490099025
1068 0.5999120490099025
1069 0.5999120490099025
1070 1.325197444604534
1071 1.325197444604534
1072 1.325197444604534
1073 1.4439035015293944
1074 1.4439035015293944
1075 1.4439035015293944
1076 0.3060901354633535
1077 0.3060901354633535
1078 0.3060901354633535
1079 4.403982402016834
1080 4.403982402016834
1081 4.403982402016834
1082 2.509431492751615
1083 2.509431492751615
1084 2.509431492751615
1085 1.182036463280939
1086 1.182036463280939
1087 0.40589884024648015
1088 0.40589884024648015
1089 0.40589884024648015
1090 0.5588750271217184
1091 0.5588750271217184
1092 0.5588750271217184
1093 0.7542122948561916
1094 0.7542122948561916
1095 0.7542122948561916
1096 0.8698252031296962
1097 0.8698252031296962
1098 0.8698252031296962
1099 0.30478868247462104
1100 0.30478868247462104
1101 0.30478868247462104
1102 0.2917412884304106
1103 0.2917412884304106
1104 0.2917412884304106
1105 0.6731358466407479
1106 0.6731358466407479
1107 0.6731358466407479
1108 0.5229142326214037
1109 0.5229142326214037
1110 0.5229142326214037
1111 0.3387897467193759
1112 0.3387897467193759
1113 0.3387897467193759
1114 0.6405608216107893
1115 0.6405608216107893
1116 0.6405608216107893
1117 0.62965728189136
1118 0.62965728189136
1119 0.62965728189136
1120 0.34028445772757077
1121 0.34028445772757077
1122 0.34028445772757077
1123 0.8771940098844728
1124 0.8771940098844728
1125 0.8771940098844728
1126 0.17373770265235378
1127 0.17373770265235378
1128 0.17373770265235378
1129 0.9514141504762791
1130 0.9514141504762791
1131 0.9514141504762791
1132 0.28315441801196783
1133 0.28315441801196783
1134 0.28315441801196783
1135 0.6333009887046752
1136 0.6333009887046752
1137 0.6333009887046752
1138 0.5825263285095161
1139 0.5825263285095161
1140 0.5825263285095161
1141 0.45227729328426525
1142 0.45227729328426525
1143 0.45227729328426525
1144 0.6914367252642497
1145 0.6914367252642497
1146 0.1
1147 0.1
1148 0.1
1149 1.5908154213692978
1150 1.5908154213692978
1151 1.5908154213692978
1152 1.2533983556236492
1153 1.2533983556236492
1154 1.2533983556236492
1155 1.1558863633557386
1156 1.1558863633557386
1157 1.1558863633557386
1158 0.9933996027047469
1159 2.6806579243244797
1160 2.6806579243244797
1161 2.6806579243244797
1162 1.650862083723943
1163 1.650862083723943
1164 1.650862083723943
1165 4.368723588217888
1166 4.368723588217888
1167 4.368723588217888
1168 3.2012758966462553
1169 3.2012758966462553
1170 1.0662643866613435
1171 1.0662643866613435
1172 1.0662643866613435
1173 1.7116390103768528
1174 1.7116390103768528
1175 1.7116390103768528
1176 0.9163959322081062
1177 0.9163959322081062
1178 0.9163959322081062
1179 0.6335448582404979
1180 0.6335448582404979
1181 0.6335448582404979
1182 1.1935604862324503
1183 2.7348895711512964
1184 2.7348895711512964
1185 2.7348895711512964
1186 0.7332787432309502
1187 0.7332787432309502
1188 0.7332787432309502
1189 2.026644548945093
1190 2.026644548945093
1191 2.026644548945093
1192 2.4909843841076995
1193 2.4909843841076995
1194 2.4909843841076995
1195 2.5837236380722697
1196 2.5837236380722697
1197 2.5837236380722697
1198 3.2585465450439024
1199 3.2585465450439024
1200 3.2585465450439024
1201 2.0322283018079332
1202 2.0322283018079332
1203 2.0322283018079332
1204 3.3596171925966973
1205 3.3596171925966973
1206 3.3596171925966973
1207 1.7061075130435417
1208 1.7061075130435417
1209 1.7061075130435417
1210 2.2980355335507543
1211 2.2980355335507543
1212 2.2980355335507543
1213 1.4617277140632696
1214 1.4617277140632696
1215 1.4617277140632696
1216 3.0347654631206598
1217 3.0347654631206598
1218 3.0347654631206598
1219 2.099945451530423
1220 2.099945451530423
1221 2.099945451530423
1222 3.146156844829131
1223 3.146156844829131
1224 3.146156844829131
1225 1.7496153052945194
1226 1.7496153052945194
1227 1.7496153052945194
1228 3.8065993928008766
1229 3.8065993928008766
1230 3.8065993928008766
1231 0.7246022700816539
1232 0.7246022700816539
1233 0.7246022700816539
1234 1.054868266314233
1235 1.054868266314233
1236 1.054868266314233
1237 0.1
1238 0.1
1239 0.1
1240 2.519551509575171
1241 2.519551509575171
1242 2.519551509575171
1243 2.193795469567508
1244 2.193795469567508
1245 2.193795469567508
1246 5.023402169573906
1247 5.023402169573906
1248 5.023402169573906
1249 3.7624937762365063
1250 3.7624937762365063
1251 3.7624937762365063
1252 1.715141971945081
1253 1.715141971945081
1254 1.715141971945081
1255 0.7646343551704295
1256 0.7646343551704295
1257 0.7646343551704295
1258 1.0945121927275523
1259 1.0945121927275523
1260 1.0945121927275523
1261 3.3009704479951716
1262 3.3009704479951716
1263 3.3009704479951716
1264 2.517010797620034
1265 2.517010797620034
1266 2.517010797620034
1267 2.0241029376683546
1268 2.0241029376683546
1269 2.0241029376683546
1270 4.473104912244586
1271 4.473104912244586
1272 4.473104912244586
1273 2.5315977714122306
1274 2.5315977714122306
1275 2.5315977714122306
1276 2.376585220805524
1277 2.376585220805524
1278 2.376585220805524
1279 3.9908297490740896
1280 3.9908297490740896
1281 3.9908297490740896
1282 2.8405387209924213
1283 2.8405387209924213
1284 2.8405387209924213
1285 3.5244789100044063
1286 3.5244789100044063
1287 3.5244789100044063
1288 2.8852563573855368
1289 2.8852563573855368
1290 2.8852563573855368
1291 3.2815905014704514
1292 3.2815905014704514
1293 3.2815905014704514
1294 2.2063977344154004
1295 2.2063977344154004
1296 2.2063977344154004
1297 1.389552299718145
1298 1.389552299718145
1299 1.389552299718145
1300 0.1
1301 0.1
1302 0.1
1303 2.723019811186253
1304 2.723019811186253
1305 2.723019811186253
1306 2.168567173758972
1307 2.168567173758972
1308 2.168567173758972
1309 2.9836746009960047
1310 2.9836746009960047
1311 2.9836746009960047
1312 2.3742651992130717
1313 2.3742651992130717
1314 2.3742651992130717
1315 2.0947650049200046
1316 2.0947650049200046
1317 2.0947650049200046
1318 5.389137275871438
1319 5.389137275871438
1320 5.389137275871438
1321 4.618482170137924
1322 4.618482170137924
1323 4.618482170137924
1324 2.9233609844207935
1325 2.9233609844207935
1326 2.9233609844207935
1327 0.7430215537265517
1328 0.7430215537265517
1329 0.7430215537265517
1330 1.4916548250034931
1331 1.4916548250034931
1332 1.4916548250034931
1333 0.9957093987898648
1334 0.9957093987898648
1335 0.9957093987898648
1336 1.2607029938920469
1337 1.2607029938920469
1338 1.2607029938920469
1339 1.1210010590093569
1340 1.1210010590093569
1341 1.1210010590093569
1342 1.935961225732657
1343 1.935961225732657
1344 1.935961225732657
1345 2.3096997698705404
1346 2.3096997698705404
1347 2.3096997698705404
1348 3.0959274273031228
1349 3.0959274273031228
1350 3.0959274273031228
1351 1.350465375687048
1352 1.350465375687048
1353 1.350465375687048
1354 3.1063283207323886
1355 3.1063283207323886
1356 3.1063283207323886
1357 2.372200549607349
1358 2.372200549607349
1359 2.372200549607349
1360 2.7413750537555597
1361 2.7413750537555597
1362 2.7413750537555597
1363 1.3229711703410607
1364 1.3229711703410607
1365 1.3229711703410607
1366 3.0243640171249293
1367 3.0243640171249293
1368 3.0243640171249293
1369 3.6571741246279705
1370 3.6571741246279705
1371 3.6571741246279705
1372 2.6813073337413034
1373 2.6813073337413034
1374 2.6813073337413034
1375 6.16887009217273
1376 6.16887009217273
1377 6.16887009217273
1378 4.914459566707231
1379 4.914459566707231
1380 4.914459566707231
1381 0.45607056222183795
1382 0.45607056222183795
1383 1.157440582923702
1384 1.157440582923702
1385 1.157440582923702
1386 0.1
1387 0.1
1388 0.1
1389 0.5864444680673939
1390 0.5864444680673939
1391 0.5864444680673939
1392 0.46631831745763863
1393 0.46631831745763863
1394 3.3434153702131146
1395 3.3434153702131146
1396 3.3434153702131146
1397 3.0434384092041973
1398 3.0434384092041973
1399 3.0434384092041973
1400 3.0372457501617536
1401 3.0372457501617536
1402 3.0372457501617536
1403 4.938917848539012
1404 4.938917848539012
1405 4.938917848539012
1406 3.3201010337272896
1407 3.3201010337272896
1408 3.3201010337272896
1409 4.7883609254653425
1410 4.7883609254653425
1411 4.7883609254653425
1412 3.615557240930781
1413 3.615557240930781
1414 3.615557240930781
1415 1.1518093954001123
1416 1.1518093954001123
1417 1.1518093954001123
1418 0.7213480296860877
1419 0.7213480296860877
1420 0.7213480296860877
1421 4.949959296665441
1422 4.949959296665441
1423 4.949959296665441
1424 2.705142789121461
1425 2.705142789121461
1426 2.705142789121461
1427 4.351424977411048
1428 4.351424977411048
1429 4.351424977411048
1430 3.448873429572102
1431 3.448873429572102
1432 3.448873429572102
1433 2.4299443213322522
1434 2.4299443213322522
1435 2.4299443213322522
1436 3.6070047679300488
1437 3.6070047679300488
1438 3.6070047679300488
1439 4.858636888973274
1440 4.858636888973274
1441 4.858636888973274
1442 0.8340311887386158
1443 0.8340311887386158
1444 0.8340311887386158
1445 2.8318670766133915
1446 2.8318670766133915
1447 2.8318670766133915
1448 3.1913064080589084
1449 3.1913064080589084
1450 3.1913064080589084
1451 4.610454361410017
1452 4.610454361410017
1453 4.610454361410017
1454 5.61268593866226
1455 5.61268593866226
1456 5.61268593866226
1457 6.224708850730233
1458 6.224708850730233
1459 6.224708850730233
1460 1.7761556917847758
1461 1.7761556917847758
1462 1.7761556917847758
1463 3.8529387085508264
1464 3.8529387085508264
1465 3.8529387085508264
1466 4.57088667127821
1467 4.57088667127821
1468 4.57088667127821
1469 3.3884219548229653
1470 3.3884219548229653
1471 3.3884219548229653
1472 3.984747977648525
1473 3.984747977648525
1474 3.984747977648525
1475 4.0321115975590684
1476 4.0321115975590684
1477 4.0321115975590684
1478 5.076317983088995
1479 5.076317983088995
1480 0.7193160482938916
1481 0.7193160482938916
1482 0.7193160482938916
1483 0.5273828725371323
1484 0.5273828725371323
1485 0.5273828725371323
1486 0.7597064599853497
1487 0.7597064599853497
1488 0.7597064599853497
1489 0.8402803457813178
1490 0.8402803457813178
1491 0.8402803457813178
1492 0.796340776387896
1493 0.796340776387896
1494 0.796340776387896
1495 1.1424253543227858
1496 1.1424253543227858
1497 1.1424253543227858
1498 2.2592511633695334
1499 2.2592511633695334
1500 2.2592511633695334
1501 2.033302123279765
1502 2.033302123279765
1503 2.033302123279765
1504 1.8951319405845104
1505 1.8951319405845104
1506 1.8951319405845104
1507 1.8329684143284133
1508 1.8329684143284133
1509 1.8329684143284133
1510 2.1607674290343724
1511 2.1607674290343724
1512 4.718524650151522
1513 4.718524650151522
1514 4.718524650151522
1515 2.6805004051709393
1516 2.6805004051709393
1517 2.6805004051709393
1518 3.891460079125964
1519 3.891460079125964
1520 3.891460079125964
1521 1.0629781969876828
1522 1.0629781969876828
1523 1.0629781969876828
1524 2.933460221473888
1525 2.933460221473888
1526 2.933460221473888
1527 5.093429853216866
1528 5.093429853216866
1529 5.093429853216866
1530 4.4326399511063315
1531 4.4326399511063315
1532 4.4326399511063315
1533 0.1
1534 0.1
1535 0.1
1536 2.131176053158768
1537 2.131176053158768
1538 2.131176053158768
1539 4.389118045586758
1540 4.389118045586758
1541 4.389118045586758
1542 3.7377827403387807
1543 3.7377827403387807
1544 3.7377827403387807
1545 4.111287846690967
1546 4.111287846690967
1547 4.111287846690967
1548 3.962708819100159
1549 3.962708819100159
1550 3.962708819100159
1551 3.6357675567804733
1552 3.6357675567804733
1553 3.6357675567804733
1554 1.7905409502849847
1555 1.7905409502849847
1556 1.7905409502849847
1557 4.8960376166910375
1558 4.8960376166910375
1559 4.8960376166910375
1560 0.1
1561 0.1
1562 0.1
1563 2.271007328021667
1564 2.271007328021667
1565 2.271007328021667
1566 2.470856888390726
1567 2.470856888390726
1568 2.470856888390726
1569 3.2608281533558308
1570 3.2608281533558308
1571 3.2608281533558308
1572 5.085479140615316
1573 5.085479140615316
1574 5.085479140615316
1575 6.245437946019208
1576 6.245437946019208
1577 6.245437946019208
1578 5.294918534430398
1579 5.294918534430398
1580 5.294918534430398
1581 2.9631366238453327
1582 2.9631366238453327
1583 2.9631366238453327
1584 2.498036780049449
1585 2.498036780049449
1586 2.498036780049449
1587 3.8819860414588323
1588 3.8819860414588323
1589 3.8819860414588323
1590 4.131198212825775
1591 4.131198212825775
1592 4.131198212825775
1593 1.1392731508069192
1594 1.1392731508069192
1595 1.1392731508069192
1596 2.6054643375764766
1597 2.6054643375764766
1598 2.6054643375764766
1599 1.734783352997999
1600 1.734783352997999
1601 1.734783352997999
1602 3.2211157309696543
1603 3.2211157309696543
1604 3.2211157309696543
1605 1.5153603598086154
1606 1.5153603598086154
1607 1.5153603598086154
1608 3.894090494368342
1609 3.894090494368342
1610 3.894090494368342
1611 4.091605352135156
1612 4.091605352135156
1613 4.091605352135156
1614 4.052810652221911
1615 4.052810652221911
1616 4.052810652221911
1617 4.739478375719257
1618 4.739478375719257
1619 4.739478375719257
1620 0.8782641037897156
1621 0.8782641037897156
1622 0.8782641037897156
1623 1.7018465631506452
1624 1.7018465631506452
1625 0.2667526778346341
1626 0.2667526778346341
1627 0.2667526778346341
1628 1.6094762327409793
1629 2.8726678973108015
1630 2.8726678973108015
1631 2.8726678973108015
1632 0.5520644559650854
1633 1.0265393164670666
1634 1.0265393164670666
1635 1.0265393164670666
1636 3.8556036556181263
1637 3.8556036556181263
1638 3.8556036556181263
1639 4.259168571141549
1640 4.259168571141549
1641 4.259168571141549
1642 5.799014389429685
1643 5.799014389429685
1644 5.799014389429685
1645 2.8478646069262274
1646 2.8478646069262274
1647 2.8478646069262274
1648 1.841638229700282
1649 1.841638229700282
1650 1.841638229700282
1651 2.237410362341076
1652 2.237410362341076
1653 2.237410362341076
1654 7.0491003971090915
1655 7.0491003971090915
1656 7.0491003971090915
1657 5.347523963158821
1658 5.347523963158821
1659 5.347523963158821
1660 3.3814880289905
1661 3.3814880289905
1662 3.3814880289905
1663 2.3691956329402792
1664 2.3691956329402792
1665 2.3691956329402792
1666 3.4591625296371364
1667 3.4591625296371364
1668 3.4591625296371364
1669 3.3410411930872757
1670 3.3410411930872757
1671 3.3410411930872757
1672 3.570806566915481
1673 3.570806566915481
1674 3.570806566915481
1675 3.7402862389912634
1676 3.7402862389912634
1677 3.7402862389912634
1678 3.8368987871859943
1679 3.8368987871859943
1680 3.8368987871859943
1681 2.5594650637503213
1682 2.5594650637503213
1683 2.5594650637503213
1684 2.462966712539224
1685 2.462966712539224
1686 2.462966712539224
1687 3.5738064494869026
1688 3.5738064494869026
1689 3.5738064494869026
1690 1.267870844151095
1691 1.267870844151095
1692 1.267870844151095
1693 4.174678089343666
1694 4.174678089343666
1695 4.174678089343666
1696 4.568991694656127
1697 4.568991694656127
1698 4.568991694656127
1699 3.713089838987225
1700 3.713089838987225
1701 3.713089838987225
1702 4.4248480701857185
1703 4.4248480701857185
1704 4.4248480701857185
1705 4.0807650495062635
1706 4.0807650495062635
1707 4.0807650495062635
1708 3.619962702793571
1709 3.619962702793571
1710 3.619962702793571
1711 0.3799836993166794
1712 0.3799836993166794
1713 0.3799836993166794
1714 2.2836298196983447
1715 2.2836298196983447
1716 2.2836298196983447
1717 4.805135669693125
1718 4.805135669693125
1719 4.805135669693125
1720 1.1882926523158739
1721 1.1882926523158739
1722 1.1882926523158739
1723 0.4544240673091733
1724 0.4544240673091733
1725 0.4544240673091733
1726 3.9692768561616867
1727 3.9692768561616867
1728 3.9692768561616867
1729 4.077030199979811
1730 4.077030199979811
1731 4.077030199979811
1732 3.1046143796891195
1733 3.1046143796891195
1734 3.1046143796891195
1735 3.8072490293662695
1736 3.8072490293662695
1737 3.8072490293662695
1738 3.5301676737429055
1739 3.5301676737429055
1740 3.5301676737429055
1741 5.602651198575822
1742 5.602651198575822
1743 5.602651198575822
1744 3.4369309970993975
1745 3.4369309970993975
1746 3.4369309970993975
1747 5.482177220270922
1748 5.482177220270922
1749 5.482177220270922
1750 2.314706413072132
1751 2.314706413072132
1752 2.314706413072132
1753 3.4622055335891933
1754 3.4622055335891933
1755 3.4622055335891933
1756 2.9449035331216806
1757 2.9449035331216806
1758 2.9449035331216806
1759 1.6638569821573164
1760 1.6638569821573164
1761 1.6638569821573164
1762 1.3510799707889256
1763 1.3510799707889256
1764 1.3510799707889256
1765 2.184120302066791
1766 2.184120302066791
1767 2.184120302066791
1768 1.9597751981212295
1769 1.9597751981212295
1770 1.9597751981212295
1771 0.2859749892232597
1772 0.2859749892232597
1773 0.2859749892232597
1774 3.955979923781525
1775 3.955979923781525
1776 3.955979923781525
1777 4.314024032432627
1778 4.314024032432627
1779 4.314024032432627
1780 2.3640068453452043
1781 2.3640068453452043
1782 2.3640068453452043
1783 6.343238519321098
1784 6.343238519321098
1785 6.343238519321098
1786 3.216779429294518
1787 3.216779429294518
1788 3.216779429294518
1789 3.0671008673324667
1790 3.0671008673324667
1791 3.0671008673324667
1792 2.3599501889826504
1793 2.3599501889826504
1794 2.3599501889826504
1795 3.8708590345856964
1796 3.8708590345856964
1797 3.8708590345856964
1798 2.197997025531384
1799 2.197997025531384
1800 2.197997025531384
1801 2.2668477332175163
1802 2.2668477332175163
1803 2.2668477332175163
1804 2.022150999109493
1805 2.022150999109493
1806 2.022150999109493
1807 4.999218929804632
1808 4.999218929804632
1809 4.999218929804632
1810 3.6981229966304223
1811 4.5061055425239855
1812 4.5061055425239855
1813 4.5061055425239855
1814 2.7031107661308997
1815 2.7031107661308997
1816 2.7031107661308997
1817 3.8853861939579573
1818 3.8853861939579573
1819 3.8853861939579573
1820 0.8333104194809038
1821 0.8333104194809038
1822 0.8333104194809038
1823 8.087135381795399
1824 8.087135381795399
1825 8.087135381795399
1826 4.958325988673401
1827 4.958325988673401
1828 4.958325988673401
1829 3.4565329158063545
1830 3.4565329158063545
1831 3.4565329158063545
1832 3.6001527554384314
1833 3.6001527554384314
1834 3.6001527554384314
1835 2.5446115712520934
1836 2.5446115712520934
1837 2.5446115712520934
1838 2.3616288809502164
1839 2.3616288809502164
1840 2.3616288809502164
1841 6.879158971957224
1842 6.879158971957224
1843 6.879158971957224
1844 5.221068628586246
1845 5.221068628586246
1846 5.221068628586246
1847 3.935383856715109
1848 3.935383856715109
1849 3.935383856715109
1850 3.4457532654139205
1851 3.4457532654139205
1852 3.4457532654139205
1853 4.601741893901424
1854 4.601741893901424
1855 4.601741893901424
1856 4.892733771005923
1857 4.892733771005923
1858 4.892733771005923
1859 0.1
1860 0.1
1861 0.1
1862 4.078650183778177
1863 4.078650183778177
1864 4.078650183778177
1865 5.1075494206876275
1866 5.1075494206876275
1867 5.1075494206876275
1868 4.381412980671407
1869 4.381412980671407
1870 4.381412980671407
1871 3.1256174489230233
1872 3.1256174489230233
1873 3.1256174489230233
1874 3.820925762201643
1875 3.820925762201643
1876 3.820925762201643
1877 0.5073309063124465
1878 0.5073309063124465
1879 0.5073309063124465
1880 3.884308542358107
1881 3.884308542358107
1882 3.884308542358107
1883 5.635897297229441
1884 5.635897297229441
1885 5.635897297229441
1886 4.0877636512450115
1887 4.0877636512450115
1888 4.0877636512450115
1889 5.346671505127579
1890 5.346671505127579
1891 5.346671505127579
1892 4.3091334983610246
1893 4.3091334983610246
1894 4.3091334983610246
1895 6.204416072772173
1896 6.204416072772173
1897 6.204416072772173
1898 6.194162284647984
1899 6.194162284647984
1900 6.194162284647984
1901 3.390633226313862
1902 3.390633226313862
1903 3.390633226313862
1904 3.7435631875127986
1905 3.7435631875127986
1906 3.7435631875127986
1907 1.1925932115255868
1908 1.1925932115255868
1909 1.1925932115255868
1910 4.515151544388761
1911 4.515151544388761
1912 4.515151544388761
1913 2.4309384890377146
1914 2.4309384890377146
1915 5.37588191449424
1916 5.37588191449424
1917 5.37588191449424
1918 8.83808195098717
1919 8.83808195098717
1920 8.83808195098717
1921 2.728151362449947
1922 2.728151362449947
1923 2.728151362449947
1924 3.1943559733114246
1925 3.1943559733114246
1926 3.1943559733114246
1927 1.2234883922353235
1928 1.2234883922353235
1929 1.2234883922353235
1930 1.207228615223649
1931 1.207228615223649
1932 1.207228615223649
1933 2.059886964375934
1934 2.059886964375934
1935 2.059886964375934
1936 0.1
1937 0.1
1938 0.1
1939 1.6848913282204399
1940 1.6848913282204399
1941 1.6848913282204399
1942 3.0169251579787693
1943 3.0169251579787693
1944 3.0169251579787693
1945 1.4543320984611867
1946 1.4543320984611867
1947 1.4543320984611867
1948 3.49217345225317
1949 3.49217345225317
1950 3.49217345225317
1951 2.156000964017109
1952 2.156000964017109
1953 2.156000964017109
1954 2.7747245180373303
1955 2.7747245180373303
1956 2.7747245180373303
1957 0.24364851778364346
1958 0.24364851778364346
1959 0.24364851778364346
1960 0.25726451821585505
1961 0.25726451821585505
1962 0.25726451821585505
1963 0.24420264701934702
1964 0.24420264701934702
1965 0.24420264701934702
1966 3.0455108873060786
1967 3.0455108873060786
1968 3.0455108873060786
1969 1.3982478011722947
1970 1.3982478011722947
1971 1.3982478011722947
1972 4.001269470297413
1973 4.001269470297413
1974 4.001269470297413
1975 2.9400278754139735
1976 2.9400278754139735
1977 2.9400278754139735
1978 5.29834547399753
1979 5.29834547399753
1980 5.29834547399753
1981 5.012986117372659
1982 5.012986117372659
1983 5.012986117372659
1984 3.635664026000829
1985 2.2452915557951325
1986 2.2452915557951325
1987 2.2452915557951325
1988 2.697613034200632
1989 2.697613034200632
1990 2.697613034200632
1991 0.1
1992 0.1
1993 0.1
1994 3.6829953920120886
1995 3.6829953920120886
1996 3.6829953920120886
1997 2.8677829854848493
1998 2.8677829854848493
1999 2.8677829854848493
