0 0.6837837517601457
1 0.6837837517601457
2 0.6837837517601457
3 0.6395580839818344
4 0.6395580839818344
5 0.6395580839818344
6 0.5756712454679417
7 0.5756712454679417
8 0.5756712454679417
9 0.7146205990737026
10 0.7146205990737026
11 0.7146205990737026
12 0.6374681460452074
13 0.6374681460452074
14 0.6374681460452074
15 0.6477212398224163
16 0.6477212398224163
17 0.6477212398224163
18 0.7536458180695412
19 0.7536458180695412
20 0.7536458180695412
21 0.5177014103216888
22 0.5177014103216888
23 0.5177014103216888
24 0.7803090802102829
25 0.7803090802102829
26 0.7803090802102829
27 0.6438049456765069
28 0.6438049456765069
29 0.6438049456765069
30 0.846840072570395
31 0.846840072570395
32 0.846840072570395
33 0.7883544082329044
34 0.7883544082329044
35 0.7883544082329044
36 0.5934714226894918
37 0.5934714226894918
38 0.5934714226894918
39 0.6194835015059502
40 0.6194835015059502
41 0.6194835015059502
42 0.586651350433132
43 0.586651350433132
44 0.586651350433132
45 0.633777013605827
46 0.633777013605827
47 0.633777013605827
48 0.56263421326078
49 0.56263421326078
50 0.56263421326078
51 0.6659295138294261
52 0.6659295138294261
53 0.6659295138294261
54 0.5994086956825463
55 0.5994086956825463
56 0.5994086956825463
57 0.6178818277557678
58 0.6178818277557678
59 0.6178818277557678
60 0.5949073962468441
61 0.5949073962468441
62 0.5949073962468441
63 0.5594725165469828
64 0.5594725165469828
65 0.5594725165469828
66 0.6253333125667574
67 0.6253333125667574
68 0.6253333125667574
69 0.7778964320478583
70 0.7778964320478583
71 0.7778964320478583
72 0.20274681021999616
73 0.20274681021999616
74 0.20274681021999616
75 0.1826979362014998
76 0.1826979362014998
77 0.1826979362014998
78 0.1957364767776532
79 0.1957364767776532
80 0.1957364767776532
81 0.2350088879760394
82 0.2350088879760394
83 0.2350088879760394
84 0.18626513504386058
85 0.18626513504386058
86 0.18626513504386058
87 0.16837629539179072
88 0.16837629539179072
89 0.16837629539179072
90 0.1886563695937772
91 0.1886563695937772
92 0.1886563695937772
93 0.2180450345917842
94 0.2180450345917842
95 4.126529564373293
96 4.126529564373293
97 4.126529564373293
98 3.0613399791609126
99 3.0613399791609126
100 3.0613399791609126
101 3.1149821906878707
102 3.1149821906878707
103 3.1149821906878707
104 2.050241490059868
105 2.050241490059868
106 2.050241490059868
107 2.1160667901027552
108 2.1160667901027552
109 2.1160667901027552
110 1.8854923305185378
111 1.8854923305185378
112 1.8854923305185378
113 1.7341282613861537
114 1.7341282613861537
115 1.7341282613861537
116 1.9463185846254838
117 1.9463185846254838
118 1.9463185846254838
119 1.7759016722769243
120 1.7759016722769243
121 1.7759016722769243
122 1.8597945647807375
123 1.8597945647807375
124 1.8597945647807375
125 1.9879919302324005
126 1.9879919302324005
127 1.9879919302324005
128 1.9656659779721741
129 1.9656659779721741
130 1.9656659779721741
131 2.1918262481633812
132 2.1918262481633812
133 2.1918262481633812
134 1.726570116774007
135 1.726570116774007
136 1.726570116774007
137 2.235014933697013
138 2.235014933697013
139 2.235014933697013
140 2.4822002168380184
141 2.4822002168380184
142 2.4822002168380184
143 2.583482520815301
144 2.583482520815301
145 2.583482520815301
146 2.3829482354019254
147 2.3829482354019254
148 2.3829482354019254
149 2.4877648523061677
150 2.4877648523061677
151 2.4877648523061677
152 2.0764215508566326
153 2.0764215508566326
154 2.0764215508566326
155 2.6291033159710056
156 2.6291033159710056
157 2.6291033159710056
158 2.3094405278420203
159 2.3094405278420203
160 2.3094405278420203
161 2.362149846468051
162 2.362149846468051
163 2.362149846468051
164 2.582738851356738
165 2.582738851356738
166 2.582738851356738
167 2.9720373828506794
168 2.9720373828506794
169 2.9720373828506794
170 2.721385331478181
171 2.721385331478181
172 2.721385331478181
173 2.582658197703864
174 2.582658197703864
175 2.582658197703864
176 2.4773287745148758
177 2.4773287745148758
178 2.4773287745148758
179 1.984032223926704
180 1.984032223926704
181 1.984032223926704
182 2.462876206400205
183 2.462876206400205
184 2.462876206400205
185 2.272061750214515
186 2.272061750214515
187 2.272061750214515
188 3.0656347127088965
189 3.0656347127088965
190 3.0656347127088965
191 2.789339765258126
192 2.789339765258126
193 2.789339765258126
194 2.4428792767592284
195 2.4428792767592284
196 2.4428792767592284
197 0.7003873390297011
198 0.7003873390297011
199 0.7003873390297011
200 0.5832123471140261
201 0.5832123471140261
202 0.5832123471140261
203 0.6176217841626508
204 0.6176217841626508
205 0.6176217841626508
206 0.60605485398582
207 0.60605485398582
208 0.60605485398582
209 0.6166152927799222
210 0.6166152927799222
211 0.6166152927799222
212 0.5332803083968908
213 0.5332803083968908
214 0.5332803083968908
215 0.6824559254331918
216 0.6824559254331918
217 0.6824559254331918
218 0.6126094027993072
219 0.6126094027993072
220 0.6126094027993072
221 0.5762110125901744
222 0.5762110125901744
223 0.5762110125901744
224 0.6907778634698706
225 0.6907778634698706
226 0.6907778634698706
227 0.7243979686677872
228 0.7243979686677872
229 0.7243979686677872
230 0.7058636063783528
231 0.7058636063783528
232 0.7058636063783528
233 0.588900007677074
234 0.588900007677074
235 0.588900007677074
236 0.6823784753978106
237 0.6823784753978106
238 0.6823784753978106
239 0.6372640271287234
240 0.6372640271287234
241 0.6372640271287234
242 0.7758410712226411
243 0.7758410712226411
244 0.7758410712226411
245 0.7355115770891161
246 0.7355115770891161
247 0.7355115770891161
248 0.7355979618997803
249 0.7355979618997803
250 0.7355979618997803
251 0.6470429232170708
252 0.6470429232170708
253 0.6470429232170708
254 0.4636501716985118
255 0.4636501716985118
256 0.4636501716985118
257 0.6108894139136101
258 0.6108894139136101
259 0.6108894139136101
260 0.6164137024850662
261 0.6164137024850662
262 0.6164137024850662
263 0.7203973270993383
264 0.7203973270993383
265 0.7203973270993383
266 0.60388336247437
267 0.60388336247437
268 0.60388336247437
269 0.6002156215139574
270 0.6002156215139574
271 0.6002156215139574
272 0.68729369750468
273 0.68729369750468
274 0.68729369750468
275 0.7316220562130795
276 0.7316220562130795
277 0.7316220562130795
278 0.6465205804504537
279 0.6465205804504537
280 0.6465205804504537
281 0.598371134116971
282 0.598371134116971
283 0.598371134116971
284 0.5925802445322254
285 0.5925802445322254
286 0.5925802445322254
287 0.5537054106906115
288 0.5537054106906115
289 0.5537054106906115
290 0.6800401322941549
291 0.6800401322941549
292 0.6800401322941549
293 0.7833183288468479
294 0.7833183288468479
295 0.7833183288468479
296 0.7395565122417725
297 0.7395565122417725
298 0.7395565122417725
299 0.6999009209651048
300 0.6999009209651048
301 0.6999009209651048
302 0.7263831296137985
303 0.7263831296137985
304 0.7263831296137985
305 0.6806798620372113
306 0.6806798620372113
307 0.6806798620372113
308 0.6537243322725868
309 0.6537243322725868
310 0.6537243322725868
311 0.6800530798964013
312 0.6800530798964013
313 0.6800530798964013
314 0.5661941193093482
315 0.5661941193093482
316 0.5661941193093482
317 0.6752759996099342
318 0.6752759996099342
319 0.6752759996099342
320 0.7204364080900718
321 0.7204364080900718
322 0.7204364080900718
323 0.5878306073126942
324 0.5878306073126942
325 0.5878306073126942
326 0.7028938413642268
327 0.7028938413642268
328 0.7028938413642268
329 0.6291151568591463
330 0.6291151568591463
331 0.6291151568591463
332 0.826668981190346
333 0.826668981190346
334 0.826668981190346
335 0.5852477691580732
336 0.5852477691580732
337 0.5852477691580732
338 0.5484070573026177
339 0.5484070573026177
340 0.5484070573026177
341 0.6411884038977894
342 0.6411884038977894
343 0.6411884038977894
344 0.6817218288261379
345 0.6817218288261379
346 0.6817218288261379
347 0.7862723913413399
348 0.7862723913413399
349 0.7862723913413399
350 0.7085616601900399
351 0.7085616601900399
352 0.7085616601900399
353 0.6766070668785911
354 0.6766070668785911
355 3.342167035737862
356 3.342167035737862
357 3.342167035737862
358 3.759324132673629
359 3.759324132673629
360 3.759324132673629
361 4.057405864781093
362 4.057405864781093
363 4.057405864781093
364 3.696906806288129
365 3.696906806288129
366 3.696906806288129
367 3.8170426098973387
368 3.8170426098973387
369 3.8170426098973387
370 3.868746386601859
371 3.868746386601859
372 3.868746386601859
373 4.579086939647627
374 4.579086939647627
375 4.579086939647627
376 3.674003600857267
377 3.674003600857267
378 3.674003600857267
379 3.325859976280715
380 3.325859976280715
381 3.325859976280715
382 3.1533309723413394
383 3.1533309723413394
384 3.1533309723413394
385 3.284405650282809
386 3.284405650282809
387 3.284405650282809
388 3.4962317812992283
389 3.4962317812992283
390 3.4962317812992283
391 3.793890125104257
392 3.793890125104257
393 3.793890125104257
394 3.8628754749231824
395 3.8628754749231824
396 3.8628754749231824
397 3.7489496179343904
398 3.7489496179343904
399 3.7489496179343904
400 3.6379566252098456
401 3.6379566252098456
402 3.6379566252098456
403 0.8127442154841986
404 0.8127442154841986
405 0.8127442154841986
406 0.7004686281550216
407 0.7004686281550216
408 0.7004686281550216
409 0.6319270405070316
410 0.6319270405070316
411 0.6319270405070316
412 0.5823291742970715
413 0.5823291742970715
414 0.5823291742970715
415 0.701091891561121
416 0.701091891561121
417 0.701091891561121
418 0.707315459553592
419 0.707315459553592
420 0.707315459553592
421 0.6199710899105693
422 0.6199710899105693
423 0.6199710899105693
424 0.6618920899343866
425 0.6618920899343866
426 0.6618920899343866
427 0.6690033573077395
428 0.6690033573077395
429 0.6690033573077395
430 0.6221319650440253
431 0.6221319650440253
432 0.6221319650440253
433 0.7183972946375834
434 0.7183972946375834
435 0.7183972946375834
436 0.5471745079999945
437 2.1150635048700472
438 2.1150635048700472
439 2.1150635048700472
440 2.432159318370682
441 2.432159318370682
442 2.432159318370682
443 1.9298422332188108
444 1.9298422332188108
445 1.9298422332188108
446 2.065770968778256
447 2.065770968778256
448 2.065770968778256
449 2.1420316252146425
450 2.1420316252146425
451 2.1420316252146425
452 1.8422320793082874
453 1.8422320793082874
454 1.8422320793082874
455 1.663283881312266
456 1.663283881312266
457 1.663283881312266
458 2.342114008466738
459 2.342114008466738
460 2.342114008466738
461 1.8740075980501758
462 1.8740075980501758
463 1.8740075980501758
464 1.981966080359135
465 1.981966080359135
466 1.981966080359135
467 2.0359630132743307
468 2.0359630132743307
469 2.0359630132743307
470 2.102710125017892
471 2.102710125017892
472 2.102710125017892
473 1.9459747917046724
474 1.9459747917046724
475 1.9459747917046724
476 2.196871642221441
477 2.196871642221441
478 2.196871642221441
479 2.192466825527834
480 2.192466825527834
481 2.192466825527834
482 1.8700140423330829
483 1.8700140423330829
484 1.8700140423330829
485 1.7674008138913884
486 1.7674008138913884
487 1.7674008138913884
488 2.023415547005159
489 2.023415547005159
490 2.023415547005159
491 2.319277828981737
492 2.319277828981737
493 2.319277828981737
494 1.718380782451014
495 1.718380782451014
496 1.718380782451014
497 1.894289325261027
498 1.894289325261027
499 1.894289325261027
500 1.9833736887093152
501 2.8178845657417972
502 2.8178845657417972
503 2.8178845657417972
504 3.676830124286286
505 3.676830124286286
506 3.676830124286286
507 3.8835756197988562
508 3.8835756197988562
509 3.8835756197988562
510 3.005552714939064
511 3.005552714939064
512 3.005552714939064
513 3.2485121276562863
514 3.2485121276562863
515 3.2485121276562863
516 3.9650703671491505
517 3.9650703671491505
518 3.9650703671491505
519 3.302859255173405
520 3.302859255173405
521 3.302859255173405
522 4.194110861316912
523 4.194110861316912
524 4.194110861316912
525 3.6504772280337305
526 3.6504772280337305
527 3.6504772280337305
528 2.7597643367292237
529 2.7597643367292237
530 2.7597643367292237
531 4.593798305825129
532 4.593798305825129
533 4.593798305825129
534 3.24552421588073
535 3.24552421588073
536 3.24552421588073
537 3.411628398946116
538 3.411628398946116
539 3.411628398946116
540 3.790184038444914
541 3.790184038444914
542 3.790184038444914
543 3.829542133149317
544 3.829542133149317
545 3.829542133149317
546 3.5377449993544587
547 3.5377449993544587
548 3.5377449993544587
549 3.254414130085459
550 3.254414130085459
551 3.254414130085459
552 3.2337019968068823
553 3.2337019968068823
554 3.2337019968068823
555 3.0044948642964684
556 3.0044948642964684
557 3.0044948642964684
558 3.457733066306781
559 3.457733066306781
560 3.457733066306781
561 4.467397957328761
562 4.467397957328761
563 4.467397957328761
564 3.819145231469697
565 3.819145231469697
566 3.819145231469697
567 3.791404020339337
568 3.791404020339337
569 3.791404020339337
570 3.1437790383249764
571 3.1437790383249764
572 3.1437790383249764
573 3.5211126211106065
574 3.5211126211106065
575 3.5211126211106065
576 3.361890333710975
577 3.361890333710975
578 3.361890333710975
579 3.313970569931086
580 3.313970569931086
581 3.313970569931086
582 3.537650910220507
583 3.537650910220507
584 3.537650910220507
585 3.642004781272485
586 3.642004781272485
587 3.642004781272485
588 3.7322906156554874
589 3.7322906156554874
590 3.7322906156554874
591 3.3733866000950696
592 3.3733866000950696
593 3.3733866000950696
594 3.7271918729843714
595 3.7271918729843714
596 3.7271918729843714
597 3.266123153574884
598 3.266123153574884
599 3.266123153574884
600 3.382887042165916
601 3.382887042165916
602 3.382887042165916
603 3.78094528047219
604 3.78094528047219
605 3.78094528047219
606 3.3673872147554933
607 3.3673872147554933
608 3.3673872147554933
609 3.4178597662710297
610 3.4178597662710297
611 3.4178597662710297
612 3.3209672461907895
613 3.3209672461907895
614 3.3209672461907895
615 3.251155578679959
616 3.251155578679959
617 3.251155578679959
618 2.9100483432923534
619 2.9100483432923534
620 2.9100483432923534
621 3.3636391308101907
622 3.3636391308101907
623 3.3636391308101907
624 3.6203618663554074
625 3.6203618663554074
626 3.6203618663554074
627 2.6679761760445633
628 2.6679761760445633
629 2.6679761760445633
630 3.8456778943014536
631 3.8456778943014536
632 3.8456778943014536
633 4.034155156434238
634 4.034155156434238
635 4.034155156434238
636 3.178810720668465
637 3.178810720668465
638 3.178810720668465
639 4.201106187480867
640 4.201106187480867
641 4.201106187480867
642 3.5612172425737745
643 3.5612172425737745
644 3.5612172425737745
645 3.5903992586517663
646 3.5903992586517663
647 3.5903992586517663
648 2.915471186241613
649 2.915471186241613
650 2.915471186241613
651 3.724824517329709
652 3.724824517329709
653 3.724824517329709
654 2.9985340385754253
655 2.9985340385754253
656 2.9985340385754253
657 3.0988134867503265
658 3.0988134867503265
659 3.0988134867503265
660 2.841692823580904
661 2.841692823580904
662 2.841692823580904
663 2.980726182057236
664 2.980726182057236
665 2.980726182057236
666 3.0538163000552485
667 3.0538163000552485
668 3.0538163000552485
669 2.958335550018445
670 2.958335550018445
671 2.958335550018445
672 3.3286430664431887
673 3.3286430664431887
674 3.3286430664431887
675 2.897985250420834
676 2.897985250420834
677 2.897985250420834
678 3.2779522410323194
679 3.2779522410323194
680 3.2779522410323194
681 3.1321889203559095
682 3.1321889203559095
683 3.1321889203559095
684 3.8334971659741304
685 3.8334971659741304
686 3.8334971659741304
687 3.7331874701124304
688 3.7331874701124304
689 3.7331874701124304
690 3.8398802596633868
691 3.8398802596633868
692 3.8398802596633868
693 3.339670403754569
694 3.339670403754569
695 3.339670403754569
696 3.495161263624754
697 3.495161263624754
698 3.495161263624754
699 3.3140135357565015
700 3.3140135357565015
701 3.3140135357565015
702 3.0847547851315373
703 3.0847547851315373
704 3.0847547851315373
705 3.4104031020769128
706 3.4104031020769128
707 3.4104031020769128
708 3.2666603014879687
709 3.2666603014879687
710 3.2666603014879687
711 2.9339626878731604
712 2.9339626878731604
713 2.9339626878731604
714 3.510080865989789
715 3.510080865989789
716 3.510080865989789
717 3.257555380497598
718 3.257555380497598
719 3.257555380497598
720 3.365646536178279
721 3.365646536178279
722 3.365646536178279
723 3.6799375730694743
724 3.6799375730694743
725 3.6799375730694743
726 3.7007541213747657
727 3.7007541213747657
728 3.7007541213747657
729 4.114034024754458
730 4.114034024754458
731 4.114034024754458
732 2.6777166704920687
733 2.6777166704920687
734 2.6777166704920687
735 3.5574546832573444
736 3.5574546832573444
737 3.5574546832573444
738 3.7348557650792165
739 3.7348557650792165
740 3.7348557650792165
741 3.9878173361008074
742 3.9878173361008074
743 3.9878173361008074
744 2.921152603736888
745 2.921152603736888
746 2.921152603736888
747 3.68039179991711
748 3.68039179991711
749 3.68039179991711
750 3.4744099595467577
751 3.4744099595467577
752 3.4744099595467577
753 3.2215951127357103
754 3.2215951127357103
755 3.2215951127357103
756 2.8815217984396355
757 2.8815217984396355
758 2.8815217984396355
759 3.6735968557659757
760 3.6735968557659757
761 3.6735968557659757
762 3.81475763369551
763 3.81475763369551
764 3.81475763369551
765 1.0973364947881166
766 1.0973364947881166
767 1.0973364947881166
768 1.5570186911575934
769 1.5570186911575934
770 1.5570186911575934
771 1.7745668080719659
772 1.7745668080719659
773 1.7745668080719659
774 1.5295143547209626
775 1.5295143547209626
776 1.5295143547209626
777 1.7586781151399504
778 1.7586781151399504
779 1.7586781151399504
780 1.6123326096685944
781 1.6123326096685944
782 1.6123326096685944
783 1.459680496800306
784 1.459680496800306
785 3.320484559909872
786 3.320484559909872
787 3.320484559909872
788 2.7980527446176304
789 2.7980527446176304
790 2.7980527446176304
791 3.1713226455839245
792 3.1713226455839245
793 3.1713226455839245
794 2.564995658756037
795 2.564995658756037
796 2.564995658756037
797 2.7646662797593633
798 2.7646662797593633
799 2.7646662797593633
800 2.6996131562733736
801 2.6996131562733736
802 2.6996131562733736
803 3.2713794136385292
804 3.2713794136385292
805 3.2713794136385292
806 2.796702751905915
807 2.796702751905915
808 2.796702751905915
809 3.4541499831882145
810 3.4541499831882145
811 3.4541499831882145
812 2.847313411490741
813 2.847313411490741
814 2.847313411490741
815 3.0069071889333574
816 3.0069071889333574
817 3.0069071889333574
818 3.0836215559032008
819 3.0836215559032008
820 3.0836215559032008
821 2.8947513020636984
822 2.8947513020636984
823 2.8947513020636984
824 2.4922241174668085
825 2.4922241174668085
826 2.4922241174668085
827 2.9100983665271305
828 2.9100983665271305
829 2.9100983665271305
830 2.985465622224811
831 2.985465622224811
832 2.985465622224811
833 2.474717197815733
834 2.474717197815733
835 2.474717197815733
836 2.6757418941799074
837 2.6757418941799074
838 2.6757418941799074
839 3.204031360894951
840 3.204031360894951
841 1.1931973586656883
842 1.1931973586656883
843 1.1931973586656883
844 1.0807844685037549
845 1.0807844685037549
846 1.0807844685037549
847 1.143781599144472
848 1.143781599144472
849 1.143781599144472
850 1.2455351260340528
851 1.2455351260340528
852 1.2455351260340528
853 1.2052103084921622
854 1.2052103084921622
855 1.2052103084921622
856 1.1247803644494343
857 1.1247803644494343
858 1.1247803644494343
859 1.0332719862357254
860 1.0332719862357254
861 1.0332719862357254
862 1.1414527464209387
863 1.1414527464209387
864 1.1414527464209387
865 1.0896906148471281
866 1.0896906148471281
867 1.0896906148471281
868 1.154841016822336
869 1.154841016822336
870 1.154841016822336
871 1.298297039561135
872 1.298297039561135
873 1.298297039561135
874 1.1299455850001772
875 1.1299455850001772
876 1.1299455850001772
877 0.9836773881423704
878 0.9836773881423704
879 0.9836773881423704
880 1.7721288297638937
881 1.7721288297638937
882 1.7721288297638937
883 1.620998411567351
884 1.620998411567351
885 1.620998411567351
886 1.5669243978923342
887 1.5669243978923342
888 1.5669243978923342
889 1.3817935530089762
890 1.3817935530089762
891 1.3817935530089762
892 1.2044334112053678
893 1.2044334112053678
894 1.2044334112053678
895 1.2476487413887556
896 1.2476487413887556
897 1.2476487413887556
898 1.9080960647087504
899 1.9080960647087504
900 1.9080960647087504
901 1.7656729291194875
902 1.7656729291194875
903 1.7656729291194875
904 1.5654229166329243
905 1.5654229166329243
906 1.5654229166329243
907 1.4467027285189733
908 1.4467027285189733
909 1.4467027285189733
910 1.4298970196578968
911 1.4298970196578968
912 1.4298970196578968
913 1.4199694873325859
914 1.4199694873325859
915 1.4199694873325859
916 1.7467046336652736
917 1.7467046336652736
918 1.7467046336652736
919 1.333212214682603
920 1.333212214682603
921 1.333212214682603
922 1.7046480494189409
923 1.7046480494189409
924 1.7046480494189409
925 1.5689970474299213
926 1.5689970474299213
927 1.5689970474299213
928 1.5575435448251969
929 1.5575435448251969
930 1.5575435448251969
931 1.8301308437563766
932 1.8301308437563766
933 1.8301308437563766
934 1.3445083850842194
935 1.3445083850842194
936 1.3445083850842194
937 1.6629048793101562
938 1.6629048793101562
939 1.6629048793101562
940 1.4717707469386065
941 1.4717707469386065
942 1.4717707469386065
943 1.4979342946651764
944 1.4979342946651764
945 1.4979342946651764
946 1.494138057011209
947 1.494138057011209
948 1.494138057011209
949 1.598697452708667
950 1.598697452708667
951 1.598697452708667
952 1.8189092105646738
953 1.8189092105646738
954 1.8189092105646738
955 1.7292209910581329
956 1.7292209910581329
957 1.7292209910581329
958 1.62263772392956
959 1.62263772392956
960 1.62263772392956
961 1.7018599744797858
962 1.7018599744797858
963 1.7018599744797858
964 1.3485497288854027
965 1.3485497288854027
966 1.3485497288854027
967 1.2986485094613465
968 1.2986485094613465
969 1.2986485094613465
970 1.5704108984604028
971 1.5704108984604028
972 1.5704108984604028
973 1.3392014043065785
974 1.3392014043065785
975 1.3392014043065785
976 1.9509557333068341
977 1.9509557333068341
978 1.9509557333068341
979 1.4059610085830483
980 1.4059610085830483
981 1.4059610085830483
982 1.5501805808563214
983 1.5501805808563214
984 1.5501805808563214
985 1.4665495657895624
986 1.4665495657895624
987 1.4665495657895624
988 1.4246275657274123
989 1.4246275657274123
990 1.4246275657274123
991 1.7852466384573031
992 1.7852466384573031
993 1.7852466384573031
994 1.404940013279534
995 1.404940013279534
996 1.404940013279534
997 1.3984061141848563
998 1.3984061141848563
999 1.3984061141848563
1000 1.2631004131197578
1001 1.2631004131197578
1002 1.2631004131197578
1003 1.29061977376857
1004 1.29061977376857
1005 1.29061977376857
1006 1.207221345155428
1007 1.207221345155428
1008 1.207221345155428
1009 1.1407589379386467
1010 1.1407589379386467
1011 1.1407589379386467
1012 1.752170369736139
1013 1.752170369736139
1014 1.752170369736139
1015 1.4391594556427059
1016 1.4391594556427059
1017 1.4391594556427059
1018 1.642893162018782
1019 1.642893162018782
1020 1.642893162018782
1021 1.778850276314662
1022 1.778850276314662
1023 1.778850276314662
1024 1.757640482729414
1025 1.757640482729414
1026 1.757640482729414
1027 1.3487486725066495
1028 1.3487486725066495
1029 1.3487486725066495
1030 1.403197865640201
1031 1.403197865640201
1032 1.403197865640201
1033 1.6141293884526207
1034 1.6141293884526207
1035 1.6141293884526207
1036 1.580708907338748
1037 1.580708907338748
1038 1.580708907338748
1039 1.7440334442917336
1040 1.7440334442917336
1041 1.7440334442917336
1042 1.3304471736600927
1043 1.3304471736600927
1044 1.3304471736600927
1045 1.3214386657209067
1046 1.3214386657209067
1047 1.3214386657209067
1048 1.706461192638464
1049 1.706461192638464
1050 1.706461192638464
1051 1.6598515223632817
1052 1.6598515223632817
1053 1.6598515223632817
1054 1.6261365576611382
1055 1.6261365576611382
1056 1.6261365576611382
1057 1.759534330992272
1058 1.759534330992272
1059 1.759534330992272
1060 1.6096295624470796
1061 1.6096295624470796
1062 1.6096295624470796
1063 1.6691172828219347
1064 1.6691172828219347
1065 1.043306444938053
1066 1.043306444938053
1067 1.043306444938053
1068 0.9955196554995918
1069 0.9955196554995918
1070 0.9955196554995918
1071 1.3004441122216022
1072 1.3004441122216022
1073 1.3004441122216022
1074 1.2195739655049995
1075 1.2195739655049995
1076 1.2195739655049995
1077 0.804839122249253
1078 0.804839122249253
1079 0.804839122249253
1080 0.834319185056754
1081 0.834319185056754
1082 0.834319185056754
1083 1.05872514150768
1084 1.05872514150768
1085 1.05872514150768
1086 1.0894973020855894
1087 1.0894973020855894
1088 1.0894973020855894
1089 1.2850852563712674
1090 1.2850852563712674
1091 1.2850852563712674
1092 1.1043570359416668
1093 1.1043570359416668
1094 1.1043570359416668
1095 1.1920416062270367
1096 1.1920416062270367
1097 1.1920416062270367
1098 1.195095271968548
1099 1.195095271968548
1100 1.195095271968548
1101 0.8565206906778381
1102 0.8565206906778381
1103 0.8565206906778381
1104 1.073184857093682
1105 1.073184857093682
1106 1.073184857093682
1107 1.1881493890128842
1108 1.1881493890128842
1109 1.1881493890128842
1110 1.143940155086194
1111 1.143940155086194
1112 1.143940155086194
1113 0.9460603063079891
1114 0.9460603063079891
1115 0.9460603063079891
1116 1.2238094876215841
1117 1.2238094876215841
1118 1.2238094876215841
1119 1.1668558242412337
1120 1.1668558242412337
1121 1.1668558242412337
1122 1.079732326361593
1123 1.079732326361593
1124 1.079732326361593
1125 1.1029430195032008
1126 1.1029430195032008
1127 1.1029430195032008
1128 1.0417395023302176
1129 1.0417395023302176
1130 1.0417395023302176
1131 1.1157115033798852
1132 1.1157115033798852
1133 1.1157115033798852
1134 1.0982009119435379
1135 1.0982009119435379
1136 1.0982009119435379
1137 1.1340954796176
1138 1.1340954796176
1139 1.1340954796176
1140 1.4006107764994964
1141 1.4006107764994964
1142 1.4006107764994964
1143 1.1256782818208062
1144 1.1256782818208062
1145 1.1256782818208062
1146 1.2352748146014148
1147 1.2352748146014148
1148 1.2352748146014148
1149 1.0490562519160465
1150 1.0490562519160465
1151 1.0490562519160465
1152 1.427585017491429
1153 1.427585017491429
1154 1.427585017491429
1155 1.0552606455077078
1156 1.0552606455077078
1157 1.0552606455077078
1158 0.991561059381936
1159 0.991561059381936
1160 0.991561059381936
1161 0.9646799252786735
1162 0.9646799252786735
1163 0.9646799252786735
1164 1.0054285748719152
1165 1.0054285748719152
1166 1.0054285748719152
1167 1.083900800696002
1168 1.083900800696002
1169 1.083900800696002
1170 1.049622672939982
1171 1.049622672939982
1172 1.049622672939982
1173 1.0994770847153716
1174 1.0994770847153716
1175 1.0994770847153716
1176 1.157924602714058
1177 1.157924602714058
1178 1.157924602714058
1179 0.9568054632656555
1180 0.9568054632656555
1181 0.9568054632656555
1182 1.3122824063155527
1183 1.3122824063155527
1184 1.3122824063155527
1185 0.9921552893809487
1186 0.9921552893809487
1187 0.9921552893809487
1188 1.180836404387526
1189 1.180836404387526
1190 1.180836404387526
1191 1.269886060993016
1192 1.269886060993016
1193 1.269886060993016
1194 1.2471292108243193
1195 1.2471292108243193
1196 1.2471292108243193
1197 1.2646294235728845
1198 1.2646294235728845
1199 1.2646294235728845
1200 1.301917175563592
1201 1.301917175563592
1202 1.301917175563592
1203 1.1111473557880167
1204 1.1111473557880167
1205 1.1111473557880167
1206 1.1928845983464142
1207 1.1928845983464142
1208 1.1928845983464142
1209 1.0885181626097349
1210 1.0885181626097349
1211 1.0885181626097349
1212 1.207923085941536
1213 1.207923085941536
1214 1.207923085941536
1215 1.2468100421341315
1216 1.2468100421341315
1217 1.2468100421341315
1218 0.9570724249371257
1219 0.9570724249371257
1220 0.9570724249371257
1221 1.12670733270312
1222 1.12670733270312
1223 1.12670733270312
1224 1.083204982038335
1225 1.083204982038335
1226 1.083204982038335
1227 1.264492363377463
1228 1.264492363377463
1229 1.264492363377463
1230 0.8292403919164172
1231 0.8292403919164172
1232 4.1779771314983645
1233 4.1779771314983645
1234 4.1779771314983645
1235 4.7506541211811975
1236 4.7506541211811975
1237 2.195918109750541
1238 2.195918109750541
1239 2.195918109750541
1240 2.8900896913663265
1241 2.8900896913663265
1242 2.8900896913663265
1243 2.70274807993775
1244 2.70274807993775
1245 2.70274807993775
1246 2.3772257637570626
1247 2.3772257637570626
1248 2.3772257637570626
1249 2.412513376220062
1250 2.412513376220062
1251 2.412513376220062
1252 2.5505048858473423
1253 2.5505048858473423
1254 2.5505048858473423
1255 2.4957883155483684
1256 2.4957883155483684
1257 2.4957883155483684
1258 2.9317508020406664
1259 2.9317508020406664
1260 2.9317508020406664
1261 2.714980162358632
1262 2.714980162358632
1263 2.714980162358632
1264 2.3764924167409016
1265 2.3764924167409016
1266 2.3764924167409016
1267 2.5242547928524908
1268 2.5242547928524908
1269 2.5242547928524908
1270 2.317739763356737
1271 2.317739763356737
1272 2.317739763356737
1273 2.1298022637369685
1274 2.1298022637369685
1275 2.1298022637369685
1276 1.9240549547523118
1277 1.9240549547523118
1278 1.9240549547523118
1279 2.8558951317042327
1280 2.8558951317042327
1281 2.8558951317042327
1282 2.5294990765421232
1283 2.5294990765421232
1284 2.5294990765421232
1285 2.6764979519171477
1286 2.6764979519171477
1287 2.6764979519171477
1288 2.1138558963729266
1289 2.1138558963729266
1290 2.1138558963729266
1291 2.7150197366776303
1292 2.7150197366776303
1293 2.7150197366776303
1294 1.9284259326860655
1295 1.9284259326860655
1296 1.9284259326860655
1297 2.305544215601689
1298 2.305544215601689
1299 2.305544215601689
1300 3.033849215963312
1301 3.033849215963312
1302 3.033849215963312
1303 2.2307299468293507
1304 2.2307299468293507
1305 2.2307299468293507
1306 2.7990643186932718
1307 2.7990643186932718
1308 2.7990643186932718
1309 2.479093366203445
1310 2.479093366203445
1311 2.479093366203445
1312 2.4402796048355917
1313 2.4402796048355917
1314 2.4402796048355917
1315 2.603504122020093
1316 2.603504122020093
1317 2.603504122020093
1318 2.3888673086988708
1319 2.3888673086988708
1320 2.3888673086988708
1321 2.7248928771775764
1322 2.7248928771775764
1323 2.7248928771775764
1324 2.5122762218511747
1325 2.5122762218511747
1326 2.5122762218511747
1327 2.093060427875235
1328 2.093060427875235
1329 2.093060427875235
1330 2.174561410787351
1331 2.174561410787351
1332 2.174561410787351
1333 2.9768613385027543
1334 2.9768613385027543
1335 2.9768613385027543
1336 2.696865534278946
1337 2.696865534278946
1338 2.696865534278946
1339 2.424146720836804
1340 2.424146720836804
1341 2.424146720836804
1342 2.86894086296349
1343 2.86894086296349
1344 2.86894086296349
1345 2.669578679696918
1346 2.669578679696918
1347 2.669578679696918
1348 2.3824310716709625
1349 2.3824310716709625
1350 2.3824310716709625
1351 2.8236901118831654
1352 2.8236901118831654
1353 2.8236901118831654
1354 2.295055645715105
1355 2.295055645715105
1356 2.295055645715105
1357 3.2196081730123725
1358 3.2196081730123725
1359 3.2196081730123725
1360 2.5930238585665486
1361 2.5930238585665486
1362 2.5930238585665486
1363 2.1728327604280344
1364 2.1728327604280344
1365 2.1728327604280344
1366 2.1359810744658465
1367 2.1359810744658465
1368 2.1359810744658465
1369 2.5408451756206487
1370 2.5408451756206487
1371 3.832183321077892
1372 3.832183321077892
1373 3.832183321077892
1374 4.172287524671699
1375 4.172287524671699
1376 4.172287524671699
1377 3.2131510692264023
1378 3.2131510692264023
1379 3.2131510692264023
1380 3.4270570275222094
1381 3.4270570275222094
1382 3.4270570275222094
1383 3.9086960368731756
1384 3.9086960368731756
1385 3.9086960368731756
1386 4.044230938401014
1387 4.044230938401014
1388 4.044230938401014
1389 4.0709280614760655
1390 4.0709280614760655
1391 4.0709280614760655
1392 4.351071888417823
1393 4.351071888417823
1394 4.351071888417823
1395 4.350967597913184
1396 4.350967597913184
1397 4.350967597913184
1398 3.6911391589064126
1399 3.6911391589064126
1400 3.6911391589064126
1401 3.711598748477065
1402 3.711598748477065
1403 3.711598748477065
1404 3.910051999754264
1405 3.910051999754264
1406 3.910051999754264
1407 3.7192847223707735
1408 3.7192847223707735
1409 3.7192847223707735
1410 3.8348442011766037
1411 3.8348442011766037
1412 3.8348442011766037
1413 4.196315051738345
1414 4.196315051738345
1415 4.196315051738345
1416 4.052823209328745
1417 4.052823209328745
1418 4.052823209328745
1419 3.761225367328863
1420 1.7681026818893488
1421 1.7681026818893488
1422 1.7681026818893488
1423 1.9652478942732945
1424 1.9652478942732945
1425 1.9652478942732945
1426 1.9738830032921073
1427 1.9738830032921073
1428 1.9738830032921073
1429 1.5823183795595956
1430 1.5823183795595956
1431 1.5823183795595956
1432 2.1015907630672555
1433 2.1015907630672555
1434 2.1015907630672555
1435 2.10544111875119
1436 2.10544111875119
1437 2.10544111875119
1438 2.2239293729625076
1439 2.2239293729625076
1440 2.2239293729625076
1441 2.0803272863107134
1442 2.0803272863107134
1443 2.0803272863107134
1444 1.9759813946036464
1445 1.9759813946036464
1446 1.9759813946036464
1447 1.833699410571965
1448 1.833699410571965
1449 1.833699410571965
1450 1.509892752981195
1451 1.509892752981195
1452 1.509892752981195
1453 1.9597099931776998
1454 1.9597099931776998
1455 1.9597099931776998
1456 1.7161060263949663
1457 1.7161060263949663
1458 1.7161060263949663
1459 1.9652246054231526
1460 1.9652246054231526
1461 1.9652246054231526
1462 2.1260714225243063
1463 2.1260714225243063
1464 2.1260714225243063
1465 2.197103832435903
1466 2.197103832435903
1467 0.18065349477401965
1468 0.18065349477401965
1469 0.18065349477401965
1470 0.19394160977294042
1471 0.19394160977294042
1472 0.19394160977294042
1473 0.22798247780333547
1474 0.22798247780333547
1475 0.22798247780333547
1476 0.2252279642079309
1477 0.2252279642079309
1478 0.2252279642079309
1479 0.19799424781630118
1480 0.19799424781630118
1481 0.19799424781630118
1482 0.223310472946874
1483 0.223310472946874
1484 0.223310472946874
1485 0.18742332031994324
1486 0.18742332031994324
1487 0.18742332031994324
1488 0.18721429917071827
1489 0.18721429917071827
1490 0.18721429917071827
1491 0.22020390954394733
1492 0.22020390954394733
1493 0.22020390954394733
1494 0.214861529534721
1495 0.214861529534721
1496 0.214861529534721
1497 0.1785559684635855
1498 0.1785559684635855
1499 0.1785559684635855
1500 0.17334335018143265
1501 0.17334335018143265
1502 0.17334335018143265
1503 0.21248050964686988
1504 0.21248050964686988
1505 0.21248050964686988
1506 0.1724070138664253
1507 0.1724070138664253
1508 0.1724070138664253
1509 0.21893700473060126
1510 0.21893700473060126
1511 0.21893700473060126
1512 0.19609123414662943
1513 0.19609123414662943
1514 0.19609123414662943
1515 0.1938700179311142
1516 0.1938700179311142
1517 0.1938700179311142
1518 0.1700910446830927
1519 0.1700910446830927
1520 0.1700910446830927
1521 0.22484638605071205
1522 0.22484638605071205
1523 0.22484638605071205
1524 0.15708136735068806
1525 0.15708136735068806
1526 0.15708136735068806
1527 0.17725752003991035
1528 0.17725752003991035
1529 0.17725752003991035
1530 0.20569275332741102
1531 0.20569275332741102
1532 0.20569275332741102
1533 0.23110602357215768
1534 0.23110602357215768
1535 0.23110602357215768
1536 0.20144346464558646
1537 0.20144346464558646
1538 0.20144346464558646
1539 0.22363261090648612
1540 0.22363261090648612
1541 0.22363261090648612
1542 0.19505917629987257
1543 0.19505917629987257
1544 0.19505917629987257
1545 0.1906648766373668
1546 0.1906648766373668
1547 0.1906648766373668
1548 0.17870308296113296
1549 0.17870308296113296
1550 0.17870308296113296
1551 0.20606661265101225
1552 0.20606661265101225
1553 0.20606661265101225
1554 0.20455012426909897
1555 0.20455012426909897
1556 0.20455012426909897
1557 0.21083014303792993
1558 0.21083014303792993
1559 0.21083014303792993
1560 0.2398075171169163
1561 0.2398075171169163
1562 0.2398075171169163
1563 0.19794704807113542
1564 0.19794704807113542
1565 0.19794704807113542
1566 0.19477303277516742
1567 0.19477303277516742
1568 0.19477303277516742
1569 0.2151008007740734
1570 0.2151008007740734
1571 0.2151008007740734
1572 0.1956305839481284
1573 0.1956305839481284
1574 0.1956305839481284
1575 0.23062053717985434
1576 0.23062053717985434
1577 0.23062053717985434
1578 0.15931620463897633
1579 0.15931620463897633
1580 0.15931620463897633
1581 0.14579969957928382
1582 0.14579969957928382
1583 0.14579969957928382
1584 0.18048299905540438
1585 0.18048299905540438
1586 0.18048299905540438
1587 0.18311723766401933
1588 0.18311723766401933
1589 1.8403543237175792
1590 1.8403543237175792
1591 1.8403543237175792
1592 1.834737805429104
1593 1.834737805429104
1594 1.834737805429104
1595 2.254282698967966
1596 2.254282698967966
1597 2.254282698967966
1598 1.997341575943354
1599 1.997341575943354
1600 1.997341575943354
1601 2.13714489621213
1602 2.13714489621213
1603 2.13714489621213
1604 2.503118247012416
1605 2.503118247012416
1606 2.503118247012416
1607 1.9395838920662443
1608 1.9395838920662443
1609 1.9395838920662443
1610 1.9798866929682248
1611 1.9798866929682248
1612 1.9798866929682248
1613 1.665193638898687
1614 1.665193638898687
1615 1.665193638898687
1616 1.9822606980874937
1617 1.9822606980874937
1618 1.9822606980874937
1619 1.835210006683773
1620 1.835210006683773
1621 1.835210006683773
1622 2.205916449407728
1623 2.205916449407728
1624 2.205916449407728
1625 2.1254960006428947
1626 2.1254960006428947
1627 2.1254960006428947
1628 1.9229106658105575
1629 1.9229106658105575
1630 1.9229106658105575
1631 1.9394087669101325
1632 1.9394087669101325
1633 1.9394087669101325
1634 2.318101349108885
1635 2.318101349108885
1636 2.318101349108885
1637 1.834789975990414
1638 1.834789975990414
1639 1.834789975990414
1640 2.0591570466799825
1641 2.0591570466799825
1642 2.0591570466799825
1643 1.9108181521564611
1644 1.9108181521564611
1645 1.9108181521564611
1646 2.132096634989354
1647 2.132096634989354
1648 2.132096634989354
1649 2.147279155230017
1650 2.147279155230017
1651 2.147279155230017
1652 2.047358899045533
1653 2.047358899045533
1654 2.047358899045533
1655 2.0190461766361354
1656 2.0190461766361354
1657 2.0190461766361354
1658 2.1218624140607556
1659 2.1218624140607556
1660 2.1218624140607556
1661 1.9469205111614158
1662 1.9469205111614158
1663 3.662404914415382
1664 3.662404914415382
1665 3.662404914415382
1666 3.922878720514966
1667 3.922878720514966
1668 3.922878720514966
1669 3.166403325279088
1670 3.166403325279088
1671 3.166403325279088
1672 3.1449768426270506
1673 3.1449768426270506
1674 3.1449768426270506
1675 4.338344217498684
1676 4.338344217498684
1677 4.338344217498684
1678 3.439142275680383
1679 3.439142275680383
1680 3.439142275680383
1681 3.901395392079249
1682 3.901395392079249
1683 3.901395392079249
1684 3.439312832202759
1685 3.439312832202759
1686 3.439312832202759
1687 4.8836643816252305
1688 4.8836643816252305
1689 4.8836643816252305
1690 3.308401112466291
1691 3.308401112466291
1692 3.308401112466291
1693 4.097283336092991
1694 4.097283336092991
1695 4.097283336092991
1696 4.121235511428686
1697 4.121235511428686
1698 4.121235511428686
1699 4.113579444755879
1700 4.113579444755879
1701 4.113579444755879
1702 4.457819898322341
1703 4.457819898322341
1704 4.457819898322341
1705 3.9765012040617846
1706 3.9765012040617846
1707 3.9765012040617846
1708 4.418854166083913
1709 4.418854166083913
1710 4.418854166083913
1711 2.834697317165893
1712 2.834697317165893
1713 2.834697317165893
1714 3.1401182167280686
1715 3.1401182167280686
1716 3.1401182167280686
1717 3.329820509292847
1718 3.329820509292847
1719 3.329820509292847
1720 4.424984118602068
1721 4.424984118602068
1722 4.424984118602068
1723 3.917214436991614
1724 3.917214436991614
1725 3.917214436991614
1726 2.499597438762442
1727 2.499597438762442
1728 4.138584377837477
1729 4.138584377837477
1730 4.138584377837477
1731 4.777595550627629
1732 4.777595550627629
1733 4.777595550627629
1734 3.966737737861386
1735 3.966737737861386
1736 3.966737737861386
1737 3.9372274845882393
1738 3.9372274845882393
1739 3.9372274845882393
1740 4.847794913148745
1741 4.847794913148745
1742 4.847794913148745
1743 4.601625166823335
1744 4.601625166823335
1745 4.601625166823335
1746 4.077045272108185
1747 4.077045272108185
1748 4.077045272108185
1749 4.156240349488154
1750 4.156240349488154
1751 4.156240349488154
1752 4.236865572963607
1753 4.236865572963607
1754 4.236865572963607
1755 4.214378338433228
1756 4.214378338433228
1757 4.214378338433228
1758 3.7398942478815607
1759 3.7398942478815607
1760 3.7398942478815607
1761 4.166981921494319
1762 4.166981921494319
1763 4.166981921494319
1764 4.673163250965961
1765 4.673163250965961
1766 4.673163250965961
1767 5.30576671286082
1768 5.30576671286082
1769 5.30576671286082
1770 4.1995348007577435
1771 4.1995348007577435
1772 4.1995348007577435
1773 4.976056634156091
1774 4.976056634156091
1775 4.976056634156091
1776 4.118928797873728
1777 4.118928797873728
1778 4.118928797873728
1779 4.581887509699871
1780 4.581887509699871
1781 4.581887509699871
1782 3.8049558155726158
1783 3.8049558155726158
1784 3.8049558155726158
1785 4.428167941815914
1786 4.428167941815914
1787 4.428167941815914
1788 4.300374643243041
1789 4.300374643243041
1790 4.300374643243041
1791 4.543294662255273
1792 4.543294662255273
1793 4.543294662255273
1794 4.767541784372073
1795 4.767541784372073
1796 4.767541784372073
1797 4.2927885770331855
1798 4.2927885770331855
1799 4.2927885770331855
1800 4.616906810139175
1801 4.616906810139175
1802 4.616906810139175
1803 4.114946911501125
1804 4.114946911501125
1805 4.114946911501125
1806 4.2195187470022955
1807 4.2195187470022955
1808 4.2195187470022955
1809 4.335431567513431
1810 4.335431567513431
1811 4.335431567513431
1812 4.765310323997051
1813 4.765310323997051
1814 4.765310323997051
1815 4.769781368816485
1816 4.769781368816485
1817 4.769781368816485
1818 5.053982435222629
1819 5.053982435222629
1820 5.053982435222629
1821 4.954092510823117
1822 4.954092510823117
1823 4.954092510823117
1824 4.532977521115098
1825 4.532977521115098
1826 4.532977521115098
1827 4.5477384668508485
1828 4.5477384668508485
1829 4.5477384668508485
1830 4.665396940109268
1831 4.665396940109268
1832 4.665396940109268
1833 4.455738273413698
1834 4.455738273413698
1835 4.455738273413698
1836 3.7729476893565597
1837 3.7729476893565597
1838 3.7729476893565597
1839 4.2519681366646305
1840 4.2519681366646305
1841 4.2519681366646305
1842 4.060374911820656
1843 4.060374911820656
1844 4.060374911820656
1845 4.447798378983688
1846 4.447798378983688
1847 4.447798378983688
1848 4.786743024006783
1849 4.786743024006783
1850 4.786743024006783
1851 4.117398141990777
1852 4.117398141990777
1853 4.117398141990777
1854 4.142588927906241
1855 4.142588927906241
1856 4.142588927906241
1857 4.727353155272245
1858 4.727353155272245
1859 4.727353155272245
1860 4.867166410257536
1861 4.867166410257536
1862 4.867166410257536
1863 5.017579520078073
1864 5.017579520078073
1865 5.017579520078073
1866 5.521246797295998
1867 5.521246797295998
1868 5.521246797295998
1869 3.8594307086212845
1870 3.8594307086212845
1871 3.8594307086212845
1872 4.0660835798756185
1873 4.0660835798756185
1874 4.0660835798756185
1875 3.5413800689697426
1876 3.5413800689697426
1877 3.5413800689697426
1878 4.215060847113094
1879 4.215060847113094
1880 4.215060847113094
1881 3.664145106348551
1882 3.664145106348551
1883 3.664145106348551
1884 3.558395598556768
1885 3.558395598556768
1886 3.558395598556768
1887 4.284310211651919
1888 4.284310211651919
1889 4.284310211651919
1890 4.756385577925603
1891 4.756385577925603
1892 4.756385577925603
1893 4.349767123542406
1894 4.349767123542406
1895 4.349767123542406
1896 3.7480427541540795
1897 3.7480427541540795
1898 3.7480427541540795
1899 4.217607902755173
1900 4.217607902755173
1901 4.217607902755173
1902 4.8538587679122
1903 4.8538587679122
1904 4.8538587679122
1905 5.043505051278308
1906 5.043505051278308
1907 5.043505051278308
1908 5.6098881160896426
1909 5.6098881160896426
1910 5.6098881160896426
1911 4.096621524818584
1912 4.096621524818584
1913 4.096621524818584
1914 4.883815682420527
1915 4.883815682420527
1916 4.883815682420527
1917 3.8912535444977614
1918 3.8912535444977614
1919 3.8912535444977614
1920 4.547864081003269
1921 4.547864081003269
1922 4.547864081003269
1923 4.093026593127373
1924 4.093026593127373
1925 4.093026593127373
1926 4.0973934981820825
1927 4.0973934981820825
1928 4.0973934981820825
1929 4.357514501851128
1930 4.357514501851128
1931 4.357514501851128
1932 4.244940003473579
1933 4.244940003473579
1934 4.244940003473579
1935 4.494376386132036
1936 4.494376386132036
1937 4.494376386132036
1938 4.493752936953136
1939 4.493752936953136
1940 4.493752936953136
1941 4.939583806379637
1942 4.939583806379637
1943 4.939583806379637
1944 4.7754920749047205
1945 4.7754920749047205
1946 4.7754920749047205
1947 3.30730537100775
1948 3.30730537100775
1949 3.30730537100775
1950 4.646198250371271
1951 4.646198250371271
1952 4.646198250371271
1953 3.9510424434759526
1954 3.9510424434759526
1955 3.9510424434759526
1956 4.258636099701739
1957 4.258636099701739
1958 4.258636099701739
1959 3.7961518650611676
1960 3.7961518650611676
1961 3.7961518650611676
1962 4.108836425537447
1963 4.108836425537447
1964 4.108836425537447
1965 3.656292449396306
1966 3.656292449396306
1967 3.656292449396306
1968 4.758883106538226
1969 4.758883106538226
1970 4.758883106538226
1971 5.708224512022623
1972 5.708224512022623
1973 5.708224512022623
1974 4.735279437100737
1975 4.735279437100737
1976 4.735279437100737
1977 4.2942308541854
1978 4.2942308541854
1979 4.2942308541854
1980 4.3458522011506595
1981 4.3458522011506595
1982 4.3458522011506595
1983 3.802095626194919
1984 3.802095626194919
1985 3.802095626194919
1986 5.25598064884216
1987 5.25598064884216
1988 5.25598064884216
1989 5.217974599814157
1990 5.217974599814157
1991 5.217974599814157
1992 4.00074003564474
1993 4.00074003564474
1994 4.00074003564474
1995 4.761945760591668
1996 4.761945760591668
1997 4.761945760591668
1998 2.5275744301839147
1999 2.5275744301839147
