0 0.566883479831968
1 0.566883479831968
2 0.44876666259925335
3 0.44876666259925335
4 0.7338721258701271
5 0.7338721258701271
6 0.648030802415476
7 0.648030802415476
8 0.7075343973205445
9 0.7075343973205445
10 0.6433246491269878
11 0.6433246491269878
12 0.6812592400738909
13 0.6812592400738909
14 0.6392787001444117
15 0.6392787001444117
16 0.5337410579942138
17 0.5337410579942138
18 0.5901920677934811
19 0.5901920677934811
20 0.7049527704178284
21 0.7049527704178284
22 0.6859259342056615
23 0.6859259342056615
24 0.6283794078098711
25 0.6283794078098711
26 0.6731012058942696
27 0.6731012058942696
28 0.7549293025056163
29 0.7549293025056163
30 0.5983154395366819
31 0.5983154395366819
32 0.6520600228683815
33 0.6520600228683815
34 0.70061948111682
35 0.70061948111682
36 0.6362500632991255
37 0.6362500632991255
38 0.6115704179787377
39 0.6115704179787377
40 0.734117549875995
41 0.734117549875995
42 0.6083435603210935
43 0.6083435603210935
44 0.6761027310429648
45 0.6761027310429648
46 0.7894939867939592
47 0.7894939867939592
48 0.6729107916126754
49 0.6729107916126754
50 0.6464575765826257
51 0.6464575765826257
52 0.7037554853173993
53 0.7037554853173993
54 0.6346427483203255
55 0.6346427483203255
56 0.7281915062174205
57 0.7281915062174205
58 0.6658114021617021
59 0.6658114021617021
60 0.5358062938161764
61 0.5358062938161764
62 0.6649165873925268
63 0.6649165873925268
64 0.6062075019028026
65 0.6062075019028026
66 0.6786376403407107
67 0.6786376403407107
68 0.7733987046837282
69 0.7733987046837282
70 0.5760866396833372
71 0.5760866396833372
72 0.7455079129204256
73 0.7455079129204256
74 0.5779365306347617
75 0.5779365306347617
76 0.588352287558491
77 0.588352287558491
78 0.7980741327901651
79 0.7980741327901651
80 0.6842140987962515
81 0.6842140987962515
82 0.6728160449517675
83 0.6728160449517675
84 0.6176468723563107
85 0.6176468723563107
86 0.6257329933739006
87 0.6257329933739006
88 0.6985962072219587
89 0.6985962072219587
90 0.7405794393288009
91 0.7405794393288009
92 0.6922460447861167
93 0.6922460447861167
94 0.6562725338222594
95 0.6562725338222594
96 0.7940959861695568
97 0.7940959861695568
98 0.6661254131931001
99 0.6661254131931001
100 0.7437009167712827
101 0.7437009167712827
102 0.8104429594853118
103 0.8104429594853118
104 0.6396630636999152
105 0.6396630636999152
106 0.6777279549050782
107 0.6777279549050782
108 0.702816652984767
109 0.702816652984767
110 0.47259038664196684
111 0.47259038664196684
112 0.6146061006190628
113 0.6146061006190628
114 0.5448073811482105
115 0.5448073811482105
116 0.6469180447423226
117 0.6469180447423226
118 0.7077204009602118
119 0.7077204009602118
120 0.7526475280676004
121 0.7526475280676004
122 0.7101984191802333
123 0.7101984191802333
124 0.5630053755367874
125 0.5630053755367874
126 0.5212703597691459
127 0.5212703597691459
128 0.6193286619085163
129 0.6193286619085163
130 0.6517832691259425
131 0.6517832691259425
132 0.6150076870094826
133 0.6150076870094826
134 0.6211583469866222
135 0.6211583469866222
136 0.6938391467974301
137 0.6938391467974301
138 0.7410790918813844
139 0.7410790918813844
140 0.6047002492881852
141 0.6047002492881852
142 0.591737203660789
143 0.591737203660789
144 0.6798258415321321
145 0.6798258415321321
146 0.595465453971983
147 0.595465453971983
148 0.6460503733905538
149 0.6460503733905538
150 0.6298483966173599
151 0.6298483966173599
152 0.6701316169543925
153 0.6701316169543925
154 0.7396003722262785
155 0.7396003722262785
156 0.6698105414419925
157 0.6698105414419925
158 0.753335139054278
159 0.753335139054278
160 0.7116112744296222
161 0.7116112744296222
162 0.6478911131639487
163 0.6478911131639487
164 0.7593609538496952
165 0.7593609538496952
166 0.672956164295406
167 0.672956164295406
168 0.5771020204040928
169 0.5771020204040928
170 0.6180891201943535
171 0.6180891201943535
172 0.7505861350875873
173 0.7505861350875873
174 0.5804548335658457
175 0.5804548335658457
176 0.6799333214388096
177 0.6799333214388096
178 0.6155591012607168
179 0.6155591012607168
180 0.5800493808186077
181 0.5800493808186077
182 0.6607775770411286
183 0.6607775770411286
184 0.5358400657551801
185 0.5358400657551801
186 0.646337389712119
187 0.646337389712119
188 0.6159287218622527
189 0.6159287218622527
190 0.4988943181940508
191 0.4988943181940508
192 0.6135349088046116
193 0.6135349088046116
194 0.7679013268385861
195 0.7679013268385861
196 0.6605353485231328
197 0.6605353485231328
198 0.7677104039798218
199 0.7677104039798218
200 0.6641532251553238
201 0.6641532251553238
202 0.7050309841990637
203 0.7050309841990637
204 0.5969038666133689
205 0.5969038666133689
206 0.6359974107899298
207 0.6359974107899298
208 0.6704975836207623
209 0.6704975836207623
210 0.7682659850702058
211 0.7682659850702058
212 0.6553794068437344
213 0.6553794068437344
214 0.5006075379444145
215 0.5006075379444145
216 0.6641295522888481
217 0.6641295522888481
218 0.6504378104375861
219 0.6504378104375861
220 0.6585150903907903
221 0.6585150903907903
222 0.564700835461707
223 0.564700835461707
224 0.5891291072663645
225 0.5891291072663645
226 0.6659421149804563
227 0.6659421149804563
228 0.6435894622247329
229 0.6435894622247329
230 0.630975147238158
231 0.630975147238158
232 0.7422345168683222
233 0.7422345168683222
234 0.5072846618372163
235 0.5072846618372163
236 0.6047801757440516
237 0.6047801757440516
238 0.6899593738984686
239 0.6899593738984686
240 0.7460186721700718
241 0.7460186721700718
242 0.5224801236631071
243 0.5224801236631071
244 0.7279428455219259
245 0.7279428455219259
246 0.6297054287547043
247 0.6297054287547043
248 0.6941079251889931
249 0.6941079251889931
250 0.6567247106651081
251 0.6567247106651081
252 0.5705694797118521
253 0.5705694797118521
254 0.6946531929963213
255 0.6946531929963213
256 0.6958116456476542
257 0.6958116456476542
258 0.6970731814853642
259 0.6970731814853642
260 0.7626143558259739
261 0.7626143558259739
262 0.6370220332046873
263 0.6370220332046873
264 0.6979793945361623
265 0.6979793945361623
266 0.5921686810660916
267 0.5921686810660916
268 0.7572627934954419
269 0.7572627934954419
270 0.6223918363680224
271 0.6223918363680224
272 0.62413313236091
273 0.62413313236091
274 0.7479013701998459
275 0.7479013701998459
276 0.5710800272304823
277 0.5710800272304823
278 0.6927897513190278
279 0.6927897513190278
280 0.5395024369503976
281 0.5395024369503976
282 0.6406136914430696
283 0.6406136914430696
284 0.592713176077279
285 0.592713176077279
286 0.8004051570353932
287 0.8004051570353932
288 0.643120130238648
289 0.643120130238648
290 0.645382985374074
291 0.645382985374074
292 0.5871701621740012
293 0.5871701621740012
294 0.5762133452762038
295 0.5762133452762038
296 0.4704366323764983
297 0.4704366323764983
298 0.7745841043462317
299 0.7745841043462317
300 0.6721792183408851
301 0.6721792183408851
302 0.5985397556305231
303 0.5985397556305231
304 0.5697332370506533
305 0.5697332370506533
306 0.6099494425025189
307 0.6099494425025189
308 0.6630258022169014
309 0.6630258022169014
310 0.7602909328970324
311 3.3450437347687294
312 3.3450437347687294
313 3.364315269572203
314 3.364315269572203
315 3.3304380193336653
316 3.3304380193336653
317 3.1476046591995983
318 3.1476046591995983
319 3.48744568550282
320 3.48744568550282
321 2.4854109817022927
322 2.4854109817022927
323 3.2288804027044047
324 3.2288804027044047
325 2.7064733550240807
326 2.7064733550240807
327 2.6409801797705112
328 2.6409801797705112
329 2.9956885556106365
330 2.9956885556106365
331 3.118039845136943
332 3.118039845136943
333 2.698913609052946
334 2.698913609052946
335 3.2176328860039707
336 3.2176328860039707
337 2.863046286867161
338 2.863046286867161
339 2.9217165995350416
340 2.9217165995350416
341 2.5296965699817098
342 2.5296965699817098
343 3.042222088409897
344 3.042222088409897
345 2.847637545023842
346 2.847637545023842
347 3.085188733002337
348 3.085188733002337
349 3.079203072723899
350 3.079203072723899
351 2.869628055961833
352 2.869628055961833
353 3.3043788304689485
354 3.3043788304689485
355 3.8138865623003344
356 3.8138865623003344
357 2.581100040985747
358 2.581100040985747
359 3.1499832816790763
360 3.1499832816790763
361 2.9730175047828884
362 2.9730175047828884
363 2.4498971105839464
364 2.4498971105839464
365 2.76668030382983
366 2.76668030382983
367 2.4740067549388223
368 2.4740067549388223
369 3.244419144989803
370 3.244419144989803
371 3.0894589431480277
372 3.0894589431480277
373 2.8443779458097347
374 2.8443779458097347
375 2.6783386745227147
376 2.6783386745227147
377 3.2965389310939304
378 3.2965389310939304
379 2.5962056715723527
380 2.5962056715723527
381 2.4359615287000747
382 2.4359615287000747
383 2.7108040906573883
384 2.7108040906573883
385 3.2854266288531595
386 3.2854266288531595
387 2.9124134653274667
388 2.9124134653274667
389 3.0039373678088195
390 3.0039373678088195
391 2.5973665156798287
392 2.5973665156798287
393 2.5934910297287095
394 0.7150496296761806
395 0.7150496296761806
396 0.6875406722515358
397 0.6875406722515358
398 0.6258219914136053
399 0.6258219914136053
400 0.5848035668463831
401 0.5848035668463831
402 0.5815361289758753
403 0.5815361289758753
404 0.6696922178181727
405 0.6696922178181727
406 0.6405079887604633
407 0.6405079887604633
408 0.590187952645911
409 0.590187952645911
410 0.6002868417224201
411 0.6002868417224201
412 0.6981057722215053
413 0.6981057722215053
414 0.5511296829931212
415 0.5511296829931212
416 0.6110579032902723
417 0.6110579032902723
418 0.5932458890402758
419 0.5932458890402758
420 0.5873763455484258
421 0.5873763455484258
422 0.6622372271557196
423 0.6622372271557196
424 0.7456026750493033
425 0.7456026750493033
426 0.57902718992767
427 0.57902718992767
428 0.625804093851845
429 0.625804093851845
430 0.6265330608216919
431 0.6265330608216919
432 0.6370463323787279
433 0.6370463323787279
434 0.8002877760389976
435 0.8002877760389976
436 0.6351994485211109
437 0.6351994485211109
438 0.7694877748716572
439 0.7694877748716572
440 0.7520479143032099
441 0.7520479143032099
442 0.7052606696264649
443 0.7052606696264649
444 0.7736972280161543
445 0.7736972280161543
446 0.58663305247158
447 0.58663305247158
448 0.6647948483733637
449 0.6647948483733637
450 0.6164716291440557
451 0.6164716291440557
452 0.6298698142593739
453 0.6298698142593739
454 0.6089225943746569
455 0.6089225943746569
456 0.6310817941314282
457 0.6310817941314282
458 0.5420291354044182
459 0.5420291354044182
460 0.7232762390062799
461 0.7232762390062799
462 0.6483229874480867
463 0.6483229874480867
464 0.7330687174778315
465 0.7330687174778315
466 0.6922025091577599
467 0.6922025091577599
468 0.6859442867882888
469 0.6859442867882888
470 0.6797767442449267
471 0.6797767442449267
472 0.5701712341943563
473 0.5701712341943563
474 0.7805094218695742
475 0.7805094218695742
476 0.5907638206828976
477 0.5907638206828976
478 0.5713779719819944
479 0.5713779719819944
480 0.5399229917121078
481 0.5399229917121078
482 0.7553865746437088
483 0.7553865746437088
484 0.7566180000942441
485 0.7566180000942441
486 0.6256402953938534
487 0.6256402953938534
488 0.6526066617699193
489 0.6526066617699193
490 0.7498039896545309
491 0.7498039896545309
492 0.7136156713483081
493 0.7136156713483081
494 0.6335984820074213
495 0.6335984820074213
496 0.6418770742729495
497 0.6418770742729495
498 0.6949215214696471
499 0.6949215214696471
500 0.6959025815150094
501 0.6959025815150094
502 0.5751809814638795
503 0.5751809814638795
504 0.7265696534269795
505 0.7265696534269795
506 0.6853440313650389
507 0.6853440313650389
508 0.6949850152066298
509 0.6949850152066298
510 0.6571604423717702
511 0.6571604423717702
512 0.6427094328232955
513 0.6427094328232955
514 0.7067585137992207
515 0.7067585137992207
516 0.7115178302652299
517 0.7115178302652299
518 0.6711760213487827
519 0.6711760213487827
520 0.6967328437768573
521 0.6967328437768573
522 0.5955920936477469
523 0.5955920936477469
524 0.5161017768276552
525 0.5161017768276552
526 0.6388482788738641
527 0.6388482788738641
528 0.8215981294716515
529 0.8215981294716515
530 0.7221876612748754
531 0.7221876612748754
532 0.6305257825827357
533 0.6305257825827357
534 0.6165321647783304
535 0.6165321647783304
536 0.7859311401266622
537 0.7859311401266622
538 0.5043757554817279
539 0.5043757554817279
540 0.6495187331786784
541 0.6495187331786784
542 0.6736391519007212
543 0.6736391519007212
544 0.7914099320417215
545 0.7914099320417215
546 0.5509888867593782
547 0.5509888867593782
548 0.6038066074196302
549 0.6038066074196302
550 0.5799807425859078
551 0.5799807425859078
552 0.6298549098882167
553 0.6298549098882167
554 0.650179358431848
555 0.650179358431848
556 0.72924102756993
557 0.72924102756993
558 0.6746496085511222
559 0.6746496085511222
560 0.6815594743571971
561 0.6815594743571971
562 2.6794102179175683
563 2.6794102179175683
564 3.640675167863038
565 3.640675167863038
566 3.9129920644815535
567 3.9129920644815535
568 3.5952237465537635
569 3.5952237465537635
570 3.317036529725295
571 3.317036529725295
572 3.272702598744429
573 3.272702598744429
574 3.10363070181722
575 3.10363070181722
576 3.417011574640639
577 3.417011574640639
578 3.853991447006847
579 3.853991447006847
580 3.2409080182873056
581 3.2409080182873056
582 4.03349381682863
583 4.03349381682863
584 2.739767775863567
585 2.739767775863567
586 2.998768776881755
587 2.998768776881755
588 3.324067282333244
589 3.324067282333244
590 3.204575411104674
591 3.204575411104674
592 3.2220875839827907
593 3.2220875839827907
594 3.095078871245769
595 3.095078871245769
596 3.1993381246493624
597 3.1993381246493624
598 3.692529433131247
599 3.692529433131247
600 3.464852312000469
601 3.464852312000469
602 3.0781981130912244
603 3.0781981130912244
604 3.4785379198821076
605 3.4785379198821076
606 4.04301294873497
607 4.04301294873497
608 2.714308848978903
609 2.714308848978903
610 3.282413069419687
611 3.282413069419687
612 2.52368051328473
613 2.52368051328473
614 3.887984071947499
615 3.887984071947499
616 3.5759085712825662
617 3.5759085712825662
618 3.05381800209807
619 3.05381800209807
620 3.134283161506244
621 3.134283161506244
622 3.4579722135696485
623 3.4579722135696485
624 3.5731445829612634
625 3.5731445829612634
626 3.9368571577691895
627 3.9368571577691895
628 2.7078347513867995
629 2.7078347513867995
630 3.4427522833779185
631 3.4427522833779185
632 3.1762879580980035
633 3.1762879580980035
634 2.8305659303690707
635 2.8305659303690707
636 3.127579828526537
637 3.127579828526537
638 3.8351383057604913
639 3.8351383057604913
640 2.9354781247980566
641 2.9354781247980566
642 3.735614424189152
643 3.735614424189152
644 3.8692930031508244
645 3.8692930031508244
646 3.3165877492236966
647 3.3165877492236966
648 3.9084488600819247
649 3.9084488600819247
650 3.0016181465819933
651 3.0016181465819933
652 3.3555194948705465
653 3.3555194948705465
654 3.711881669002372
655 3.711881669002372
656 3.8805384138640733
657 3.8805384138640733
658 2.8104101434940802
659 2.8104101434940802
660 3.0070904249132884
661 3.0070904249132884
662 3.671449615155949
663 3.671449615155949
664 3.5743855712218537
665 3.5743855712218537
666 3.4900187112604715
667 3.4900187112604715
668 3.0904610601043094
669 3.0904610601043094
670 2.8583543385162664
671 2.8583543385162664
672 3.266325952439038
673 3.266325952439038
674 3.6243323164561936
675 3.6243323164561936
676 3.099509802529292
677 3.099509802529292
678 2.6914241048577496
679 2.6914241048577496
680 3.439114172818436
681 3.439114172818436
682 3.9983175310217223
683 3.9983175310217223
684 4.293237205302084
685 4.293237205302084
686 3.7193485893319838
687 3.7193485893319838
688 3.0403174892580926
689 3.0403174892580926
690 3.04568318339988
691 3.04568318339988
692 4.147619250665739
693 4.147619250665739
694 3.873116827072707
695 3.873116827072707
696 3.6406265690176762
697 3.6406265690176762
698 3.9499852465368317
699 3.9499852465368317
700 3.9576709377636803
701 3.9576709377636803
702 3.3852859073988597
703 3.3852859073988597
704 3.938298027333176
705 3.938298027333176
706 4.447369989264068
707 4.447369989264068
708 3.5843117197971424
709 3.5843117197971424
710 3.661505370183795
711 3.661505370183795
712 4.642396883509376
713 4.642396883509376
714 4.067176852039505
715 4.067176852039505
716 4.088235769765999
717 4.088235769765999
718 4.58673282876311
719 4.58673282876311
720 0.6304245470745081
721 0.6304245470745081
722 0.7360653127624469
723 0.7360653127624469
724 0.7130976083877054
725 0.7130976083877054
726 0.7145058654887834
727 0.7145058654887834
728 0.6757592165049939
729 0.6757592165049939
730 0.599334121235733
731 0.599334121235733
732 0.6098623724055567
733 0.6098623724055567
734 0.48771822177798485
735 0.48771822177798485
736 0.5805391251218525
737 0.5805391251218525
738 0.6101933354281585
739 0.6101933354281585
740 0.5276690808043112
741 0.5276690808043112
742 0.6620963703336292
743 0.6620963703336292
744 0.6852953120985336
745 0.6852953120985336
746 0.640750258542346
747 0.640750258542346
748 0.6963406151683712
749 0.6963406151683712
750 0.7187357286829437
751 0.7187357286829437
752 0.5739484726607453
753 0.5739484726607453
754 0.5567791827033771
755 0.5567791827033771
756 0.6619726379593898
757 0.6619726379593898
758 0.6793744462708396
759 0.6793744462708396
760 0.5430863175623546
761 0.5430863175623546
762 0.6083342025358186
763 0.6083342025358186
764 0.6400164858048334
765 0.6400164858048334
766 0.699018869619924
767 0.699018869619924
768 0.6787791689290376
769 0.6787791689290376
770 0.5574226959297072
771 0.5574226959297072
772 0.60276198655056
773 0.60276198655056
774 0.6469829231883899
775 0.6469829231883899
776 0.6890660861005484
777 0.6890660861005484
778 0.6794684970128644
779 0.6794684970128644
780 0.6421837484712154
781 0.6421837484712154
782 0.6238678084052691
783 0.6238678084052691
784 0.659643259510736
785 0.659643259510736
786 0.5975919785251096
787 0.5975919785251096
788 0.6226507831439733
789 0.6226507831439733
790 0.6462335592760241
791 0.6462335592760241
792 0.6902158371172833
793 0.6902158371172833
794 0.6178525565463516
795 0.6178525565463516
796 0.6563742827772145
797 0.6563742827772145
798 0.6505998843513325
799 0.6505998843513325
800 0.6467929719008121
801 0.6467929719008121
802 0.5725168010307882
803 0.5725168010307882
804 0.586449188490768
805 0.586449188490768
806 0.6283761106954636
807 0.6283761106954636
808 0.772065469898662
809 0.772065469898662
810 0.6257154265083184
811 0.6257154265083184
812 0.6285995251043833
813 0.6285995251043833
814 0.6622060307023852
815 0.6622060307023852
816 0.70674393935669
817 0.70674393935669
818 0.5553922900113075
819 0.5553922900113075
820 0.648448091267872
821 0.648448091267872
822 0.6448574624859797
823 0.6448574624859797
824 0.8071410848692563
825 0.8071410848692563
826 0.6093964304327298
827 0.6093964304327298
828 0.592421619677729
829 0.592421619677729
830 0.603972712865125
831 0.603972712865125
832 0.7658402330293518
833 0.7658402330293518
834 0.7192453874641845
835 0.7192453874641845
836 0.17032303266312282
837 0.17032303266312282
838 0.1887503146006239
839 0.1887503146006239
840 0.19413929816288739
841 0.19413929816288739
842 0.18851559965682052
843 0.18851559965682052
844 0.19263195529369856
845 0.19263195529369856
846 0.17805501764157353
847 0.17805501764157353
848 0.20710710127021645
849 0.20710710127021645
850 0.21463213224512742
851 0.21463213224512742
852 0.19274316031048502
853 0.19274316031048502
854 0.20435005090124003
855 0.20435005090124003
856 0.2133919946448632
857 0.2133919946448632
858 0.21666154158925394
859 0.21666154158925394
860 0.22165844838557952
861 0.22165844838557952
862 0.1994722885492095
863 0.1994722885492095
864 0.18825993161087407
865 0.18825993161087407
866 0.16859255165538384
867 0.16859255165538384
868 0.2700023119418644
869 0.2700023119418644
870 0.1741700614796364
871 0.1741700614796364
872 0.22209049826240532
873 0.22209049826240532
874 0.18322819038076016
875 0.18322819038076016
876 0.22355278259319628
877 0.22355278259319628
878 0.2126170431271731
879 0.2126170431271731
880 0.16165407815156366
881 0.16165407815156366
882 0.18829914164872377
883 0.18829914164872377
884 0.19294038684985618
885 0.19294038684985618
886 0.22223378960268958
887 0.22223378960268958
888 0.21719947354219893
889 0.21719947354219893
890 0.19853142519089167
891 0.19853142519089167
892 0.17426410022134992
893 0.17426410022134992
894 0.18411876068041294
895 0.18411876068041294
896 0.21057935628384666
897 0.21057935628384666
898 0.19461616822061534
899 0.19461616822061534
900 0.19160282336962955
901 0.19160282336962955
902 0.1943350354412851
903 0.1943350354412851
904 0.20741104427219112
905 0.20741104427219112
906 0.2199113273284703
907 0.2199113273284703
908 0.1761736534622608
909 0.1761736534622608
910 0.19909799349413657
911 0.19909799349413657
912 0.18168624550486312
913 0.18168624550486312
914 0.20908987015497302
915 0.20908987015497302
916 0.2248624416735392
917 0.2248624416735392
918 0.23036561068224426
919 0.23036561068224426
920 0.25749809674374147
921 0.25749809674374147
922 0.2152255636161446
923 0.2152255636161446
924 0.2201074788055578
925 0.2201074788055578
926 0.1815102920407723
927 0.1815102920407723
928 0.2168033067016895
929 0.2168033067016895
930 0.21040962205718935
931 0.21040962205718935
932 0.23199994439541918
933 0.23199994439541918
934 0.22709718893223643
935 0.22709718893223643
936 0.2149835867595699
937 0.2149835867595699
938 0.23671752670972876
939 1.7894149317952859
940 1.7894149317952859
941 1.6660429751024655
942 1.6660429751024655
943 1.7932674588203659
944 1.7932674588203659
945 1.8969360900039054
946 1.8969360900039054
947 2.1616802095726606
948 2.1616802095726606
949 1.952403601571358
950 1.952403601571358
951 2.4410084035283113
952 2.4410084035283113
953 1.902219914617921
954 1.902219914617921
955 2.0384321433517227
956 2.0384321433517227
957 1.8998650336008884
958 1.8998650336008884
959 2.508545074873644
960 2.508545074873644
961 2.192672209983674
962 2.192672209983674
963 2.067319650486266
964 2.067319650486266
965 2.160202687005996
966 2.160202687005996
967 2.0474005647401117
968 2.0474005647401117
969 1.9561713833159287
970 1.9561713833159287
971 2.1136497808696486
972 2.1136497808696486
973 1.8805320477176368
974 1.8805320477176368
975 1.9986759814700485
976 1.9986759814700485
977 2.0962965568774683
978 2.0962965568774683
979 2.200415974375166
980 2.200415974375166
981 1.87512691785747
982 1.87512691785747
983 2.269138361486908
984 2.269138361486908
985 2.0691722729256163
986 2.0691722729256163
987 2.9750775617929377
988 2.9750775617929377
989 2.4649311248861845
990 2.4649311248861845
991 2.7236399330386627
992 2.7236399330386627
993 2.8480024690280366
994 2.8480024690280366
995 2.5077998549855827
996 2.5077998549855827
997 2.613415585160722
998 2.613415585160722
999 2.877857009234306
1000 2.877857009234306
1001 2.047174545680224
1002 2.047174545680224
1003 2.6864686184449966
1004 2.6864686184449966
1005 2.8455794837251784
1006 2.8455794837251784
1007 2.2606585566730337
1008 2.2606585566730337
1009 2.2574737085971135
1010 2.2574737085971135
1011 2.475002154258999
1012 2.475002154258999
1013 2.433992184094659
1014 4.195867375071904
1015 4.195867375071904
1016 4.548271757015165
1017 4.548271757015165
1018 3.734914958696781
1019 3.734914958696781
1020 4.269119251294716
1021 4.269119251294716
1022 3.1561949592512573
1023 3.1561949592512573
1024 3.519139373005012
1025 3.519139373005012
1026 3.958657939517706
1027 3.958657939517706
1028 3.567458488882819
1029 3.567458488882819
1030 3.5977339396699386
1031 3.5977339396699386
1032 4.204559000437667
1033 4.204559000437667
1034 3.5383333532513532
1035 3.5383333532513532
1036 4.513858766059464
1037 4.513858766059464
1038 3.8033201032190913
1039 3.8033201032190913
1040 3.072886058439438
1041 3.072886058439438
1042 4.12785983226574
1043 4.12785983226574
1044 4.168168020369044
1045 4.168168020369044
1046 4.1747054693834995
1047 4.1747054693834995
1048 4.196666808961366
1049 0.6842717118433532
1050 0.6842717118433532
1051 0.6500873603939905
1052 0.6500873603939905
1053 0.6644863293318932
1054 0.6644863293318932
1055 0.5797958007017607
1056 0.5797958007017607
1057 0.5784975129531338
1058 0.5784975129531338
1059 0.6483099360775376
1060 0.6483099360775376
1061 0.7223250358982527
1062 0.7223250358982527
1063 0.78897123381536
1064 0.78897123381536
1065 0.619154255312011
1066 0.619154255312011
1067 0.6378312091849488
1068 0.6378312091849488
1069 0.6878126902658125
1070 0.6878126902658125
1071 0.5409594629564121
1072 0.5409594629564121
1073 0.6101468146318063
1074 0.6101468146318063
1075 0.6259954250852008
1076 0.6259954250852008
1077 0.6711058938065804
1078 0.6711058938065804
1079 0.7573338427097769
1080 0.7573338427097769
1081 0.6856069495147363
1082 0.6856069495147363
1083 0.7174102830043881
1084 0.7174102830043881
1085 0.6788831098835904
1086 0.6788831098835904
1087 0.7696289539063169
1088 0.7696289539063169
1089 0.637840338898283
1090 0.637840338898283
1091 0.6393408549009547
1092 0.6393408549009547
1093 0.6333335688522115
1094 0.6333335688522115
1095 0.7735948025123414
1096 0.7735948025123414
1097 0.6668419474620443
1098 0.6668419474620443
1099 0.6849187086269345
1100 0.6849187086269345
1101 0.566076285856117
1102 0.566076285856117
1103 0.5573295264448127
1104 0.5573295264448127
1105 0.8115667558705429
1106 0.8115667558705429
1107 0.6228612166410912
1108 0.6228612166410912
1109 0.6453840297801937
1110 0.6453840297801937
1111 0.6355173309535764
1112 0.6355173309535764
1113 0.6381457123895322
1114 0.6381457123895322
1115 0.6823610526765748
1116 0.6823610526765748
1117 0.7523951291926121
1118 0.7523951291926121
1119 0.5738752035464707
1120 0.5738752035464707
1121 0.698692569422841
1122 0.698692569422841
1123 0.7075051550200584
1124 0.7075051550200584
1125 0.6155784886697698
1126 0.6155784886697698
1127 0.5259724860548093
1128 0.5259724860548093
1129 0.7298635230544933
1130 0.7298635230544933
1131 0.6503333567357963
1132 0.6503333567357963
1133 0.6386493870478571
1134 0.6386493870478571
1135 0.5686898909037765
1136 0.5686898909037765
1137 0.7092591695900179
1138 0.7092591695900179
1139 0.6364265576923982
1140 0.6364265576923982
1141 0.5761594940956604
1142 0.5761594940956604
1143 0.6649928110353827
1144 0.6649928110353827
1145 0.5863363102247282
1146 0.5863363102247282
1147 0.6206747849801748
1148 0.6206747849801748
1149 0.7205284127132753
1150 0.7205284127132753
1151 0.6316220948978702
1152 0.6316220948978702
1153 0.5620877853928891
1154 0.5620877853928891
1155 0.6129832598872801
1156 0.6129832598872801
1157 0.5960073890559596
1158 0.5960073890559596
1159 0.6550388319780831
1160 0.6550388319780831
1161 0.6482120173161541
1162 0.6482120173161541
1163 0.5463789188252044
1164 2.8650964483630856
1165 2.8650964483630856
1166 3.0675162514754715
1167 3.0675162514754715
1168 3.021352300062799
1169 3.021352300062799
1170 2.659849664842845
1171 2.659849664842845
1172 3.1986438442104137
1173 3.1986438442104137
1174 2.64113726923516
1175 2.64113726923516
1176 2.974008152616178
1177 2.974008152616178
1178 2.6559390802627543
1179 2.6559390802627543
1180 3.1473012454941403
1181 3.1473012454941403
1182 2.300474185324844
1183 2.300474185324844
1184 2.5777959095046175
1185 2.5777959095046175
1186 2.8434807145355627
1187 2.8434807145355627
1188 2.583923963611626
1189 2.583923963611626
1190 2.5175114309554143
1191 2.5175114309554143
1192 3.6706262375192256
1193 3.6706262375192256
1194 2.925261342113091
1195 2.925261342113091
1196 3.04497736092965
1197 3.04497736092965
1198 3.5725125072287076
1199 3.5725125072287076
1200 2.766587941451362
1201 2.766587941451362
1202 2.530989154503385
1203 2.530989154503385
1204 3.1840449854824913
1205 3.1840449854824913
1206 3.017636173357995
1207 3.017636173357995
1208 2.9401362267428404
1209 2.9401362267428404
1210 2.8732812745417857
1211 2.8732812745417857
1212 3.068163594245987
1213 3.068163594245987
1214 2.8713085099075024
1215 2.8713085099075024
1216 2.887035734492217
1217 2.887035734492217
1218 3.6514540813711287
1219 3.6514540813711287
1220 2.6010563475329818
1221 2.6010563475329818
1222 3.149131730191297
1223 3.149131730191297
1224 3.6508316942527483
1225 3.6508316942527483
1226 3.454840949667863
1227 3.454840949667863
1228 2.622349358603155
1229 2.622349358603155
1230 2.8121576891113444
1231 2.8121576891113444
1232 2.9509360997335214
1233 2.9509360997335214
1234 3.4588881685631305
1235 3.4588881685631305
1236 2.9523814508370383
1237 2.9523814508370383
1238 3.238151640149728
1239 3.238151640149728
1240 3.3562150792380714
1241 3.3562150792380714
1242 3.0655406128931117
1243 3.0655406128931117
1244 2.8631481761118125
1245 2.8631481761118125
1246 3.0149649472566904
1247 3.0149649472566904
1248 3.350849421583852
1249 3.350849421583852
1250 3.0885855832794213
1251 3.0885855832794213
1252 2.721573698832537
1253 2.721573698832537
1254 3.017993419863087
1255 3.017993419863087
1256 3.138842685644679
1257 3.138842685644679
1258 4.26598795349903
1259 4.26598795349903
1260 3.1360880488517795
1261 3.1360880488517795
1262 3.3132828951525704
1263 3.3132828951525704
1264 2.929572572112739
1265 2.929572572112739
1266 2.980084429928064
1267 2.980084429928064
1268 3.2149907195637817
1269 3.2149907195637817
1270 3.8199420742128045
1271 3.8199420742128045
1272 2.9824403472173597
1273 2.9824403472173597
1274 2.9647338849887515
1275 2.9647338849887515
1276 2.8486250352059264
1277 2.8486250352059264
1278 3.6830812189803837
1279 3.6830812189803837
1280 3.678636179158825
1281 3.678636179158825
1282 3.5795313950097394
1283 3.5795313950097394
1284 3.7011618766235532
1285 3.7011618766235532
1286 3.0200618435143047
1287 3.0200618435143047
1288 2.627384728760404
1289 2.627384728760404
1290 3.068780477869059
1291 3.068780477869059
1292 3.6775987524358307
1293 3.6775987524358307
1294 3.7345601815456293
1295 3.7345601815456293
1296 3.54161953644045
1297 3.54161953644045
1298 3.250362228956399
1299 3.250362228956399
1300 3.264028428170524
1301 3.264028428170524
1302 3.3570670165189833
1303 3.3570670165189833
1304 3.478231879468874
1305 3.478231879468874
1306 2.7256221688498963
1307 2.7256221688498963
1308 3.1289018897258245
1309 3.1289018897258245
1310 4.055203205417577
1311 4.055203205417577
1312 3.71144285767868
1313 3.71144285767868
1314 3.0835283036746066
1315 3.0835283036746066
1316 3.937103008338356
1317 3.937103008338356
1318 2.6643671996158567
1319 2.6643671996158567
1320 3.8909819214726022
1321 3.8909819214726022
1322 3.484992416284051
1323 3.484992416284051
1324 4.329475581574569
1325 4.329475581574569
1326 3.104602868154683
1327 3.104602868154683
1328 3.380453118009508
1329 3.380453118009508
1330 3.5579322179434225
1331 3.5579322179434225
1332 3.32479629262252
1333 3.32479629262252
1334 3.5057803600861925
1335 3.5057803600861925
1336 3.713322105279839
1337 3.713322105279839
1338 3.0447923271573316
1339 3.0447923271573316
1340 3.480971148727486
1341 3.480971148727486
1342 3.595267054567208
1343 3.595267054567208
1344 3.4763765336527697
1345 3.4763765336527697
1346 2.3824406834605423
1347 2.3824406834605423
1348 2.9796487954005784
1349 2.9796487954005784
1350 2.7951438891877287
1351 2.7951438891877287
1352 2.975287991536041
1353 2.975287991536041
1354 3.8075422990361725
1355 3.8075422990361725
1356 4.137376372577412
1357 4.137376372577412
1358 3.951021707454731
1359 3.951021707454731
1360 3.653347666612602
1361 3.653347666612602
1362 3.5986567901728908
1363 3.5986567901728908
1364 3.48220808974984
1365 3.48220808974984
1366 3.7360384265418167
1367 3.7360384265418167
1368 2.4915961415695795
1369 2.4915961415695795
1370 3.6147549168220467
1371 3.6147549168220467
1372 3.5004651736579855
1373 3.5004651736579855
1374 3.427009298057099
1375 3.427009298057099
1376 3.4360578199388794
1377 3.4360578199388794
1378 2.7560518580876368
1379 2.7560518580876368
1380 2.9813177416974432
1381 2.9813177416974432
1382 3.565147571111241
1383 3.565147571111241
1384 3.871562459538356
1385 3.871562459538356
1386 3.080381629337004
1387 3.080381629337004
1388 3.817368088310288
1389 3.817368088310288
1390 3.803517306847871
1391 3.803517306847871
1392 3.418496188487621
1393 3.418496188487621
1394 3.4027979843798497
1395 3.4027979843798497
1396 3.0692470654118797
1397 3.0692470654118797
1398 3.495366788580305
1399 3.495366788580305
1400 3.7734598297503403
1401 3.7734598297503403
1402 3.39469689827601
1403 3.39469689827601
1404 2.9657008299475986
1405 2.9657008299475986
1406 3.6424782249102976
1407 3.6424782249102976
1408 3.734065280758824
1409 3.734065280758824
1410 3.6019016626265232
1411 3.6019016626265232
1412 3.415028450548244
1413 3.415028450548244
1414 4.195103546005291
1415 4.195103546005291
1416 2.9254978878779254
1417 2.9254978878779254
1418 3.4877883144454267
1419 3.4877883144454267
1420 3.4091110163455816
1421 3.4091110163455816
1422 3.6722222090805223
1423 3.6722222090805223
1424 3.6156900446462275
1425 3.6156900446462275
1426 3.5275656969090994
1427 3.5275656969090994
1428 4.084030536204731
1429 4.084030536204731
1430 3.9496522871323956
1431 3.9496522871323956
1432 3.4831788114028472
1433 3.4831788114028472
1434 3.0475587162574027
1435 3.0475587162574027
1436 3.311849207693033
1437 3.311849207693033
1438 3.729280011345352
1439 3.729280011345352
1440 3.60436025580609
1441 3.60436025580609
1442 3.582050016902268
1443 3.582050016902268
1444 4.032977148588949
1445 4.032977148588949
1446 3.3992866019811867
1447 3.3992866019811867
1448 2.96137606244087
1449 2.96137606244087
1450 3.185684263209135
1451 3.185684263209135
1452 2.97044981033132
1453 2.97044981033132
1454 2.6454902294821103
1455 1.0776890615493142
1456 1.0776890615493142
1457 1.5902827432832172
1458 1.5902827432832172
1459 1.588820151496711
1460 1.588820151496711
1461 1.4566396969111801
1462 1.4566396969111801
1463 1.6521106118281297
1464 1.6521106118281297
1465 1.6227221258895874
1466 1.6227221258895874
1467 1.3641844055088885
1468 1.3641844055088885
1469 1.7388329521277344
1470 1.7388329521277344
1471 1.3654306736338877
1472 1.3654306736338877
1473 1.7183334824681413
1474 1.7183334824681413
1475 1.5816512258772153
1476 1.5816512258772153
1477 1.6999485511012977
1478 1.6999485511012977
1479 1.510717078354153
1480 1.510717078354153
1481 1.5833057383337985
1482 1.5833057383337985
1483 1.5990753838007576
1484 1.5990753838007576
1485 1.9086500960616781
1486 1.9086500960616781
1487 1.254965252459807
1488 1.254965252459807
1489 1.4935598644901247
1490 1.4935598644901247
1491 1.7832078538567724
1492 1.7832078538567724
1493 1.5773758779590517
1494 1.5773758779590517
1495 1.5666093705401538
1496 1.5666093705401538
1497 1.484307678179533
1498 1.484307678179533
1499 1.6508477610539631
1500 1.6508477610539631
1501 1.5861322155874475
1502 1.5861322155874475
1503 0.8900201924080442
1504 0.8900201924080442
1505 1.0579331517331236
1506 1.0579331517331236
1507 1.2592442742964818
1508 1.2592442742964818
1509 1.0743477893969182
1510 1.0743477893969182
1511 1.05834991858882
1512 1.05834991858882
1513 1.083453444529254
1514 1.083453444529254
1515 1.2605999092591453
1516 1.2605999092591453
1517 0.8861979492740305
1518 0.8861979492740305
1519 1.251790268088242
1520 1.251790268088242
1521 1.0919053691710863
1522 1.0919053691710863
1523 1.1196126997884992
1524 1.1196126997884992
1525 1.252316588662659
1526 1.252316588662659
1527 1.1917695105010018
1528 1.1917695105010018
1529 1.1649230897545386
1530 1.1649230897545386
1531 0.9423684432363852
1532 0.9423684432363852
1533 1.0001230725777772
1534 1.0001230725777772
1535 1.3369522613078613
1536 1.3369522613078613
1537 0.9461250429449964
1538 0.9461250429449964
1539 1.0987488932748048
1540 1.0987488932748048
1541 1.3860338893480653
1542 1.3860338893480653
1543 1.121500611669543
1544 1.121500611669543
1545 1.0469526712709678
1546 1.0469526712709678
1547 1.0426531107122208
1548 1.0426531107122208
1549 1.2717848353013816
1550 1.2717848353013816
1551 1.0116992505288744
1552 1.0116992505288744
1553 0.9738275828603751
1554 0.9738275828603751
1555 1.1049439696097167
1556 1.1049439696097167
1557 0.812387529547002
1558 0.812387529547002
1559 3.630157283667071
1560 3.630157283667071
1561 3.196813830828428
1562 3.196813830828428
1563 3.8607959200258213
1564 3.8607959200258213
1565 4.07992001211536
1566 4.07992001211536
1567 3.735284039136252
1568 3.735284039136252
1569 4.206325418695958
1570 4.206325418695958
1571 2.873351783491124
1572 2.873351783491124
1573 3.653834586869104
1574 3.653834586869104
1575 3.746153757810117
1576 3.746153757810117
1577 4.266756430051214
1578 4.266756430051214
1579 4.489403198536855
1580 4.489403198536855
1581 2.892401833451529
1582 2.892401833451529
1583 4.212066250578454
1584 4.212066250578454
1585 3.8703871982170694
1586 3.8703871982170694
1587 3.43776102150155
1588 3.43776102150155
1589 4.2059065017583706
1590 4.2059065017583706
1591 3.9696930154520023
1592 3.9696930154520023
1593 4.568630071789274
1594 4.568630071789274
1595 3.4413311700142253
1596 3.4413311700142253
1597 3.8920487882698414
1598 3.8920487882698414
1599 3.2715432515599403
1600 3.2715432515599403
1601 3.712573542488691
1602 3.712573542488691
1603 3.1935955998144685
1604 3.1935955998144685
1605 4.27747592160942
1606 4.27747592160942
1607 4.3725653635064825
1608 4.3725653635064825
1609 3.4521012477492485
1610 3.4521012477492485
1611 3.7770355450900626
1612 3.7770355450900626
1613 3.956503808304892
1614 3.956503808304892
1615 3.729682991293879
1616 3.729682991293879
1617 3.8857028221410714
1618 3.8857028221410714
1619 3.923623271317099
1620 3.923623271317099
1621 3.1777580148951325
1622 3.1777580148951325
1623 4.035590120030765
1624 4.035590120030765
1625 4.108704854193012
1626 4.108704854193012
1627 3.1471292951214567
1628 3.1471292951214567
1629 3.260488539167965
1630 3.260488539167965
1631 3.9029982937107994
1632 3.9029982937107994
1633 4.168291765353828
1634 4.168291765353828
1635 3.99456144991714
1636 3.99456144991714
1637 4.39478877530511
1638 4.39478877530511
1639 4.419639800776769
1640 4.419639800776769
1641 3.894261816924148
1642 3.894261816924148
1643 3.82211206676479
1644 3.82211206676479
1645 4.303878496733638
1646 4.303878496733638
1647 3.6325415945460744
1648 3.6325415945460744
1649 4.276388319721189
1650 4.276388319721189
1651 3.463468537830614
1652 3.463468537830614
1653 3.7744894479611015
1654 3.7744894479611015
1655 4.035636058309958
1656 4.035636058309958
1657 4.17434142850703
1658 4.17434142850703
1659 4.616917057429739
1660 4.616917057429739
1661 3.9838563215506655
1662 3.9838563215506655
1663 4.521759413416018
1664 4.521759413416018
1665 4.505800078053106
1666 4.505800078053106
1667 4.526663201578489
1668 4.526663201578489
1669 4.55284269398107
1670 4.55284269398107
1671 3.5265294221799537
1672 3.5265294221799537
1673 3.1292222629597144
1674 3.1292222629597144
1675 4.063560439843975
1676 4.063560439843975
1677 3.162692683706865
1678 3.162692683706865
1679 3.9056165797772815
1680 3.9056165797772815
1681 3.180858969922523
1682 3.180858969922523
1683 4.5721416531872645
1684 4.5721416531872645
1685 3.8930968324624393
1686 3.8930968324624393
1687 3.4682023094769345
1688 3.4682023094769345
1689 4.101126248194364
1690 4.101126248194364
1691 3.6577398419634255
1692 3.6577398419634255
1693 3.9177628021375344
1694 3.9177628021375344
1695 4.770793692598276
1696 4.770793692598276
1697 3.900121230030367
1698 3.900121230030367
1699 3.8000857602951976
1700 3.8000857602951976
1701 3.6656234377778016
1702 3.6656234377778016
1703 4.125077003781139
1704 4.125077003781139
1705 3.1734465167181756
1706 3.1734465167181756
1707 3.9044654826512226
1708 3.9044654826512226
1709 3.5972652290215343
1710 3.5972652290215343
1711 3.6364367122226486
1712 3.6364367122226486
1713 3.768889294931212
1714 3.768889294931212
1715 3.685040127224486
1716 3.685040127224486
1717 3.117603657911953
1718 3.117603657911953
1719 3.295572266221549
1720 3.295572266221549
1721 3.3884458160748165
1722 3.3884458160748165
1723 4.161356055498361
1724 4.161356055498361
1725 3.201963320681568
1726 3.201963320681568
1727 3.918536944832572
1728 3.918536944832572
1729 3.80005148032936
1730 3.80005148032936
1731 3.66435048491946
1732 3.66435048491946
1733 2.7771199558475885
1734 2.7771199558475885
1735 3.1474710030186785
1736 3.1474710030186785
1737 4.4907762725593825
1738 4.4907762725593825
1739 4.822656635760557
1740 4.822656635760557
1741 3.705055579018197
1742 3.705055579018197
1743 3.9821347596023524
1744 3.9821347596023524
1745 3.343667830055039
1746 3.343667830055039
1747 3.717249660645885
1748 3.717249660645885
1749 3.7784131090084454
1750 3.7784131090084454
1751 4.187573117797775
1752 4.187573117797775
1753 3.428327235923352
1754 3.428327235923352
1755 3.4269265728876412
1756 3.4269265728876412
1757 4.630174596525125
1758 4.630174596525125
1759 3.4181455246915475
1760 3.4181455246915475
1761 3.946015970337183
1762 3.946015970337183
1763 4.442490561599367
1764 4.442490561599367
1765 4.5926263384038375
1766 4.5926263384038375
1767 4.2520105131019825
1768 4.2520105131019825
1769 3.7356050792034416
1770 3.7356050792034416
1771 4.110689811009014
1772 2.29224693046437
1773 2.29224693046437
1774 2.656906043079842
1775 2.656906043079842
1776 2.349669121206189
1777 2.349669121206189
1778 2.2985325610198695
1779 2.2985325610198695
1780 2.651227257342341
1781 2.651227257342341
1782 2.4805233795540684
1783 2.4805233795540684
1784 2.218490273227235
1785 2.218490273227235
1786 2.252659160331502
1787 2.252659160331502
1788 2.6824863452794636
1789 2.6824863452794636
1790 3.1361698876111705
1791 3.1361698876111705
1792 1.76707649458735
1793 1.76707649458735
1794 2.678853280603342
1795 2.678853280603342
1796 2.2082032879234124
1797 2.2082032879234124
1798 2.22705136460761
1799 2.22705136460761
1800 2.952518468778385
1801 2.952518468778385
1802 2.0896586605071925
1803 2.0896586605071925
1804 2.809099732257808
1805 2.809099732257808
1806 2.647577487377256
1807 2.647577487377256
1808 1.9444763515310464
1809 1.9444763515310464
1810 2.5649579920231735
1811 2.5649579920231735
1812 2.752471765578397
1813 2.752471765578397
1814 2.8370461276639833
1815 2.8370461276639833
1816 2.796153849403507
1817 2.796153849403507
1818 2.5470688883221744
1819 2.5470688883221744
1820 2.322433420767642
1821 2.322433420767642
1822 2.6085318414484893
1823 2.6085318414484893
1824 2.6418330753794406
1825 2.6418330753794406
1826 2.3128126067878396
1827 2.3128126067878396
1828 2.3289676917146713
1829 2.3289676917146713
1830 2.5560208665605897
1831 2.5560208665605897
1832 2.0954644243865554
1833 2.0954644243865554
1834 2.6073662112195675
1835 2.6073662112195675
1836 3.093430578981976
1837 3.093430578981976
1838 2.409979554785444
1839 2.409979554785444
1840 2.575188602428473
1841 2.575188602428473
1842 2.407062037779924
1843 2.407062037779924
1844 2.861385936004578
1845 2.861385936004578
1846 2.76732362489262
1847 2.76732362489262
1848 2.384163478371092
1849 2.384163478371092
1850 2.2710379192735797
1851 2.2710379192735797
1852 2.7716997676200172
1853 2.7716997676200172
1854 2.5615969728763788
1855 2.5615969728763788
1856 2.844630331652649
1857 2.844630331652649
1858 2.569384006331004
1859 3.16157097958004
1860 3.16157097958004
1861 2.8174306404722405
1862 2.8174306404722405
1863 2.794628650100798
1864 2.794628650100798
1865 2.3639858998631453
1866 2.3639858998631453
1867 2.7089985642778367
1868 2.7089985642778367
1869 3.467024292244873
1870 3.467024292244873
1871 2.50795078507779
1872 2.50795078507779
1873 2.6518167530618326
1874 2.6518167530618326
1875 2.882740175565154
1876 2.882740175565154
1877 2.745413023407384
1878 2.745413023407384
1879 2.8666345784842804
1880 2.8666345784842804
1881 3.988667265719594
1882 3.988667265719594
1883 3.185589542741319
1884 3.185589542741319
1885 2.293320561962936
1886 2.293320561962936
1887 0.9227432285059056
1888 0.9227432285059056
1889 1.2533354579716038
1890 1.2533354579716038
1891 1.0778336340703056
1892 1.0778336340703056
1893 1.0218189676550455
1894 1.0218189676550455
1895 1.2536691141357839
1896 1.2536691141357839
1897 1.253934429472692
1898 1.253934429472692
1899 0.9333439234666193
1900 0.9333439234666193
1901 1.096280874269892
1902 1.096280874269892
1903 1.1093222099185478
1904 1.1093222099185478
1905 0.9503496559774713
1906 0.9503496559774713
1907 1.2634654046084417
1908 1.2634654046084417
1909 1.197814581881296
1910 1.197814581881296
1911 0.9546621653568935
1912 0.9546621653568935
1913 1.0969177762260716
1914 1.0969177762260716
1915 1.0580609262739606
1916 1.0580609262739606
1917 1.2526315562048116
1918 1.2526315562048116
1919 1.076052854420556
1920 1.076052854420556
1921 1.220344834389222
1922 1.220344834389222
1923 1.1823883479912098
1924 1.1823883479912098
1925 1.3818256761950514
1926 1.3818256761950514
1927 0.9212423995022154
1928 0.9212423995022154
1929 0.9203463926129105
1930 0.9203463926129105
1931 0.9623194763415603
1932 0.9623194763415603
1933 1.239672712170056
1934 1.239672712170056
1935 1.280789652415993
1936 1.280789652415993
1937 1.1875992693881696
1938 1.1875992693881696
1939 1.0596255239447965
1940 1.0596255239447965
1941 1.0682704887154268
1942 1.0682704887154268
1943 1.2911683764449904
1944 1.2911683764449904
1945 1.2735724349283075
1946 1.2735724349283075
1947 1.063983683541603
1948 1.063983683541603
1949 1.0628832842188318
1950 1.0628832842188318
1951 1.2609906668649828
1952 1.2609906668649828
1953 0.8844828782882748
1954 0.8844828782882748
1955 1.2731052144503536
1956 1.2731052144503536
1957 0.8977951317603854
1958 0.8977951317603854
1959 0.975624549398729
1960 0.975624549398729
1961 1.1882559057083144
1962 1.1882559057083144
1963 1.0943217025027334
1964 1.0943217025027334
1965 1.1069985723516804
1966 1.1069985723516804
1967 1.0195185765249262
1968 1.0195185765249262
1969 1.058782056316348
1970 1.058782056316348
1971 1.2554492720644845
1972 1.2554492720644845
1973 1.0469728432409657
1974 0.2100386128612639
1975 0.2100386128612639
1976 0.19007473154765311
1977 0.19007473154765311
1978 0.20630719032857575
1979 0.20630719032857575
1980 0.16084665272508203
1981 0.16084665272508203
1982 0.19465222136460597
1983 0.19465222136460597
1984 0.20106906157855392
1985 0.20106906157855392
1986 0.18006059979267097
1987 0.18006059979267097
1988 0.19552846819936948
1989 0.19552846819936948
1990 0.21133431268032424
1991 0.21133431268032424
1992 0.2397384392484735
1993 0.2397384392484735
1994 0.17840910127758483
1995 0.17840910127758483
1996 0.20129394550385116
1997 0.20129394550385116
1998 0.16634248535890025
1999 0.16634248535890025
