0 1.1043968602839762
1 1.1043968602839762
2 1.1043968602839762
3 1.1043968602839762
4 1.3828329769634242
5 1.3828329769634242
6 1.3828329769634242
7 1.3828329769634242
8 1.2838005313411864
9 1.2838005313411864
10 1.2838005313411864
11 1.2838005313411864
12 1.0738298643262179
13 1.0738298643262179
14 1.0738298643262179
15 1.0738298643262179
16 1.1143556707344957
17 1.1143556707344957
18 0.5886222655710366
19 0.5886222655710366
20 0.5886222655710366
21 0.5886222655710366
22 0.5060996538731809
23 0.5060996538731809
24 0.5060996538731809
25 0.5060996538731809
26 0.7678691177938479
27 0.7678691177938479
28 0.7678691177938479
29 0.7678691177938479
30 0.5502618567274364
31 0.5502618567274364
32 0.5502618567274364
33 0.5502618567274364
34 0.5527607934690253
35 0.5527607934690253
36 0.5527607934690253
37 0.5527607934690253
38 0.7164792078287462
39 0.7164792078287462
40 0.7164792078287462
41 0.7164792078287462
42 0.8164296342491901
43 0.8164296342491901
44 0.8164296342491901
45 0.8164296342491901
46 0.6374746993516934
47 0.6374746993516934
48 0.6374746993516934
49 0.6374746993516934
50 0.26553701811591424
51 0.26553701811591424
52 0.26553701811591424
53 0.26553701811591424
54 0.7721064791557541
55 0.7721064791557541
56 0.7721064791557541
57 0.7721064791557541
58 0.7410633104013077
59 0.7410633104013077
60 0.7410633104013077
61 0.7410633104013077
62 0.5068705547119295
63 0.5068705547119295
64 0.5068705547119295
65 0.5068705547119295
66 0.7889895285404048
67 0.7889895285404048
68 0.7889895285404048
69 0.7889895285404048
70 0.7831636840039247
71 0.7831636840039247
72 0.7831636840039247
73 0.7831636840039247
74 0.7209895914992057
75 0.7209895914992057
76 0.7209895914992057
77 0.7209895914992057
78 0.6087154370635439
79 0.6087154370635439
80 0.6087154370635439
81 0.6087154370635439
82 0.7255073573039211
83 0.7255073573039211
84 0.7255073573039211
85 0.7255073573039211
86 0.6395584113797342
87 0.6395584113797342
88 0.6395584113797342
89 0.6395584113797342
90 0.5342616790586537
91 0.5342616790586537
92 0.5342616790586537
93 0.5342616790586537
94 0.6894793201251582
95 0.6894793201251582
96 0.6894793201251582
97 0.6894793201251582
98 0.5112386383663005
99 0.5112386383663005
100 0.5112386383663005
101 0.5112386383663005
102 0.7333965453419755
103 0.7333965453419755
104 0.7333965453419755
105 0.7333965453419755
106 0.634515064621308
107 0.634515064621308
108 0.634515064621308
109 0.634515064621308
110 0.5820962930392684
111 0.5820962930392684
112 0.5820962930392684
113 0.5820962930392684
114 0.8094750697219748
115 0.8094750697219748
116 0.8094750697219748
117 0.8094750697219748
118 1.3262494182292466
119 1.3262494182292466
120 1.3262494182292466
121 1.3262494182292466
122 1.0392320998408835
123 1.0392320998408835
124 1.0392320998408835
125 1.0392320998408835
126 1.1470645117562388
127 1.1470645117562388
128 1.1470645117562388
129 1.1470645117562388
130 1.4869745812782262
131 1.4869745812782262
132 1.4869745812782262
133 1.4869745812782262
134 0.7217646500677901
135 0.7217646500677901
136 0.7217646500677901
137 0.7217646500677901
138 1.0227407997402156
139 1.0227407997402156
140 1.0227407997402156
141 1.0227407997402156
142 0.6535647636881443
143 0.6535647636881443
144 0.6535647636881443
145 0.6535647636881443
146 1.3698588558119258
147 1.3698588558119258
148 1.3698588558119258
149 1.3698588558119258
150 0.9871544146334975
151 0.9871544146334975
152 0.9871544146334975
153 0.9871544146334975
154 1.0389004873019911
155 1.0389004873019911
156 1.0389004873019911
157 1.0389004873019911
158 1.2428303520518715
159 1.2428303520518715
160 1.2428303520518715
161 1.2428303520518715
162 1.0872107563812596
163 1.0872107563812596
164 1.0872107563812596
165 1.0872107563812596
166 1.1273714997973405
167 1.1273714997973405
168 1.1273714997973405
169 1.1273714997973405
170 0.7773110322051067
171 0.7773110322051067
172 0.7773110322051067
173 0.7773110322051067
174 1.0018517717662816
175 1.0018517717662816
176 1.0018517717662816
177 1.0018517717662816
178 0.6850489827286502
179 0.6850489827286502
180 0.6850489827286502
181 0.6850489827286502
182 1.3764959924888547
183 1.3764959924888547
184 1.3764959924888547
185 1.3764959924888547
186 0.9859557056690256
187 0.9859557056690256
188 0.9859557056690256
189 0.9859557056690256
190 0.9570493159172536
191 0.9570493159172536
192 0.9570493159172536
193 0.9570493159172536
194 0.6933150663713576
195 0.6933150663713576
196 0.6933150663713576
197 0.6933150663713576
198 0.8873830586118312
199 0.8873830586118312
200 0.8873830586118312
201 0.8873830586118312
202 1.2778856787654116
203 1.2778856787654116
204 1.2778856787654116
205 1.2778856787654116
206 1.1846595913243745
207 1.1846595913243745
208 1.1846595913243745
209 1.1846595913243745
210 1.1940612171174771
211 1.1940612171174771
212 1.6488893490388068
213 1.6488893490388068
214 1.6488893490388068
215 1.6488893490388068
216 1.3655899673015588
217 1.3655899673015588
218 1.3655899673015588
219 1.3655899673015588
220 1.4593243320429192
221 1.4593243320429192
222 1.4593243320429192
223 1.4593243320429192
224 1.3306209113679288
225 1.3306209113679288
226 1.3306209113679288
227 1.3306209113679288
228 1.6204229791653966
229 1.6204229791653966
230 1.6204229791653966
231 1.6204229791653966
232 1.118645018866452
233 1.118645018866452
234 1.118645018866452
235 1.118645018866452
236 1.4587860560781885
237 1.4587860560781885
238 1.4587860560781885
239 1.4587860560781885
240 1.5837957485391418
241 1.5837957485391418
242 1.5837957485391418
243 1.5837957485391418
244 1.9311302121595442
245 1.9311302121595442
246 1.9311302121595442
247 1.9311302121595442
248 1.6461098837812393
249 1.6461098837812393
250 1.6461098837812393
251 1.6461098837812393
252 1.5103375114726643
253 1.5103375114726643
254 1.5103375114726643
255 1.5103375114726643
256 1.7367321860883247
257 1.7367321860883247
258 1.7367321860883247
259 1.7367321860883247
260 1.839934121657895
261 1.839934121657895
262 1.839934121657895
263 1.839934121657895
264 0.7271625313818968
265 0.7271625313818968
266 0.7271625313818968
267 0.7271625313818968
268 0.9794013254864288
269 0.9794013254864288
270 0.9794013254864288
271 0.9794013254864288
272 1.7892063268375658
273 1.7892063268375658
274 1.7892063268375658
275 1.7892063268375658
276 1.3534065134211022
277 1.3534065134211022
278 3.320362235266842
279 3.320362235266842
280 3.320362235266842
281 3.320362235266842
282 2.3409783478934836
283 2.3409783478934836
284 2.3409783478934836
285 2.3409783478934836
286 3.4743205202645058
287 3.4743205202645058
288 3.4743205202645058
289 3.4743205202645058
290 2.458808516754391
291 2.458808516754391
292 2.458808516754391
293 2.458808516754391
294 2.700361555669684
295 2.700361555669684
296 2.700361555669684
297 2.700361555669684
298 4.1050165236871905
299 4.1050165236871905
300 4.1050165236871905
301 4.1050165236871905
302 2.5280972600013536
303 2.5280972600013536
304 2.5280972600013536
305 2.5280972600013536
306 3.2898719515806047
307 3.2898719515806047
308 3.2898719515806047
309 3.2898719515806047
310 2.3153166904412705
311 2.3153166904412705
312 2.3153166904412705
313 2.3153166904412705
314 2.523794249089392
315 2.523794249089392
316 2.523794249089392
317 2.523794249089392
318 2.694844605226522
319 2.694844605226522
320 2.694844605226522
321 2.694844605226522
322 2.7459517682495798
323 2.7459517682495798
324 2.7459517682495798
325 2.7459517682495798
326 4.005533615294421
327 4.005533615294421
328 4.005533615294421
329 4.005533615294421
330 4.530778162476248
331 4.530778162476248
332 4.530778162476248
333 4.530778162476248
334 3.6511301590680536
335 3.6511301590680536
336 3.6511301590680536
337 3.6511301590680536
338 3.871140068634091
339 3.871140068634091
340 3.871140068634091
341 3.871140068634091
342 3.294473479319236
343 3.294473479319236
344 3.294473479319236
345 3.294473479319236
346 3.203458775314665
347 3.203458775314665
348 3.203458775314665
349 3.203458775314665
350 4.172485813272144
351 4.172485813272144
352 4.172485813272144
353 4.172485813272144
354 3.2453968206424206
355 3.2453968206424206
356 3.2453968206424206
357 3.2453968206424206
358 2.6227250459683145
359 2.6227250459683145
360 2.6227250459683145
361 3.3357241614971582
362 3.3357241614971582
363 3.3357241614971582
364 3.3357241614971582
365 4.489190918964001
366 4.489190918964001
367 4.489190918964001
368 4.489190918964001
369 3.8431100621872067
370 3.8431100621872067
371 3.8431100621872067
372 3.8431100621872067
373 3.9043550898941666
374 3.9043550898941666
375 3.9043550898941666
376 3.9043550898941666
377 4.589806946444279
378 4.589806946444279
379 4.589806946444279
380 4.589806946444279
381 4.583573742130545
382 4.583573742130545
383 4.583573742130545
384 4.583573742130545
385 3.5842684596816565
386 3.5842684596816565
387 3.5842684596816565
388 3.5842684596816565
389 3.1125248589965366
390 3.1125248589965366
391 3.1125248589965366
392 3.1125248589965366
393 4.90120747188622
394 4.90120747188622
395 4.90120747188622
396 4.90120747188622
397 4.165862100025642
398 4.165862100025642
399 4.165862100025642
400 4.165862100025642
401 3.4801067641671004
402 3.4801067641671004
403 3.4801067641671004
404 3.4801067641671004
405 3.6677388925758763
406 3.6677388925758763
407 3.6677388925758763
408 3.6677388925758763
409 5.170189958958216
410 5.170189958958216
411 5.170189958958216
412 5.170189958958216
413 4.48984419091191
414 4.48984419091191
415 4.48984419091191
416 4.48984419091191
417 4.075386645547367
418 4.075386645547367
419 4.075386645547367
420 5.262028395841614
421 5.262028395841614
422 5.262028395841614
423 5.262028395841614
424 4.070764732926802
425 1.9995876368487044
426 1.9995876368487044
427 1.9995876368487044
428 1.9995876368487044
429 2.156402076503271
430 2.156402076503271
431 2.156402076503271
432 2.156402076503271
433 2.546658847005139
434 2.546658847005139
435 2.546658847005139
436 2.546658847005139
437 2.3019198055318517
438 2.3019198055318517
439 2.3019198055318517
440 2.3019198055318517
441 2.3248053613537976
442 2.3248053613537976
443 2.3248053613537976
444 2.3248053613537976
445 2.610516775884938
446 2.610516775884938
447 2.610516775884938
448 2.610516775884938
449 3.017092660905611
450 3.017092660905611
451 3.017092660905611
452 0.9759714576141372
453 0.9759714576141372
454 0.9759714576141372
455 0.9759714576141372
456 1.1520705627212846
457 1.1520705627212846
458 1.1520705627212846
459 1.1520705627212846
460 0.9395745469084588
461 0.9395745469084588
462 0.9395745469084588
463 0.9395745469084588
464 1.121204267912465
465 1.121204267912465
466 1.121204267912465
467 1.121204267912465
468 0.9089434665332572
469 0.9089434665332572
470 0.9089434665332572
471 0.9089434665332572
472 1.4182526795527461
473 1.4182526795527461
474 1.4182526795527461
475 1.5647914950547501
476 1.5647914950547501
477 1.5647914950547501
478 1.5647914950547501
479 2.405717101603142
480 2.405717101603142
481 2.405717101603142
482 2.405717101603142
483 2.6576785267228846
484 2.6576785267228846
485 2.6576785267228846
486 2.6576785267228846
487 2.3693165471770636
488 2.3693165471770636
489 2.3693165471770636
490 2.3693165471770636
491 2.597039897368188
492 2.597039897368188
493 2.597039897368188
494 2.597039897368188
495 2.8674023294739115
496 2.8674023294739115
497 2.8674023294739115
498 2.8674023294739115
499 2.349128445123184
500 2.349128445123184
501 2.349128445123184
502 2.349128445123184
503 3.7846448850870136
504 3.7846448850870136
505 3.7846448850870136
506 3.7846448850870136
507 2.813069085097081
508 2.813069085097081
509 2.813069085097081
510 2.813069085097081
511 2.697657150398936
512 2.697657150398936
513 2.697657150398936
514 2.697657150398936
515 2.729927993424355
516 2.729927993424355
517 2.729927993424355
518 2.729927993424355
519 2.3984193566455287
520 2.3984193566455287
521 2.3984193566455287
522 2.3984193566455287
523 1.9690655444488105
524 1.9690655444488105
525 1.9690655444488105
526 1.9690655444488105
527 2.3903895473746397
528 2.3903895473746397
529 2.3903895473746397
530 2.3903895473746397
531 2.504398133463198
532 2.504398133463198
533 2.504398133463198
534 2.504398133463198
535 1.8396605586507273
536 1.8396605586507273
537 1.8396605586507273
538 1.8396605586507273
539 2.6279545642698148
540 2.6279545642698148
541 2.6279545642698148
542 2.6279545642698148
543 3.4321076251177454
544 3.4321076251177454
545 3.4321076251177454
546 3.4321076251177454
547 2.0978227022749
548 2.0978227022749
549 2.0978227022749
550 2.0978227022749
551 3.029702646281515
552 3.029702646281515
553 3.029702646281515
554 3.029702646281515
555 2.631663527804846
556 2.631663527804846
557 2.631663527804846
558 2.631663527804846
559 2.4564210987331108
560 2.4564210987331108
561 2.4564210987331108
562 2.4564210987331108
563 2.2575846464028233
564 2.2575846464028233
565 2.2575846464028233
566 2.2575846464028233
567 2.7656884692867636
568 2.7656884692867636
569 2.7656884692867636
570 2.7656884692867636
571 2.0138799422629363
572 2.0138799422629363
573 2.0138799422629363
574 2.0138799422629363
575 2.462492524861827
576 2.462492524861827
577 2.462492524861827
578 2.462492524861827
579 2.8150336674145415
580 2.8150336674145415
581 2.8150336674145415
582 2.8150336674145415
583 1.9349082573283698
584 1.9349082573283698
585 0.7421013571231693
586 0.7421013571231693
587 0.7421013571231693
588 0.7421013571231693
589 0.8885300522956604
590 0.8885300522956604
591 0.8885300522956604
592 0.8885300522956604
593 0.864717677561108
594 0.864717677561108
595 0.864717677561108
596 0.864717677561108
597 0.4527058476161033
598 0.4527058476161033
599 0.4527058476161033
600 0.4527058476161033
601 0.642631933684808
602 0.642631933684808
603 0.642631933684808
604 0.642631933684808
605 0.6683957047056056
606 0.6683957047056056
607 0.6683957047056056
608 0.6683957047056056
609 0.7852598172680649
610 0.7852598172680649
611 0.7852598172680649
612 0.7852598172680649
613 0.5776714431875681
614 0.5776714431875681
615 0.5776714431875681
616 0.5776714431875681
617 0.8102104362226419
618 0.8102104362226419
619 0.8102104362226419
620 0.8102104362226419
621 0.673905853182041
622 0.673905853182041
623 0.673905853182041
624 0.673905853182041
625 0.8452753732204822
626 0.8452753732204822
627 0.8452753732204822
628 0.8452753732204822
629 0.9767246372107662
630 0.9767246372107662
631 0.9767246372107662
632 0.9767246372107662
633 0.7388773145808125
634 0.7388773145808125
635 0.7388773145808125
636 0.7388773145808125
637 0.5562470802174583
638 0.5562470802174583
639 0.5562470802174583
640 0.5562470802174583
641 0.5980256961210689
642 0.5980256961210689
643 0.5980256961210689
644 0.5980256961210689
645 0.513060796427802
646 0.513060796427802
647 0.513060796427802
648 0.513060796427802
649 0.5532140906076342
650 0.5532140906076342
651 0.5532140906076342
652 0.5532140906076342
653 0.7431845321733035
654 0.7431845321733035
655 0.7431845321733035
656 0.7431845321733035
657 0.2821817241866063
658 0.2821817241866063
659 0.19090225170106292
660 0.19090225170106292
661 0.19090225170106292
662 0.19090225170106292
663 0.246788317264302
664 0.246788317264302
665 0.246788317264302
666 0.246788317264302
667 0.1877415473154146
668 0.1877415473154146
669 0.1877415473154146
670 0.1877415473154146
671 0.14239237926648285
672 0.14239237926648285
673 3.0496516683601107
674 3.0496516683601107
675 3.0496516683601107
676 3.0496516683601107
677 3.906657961054999
678 3.906657961054999
679 3.906657961054999
680 3.906657961054999
681 2.1887028409617413
682 2.1887028409617413
683 2.1887028409617413
684 2.1887028409617413
685 3.0315088650522806
686 3.0315088650522806
687 3.0315088650522806
688 3.0315088650522806
689 2.682297682281358
690 2.682297682281358
691 2.682297682281358
692 2.682297682281358
693 1.9369522018324812
694 1.9369522018324812
695 1.9369522018324812
696 1.9369522018324812
697 3.739675964523795
698 3.739675964523795
699 3.739675964523795
700 3.739675964523795
701 1.7518031016581108
702 1.7518031016581108
703 1.7518031016581108
704 1.7518031016581108
705 1.8244491993388665
706 1.8244491993388665
707 1.8244491993388665
708 1.8244491993388665
709 2.2800246116212284
710 2.2800246116212284
711 2.2800246116212284
712 2.2800246116212284
713 2.287118012129024
714 2.287118012129024
715 2.287118012129024
716 2.287118012129024
717 1.0696341126084796
718 1.0696341126084796
719 1.0696341126084796
720 1.0696341126084796
721 1.22310663764648
722 1.22310663764648
723 1.22310663764648
724 1.22310663764648
725 1.788497662516404
726 1.788497662516404
727 1.788497662516404
728 1.788497662516404
729 2.4796149697048335
730 2.4796149697048335
731 2.4796149697048335
732 2.4796149697048335
733 2.0535001807560973
734 2.0535001807560973
735 2.0535001807560973
736 2.0535001807560973
737 2.48370817960382
738 2.48370817960382
739 2.48370817960382
740 2.48370817960382
741 1.8358722699773915
742 1.8358722699773915
743 1.8358722699773915
744 1.8358722699773915
745 1.5802011012808626
746 1.5802011012808626
747 1.5802011012808626
748 1.5802011012808626
749 1.5675449423941126
750 1.5675449423941126
751 1.5675449423941126
752 1.5675449423941126
753 1.238603262439288
754 1.238603262439288
755 1.238603262439288
756 1.238603262439288
757 1.9041146394014845
758 1.9041146394014845
759 1.9041146394014845
760 1.9041146394014845
761 2.655697078869758
762 2.655697078869758
763 2.655697078869758
764 2.655697078869758
765 2.6092423262434075
766 2.6092423262434075
767 2.6092423262434075
768 2.6092423262434075
769 2.625631842612158
770 2.625631842612158
771 2.625631842612158
772 2.625631842612158
773 2.8554474183384397
774 2.8554474183384397
775 2.8554474183384397
776 2.8554474183384397
777 2.6270444567030253
778 2.6270444567030253
779 2.6270444567030253
780 2.6270444567030253
781 2.2251301012477294
782 2.2251301012477294
783 2.2251301012477294
784 2.2251301012477294
785 2.468591180097685
786 2.468591180097685
787 2.468591180097685
788 2.468591180097685
789 2.8382773310893663
790 2.8382773310893663
791 2.8382773310893663
792 2.8382773310893663
793 2.327977016951512
794 2.327977016951512
795 2.327977016951512
796 2.327977016951512
797 2.783142391581837
798 2.783142391581837
799 2.783142391581837
800 2.783142391581837
801 2.9578283180698963
802 2.9578283180698963
803 2.9578283180698963
804 2.9578283180698963
805 1.5114715760715034
806 1.5114715760715034
807 4.859950823053504
808 4.859950823053504
809 4.859950823053504
810 4.859950823053504
811 4.309563292298126
812 4.309563292298126
813 4.309563292298126
814 4.309563292298126
815 4.04585609763165
816 4.04585609763165
817 4.04585609763165
818 4.04585609763165
819 5.12825116673856
820 5.12825116673856
821 5.12825116673856
822 5.12825116673856
823 4.318557958038343
824 4.318557958038343
825 4.318557958038343
826 4.318557958038343
827 4.988636248818471
828 4.988636248818471
829 4.988636248818471
830 4.988636248818471
831 4.096164330456108
832 4.096164330456108
833 4.096164330456108
834 4.096164330456108
835 3.5148240537425037
836 3.5148240537425037
837 3.5148240537425037
838 3.5148240537425037
839 3.6144132416415187
840 3.6144132416415187
841 3.6144132416415187
842 3.6144132416415187
843 4.0261655582104625
844 4.0261655582104625
845 4.0261655582104625
846 4.0261655582104625
847 4.677359720744755
848 4.677359720744755
849 4.677359720744755
850 4.677359720744755
851 3.9349054149705616
852 3.9349054149705616
853 3.9349054149705616
854 3.9349054149705616
855 3.7544012480668334
856 3.7544012480668334
857 3.7544012480668334
858 3.7544012480668334
859 3.9594760326326925
860 3.9594760326326925
861 3.9594760326326925
862 3.9594760326326925
863 4.374998158661234
864 4.374998158661234
865 4.374998158661234
866 4.374998158661234
867 2.8294874859545036
868 2.8294874859545036
869 2.8294874859545036
870 2.8294874859545036
871 4.6149637097480225
872 2.70771904158994
873 2.70771904158994
874 2.70771904158994
875 2.70771904158994
876 3.1391029926166483
877 3.1391029926166483
878 3.1391029926166483
879 3.1391029926166483
880 4.175497907909211
881 4.175497907909211
882 4.175497907909211
883 4.175497907909211
884 3.8009575574315613
885 3.8009575574315613
886 3.8009575574315613
887 3.8009575574315613
888 3.737594630160784
889 3.737594630160784
890 3.737594630160784
891 3.737594630160784
892 4.255550847274867
893 4.255550847274867
894 4.255550847274867
895 4.255550847274867
896 3.679396529294873
897 3.679396529294873
898 3.679396529294873
899 3.679396529294873
900 2.455344799923973
901 2.455344799923973
902 2.455344799923973
903 2.455344799923973
904 2.617320122206695
905 2.617320122206695
906 2.617320122206695
907 3.3498309064705403
908 3.3498309064705403
909 3.3498309064705403
910 3.3498309064705403
911 4.032577000436631
912 4.032577000436631
913 4.032577000436631
914 4.032577000436631
915 3.111323707860022
916 3.111323707860022
917 3.111323707860022
918 3.111323707860022
919 2.8056758071173626
920 2.8056758071173626
921 2.8056758071173626
922 2.8056758071173626
923 3.37537238314234
924 3.37537238314234
925 3.37537238314234
926 3.37537238314234
927 3.337716196727696
928 0.5515040797601937
929 0.5515040797601937
930 0.5515040797601937
931 0.5515040797601937
932 0.6963911560413735
933 0.6963911560413735
934 0.6963911560413735
935 0.6963911560413735
936 0.46287306810961976
937 0.46287306810961976
938 0.46287306810961976
939 0.46287306810961976
940 0.5460994901106493
941 0.5460994901106493
942 0.5460994901106493
943 0.5460994901106493
944 0.537035682632038
945 0.537035682632038
946 0.537035682632038
947 0.537035682632038
948 0.6373623940092963
949 0.6373623940092963
950 0.6373623940092963
951 0.6373623940092963
952 0.6703007021963832
953 0.6703007021963832
954 0.6703007021963832
955 0.6703007021963832
956 0.967104729396066
957 0.967104729396066
958 0.967104729396066
959 0.967104729396066
960 0.5826842434129827
961 0.5826842434129827
962 0.5826842434129827
963 0.5826842434129827
964 0.8844521852877674
965 0.8844521852877674
966 0.8844521852877674
967 0.8844521852877674
968 0.4681482682134064
969 0.4681482682134064
970 0.4681482682134064
971 1.0999583947335752
972 1.0999583947335752
973 1.0999583947335752
974 1.0999583947335752
975 1.2238302556222167
976 1.2238302556222167
977 1.2238302556222167
978 1.2238302556222167
979 0.8853803036685922
980 0.8853803036685922
981 0.8853803036685922
982 0.8853803036685922
983 1.200964804760133
984 1.200964804760133
985 1.200964804760133
986 1.200964804760133
987 1.3710187600169188
988 1.3710187600169188
989 1.3710187600169188
990 1.3710187600169188
991 1.425252517425002
992 1.425252517425002
993 1.425252517425002
994 1.425252517425002
995 0.9974093749905821
996 0.9974093749905821
997 0.9974093749905821
998 0.9974093749905821
999 0.857179490587901
1000 0.857179490587901
1001 0.857179490587901
1002 0.857179490587901
1003 1.256992597061591
1004 1.256992597061591
1005 1.256992597061591
1006 1.256992597061591
1007 0.8570944821983189
1008 0.8570944821983189
1009 0.8570944821983189
1010 0.8570944821983189
1011 1.7319684584567014
1012 1.7319684584567014
1013 1.7319684584567014
1014 1.7319684584567014
1015 2.479941056036475
1016 2.479941056036475
1017 2.479941056036475
1018 2.479941056036475
1019 1.1565464400255177
1020 1.1565464400255177
1021 1.1565464400255177
1022 1.1565464400255177
1023 1.9061488812314082
1024 1.9061488812314082
1025 1.9061488812314082
1026 1.9061488812314082
1027 0.9614554693651957
1028 0.9614554693651957
1029 0.9614554693651957
1030 0.9614554693651957
1031 1.947058906978706
1032 1.947058906978706
1033 1.947058906978706
1034 1.947058906978706
1035 1.2442026890082807
1036 1.2442026890082807
1037 1.2442026890082807
1038 1.2442026890082807
1039 1.3100803310478084
1040 1.3100803310478084
1041 1.3100803310478084
1042 1.3100803310478084
1043 1.5752761042812757
1044 1.5752761042812757
1045 1.5752761042812757
1046 0.7337534445351612
1047 0.7337534445351612
1048 0.7337534445351612
1049 0.7337534445351612
1050 0.6711006894492885
1051 0.6711006894492885
1052 0.6711006894492885
1053 0.6711006894492885
1054 0.47081821380240874
1055 0.47081821380240874
1056 0.47081821380240874
1057 0.47081821380240874
1058 0.6252334448252383
1059 0.6252334448252383
1060 0.6252334448252383
1061 0.6252334448252383
1062 1.9860017408241724
1063 1.9860017408241724
1064 1.9860017408241724
1065 1.9860017408241724
1066 3.669326330806604
1067 3.669326330806604
1068 3.669326330806604
1069 3.669326330806604
1070 2.446138934318337
1071 2.446138934318337
1072 2.446138934318337
1073 2.446138934318337
1074 3.765904435555229
1075 3.765904435555229
1076 3.765904435555229
1077 3.765904435555229
1078 2.714388353855416
1079 1.7135789787616382
1080 1.7135789787616382
1081 1.7135789787616382
1082 1.7135789787616382
1083 1.4792591901971532
1084 1.4792591901971532
1085 1.4792591901971532
1086 4.292552830495382
1087 4.292552830495382
1088 4.292552830495382
1089 4.292552830495382
1090 2.9928536282345513
1091 2.9928536282345513
1092 2.9928536282345513
1093 2.9928536282345513
1094 4.167809190364731
1095 4.167809190364731
1096 4.167809190364731
1097 4.1821625419716275
1098 4.1821625419716275
1099 4.1821625419716275
1100 4.1821625419716275
1101 2.901534324503871
1102 2.901534324503871
1103 2.901534324503871
1104 2.901534324503871
1105 3.252492198153201
1106 3.252492198153201
1107 3.252492198153201
1108 3.252492198153201
1109 3.3561321393291865
1110 3.3561321393291865
1111 3.3561321393291865
1112 3.3561321393291865
1113 3.4468959731411073
1114 3.4468959731411073
1115 3.4468959731411073
1116 3.4468959731411073
1117 3.959682915530391
1118 3.959682915530391
1119 3.959682915530391
1120 3.959682915530391
1121 3.2207288290921907
1122 2.0424135787374738
1123 2.0424135787374738
1124 2.0424135787374738
1125 1.519241630334585
1126 1.519241630334585
1127 1.519241630334585
1128 1.519241630334585
1129 1.2225779144743232
1130 1.2225779144743232
1131 1.2225779144743232
1132 1.2225779144743232
1133 1.1030252404426881
1134 1.1030252404426881
1135 1.1030252404426881
1136 1.1030252404426881
1137 1.3504280327302494
1138 1.3504280327302494
1139 1.3504280327302494
1140 1.3504280327302494
1141 0.7609203620678419
1142 0.7609203620678419
1143 0.7609203620678419
1144 0.7609203620678419
1145 0.8309169221294767
1146 0.8309169221294767
1147 0.8309169221294767
1148 0.8309169221294767
1149 0.9934700526234055
1150 0.9934700526234055
1151 0.9934700526234055
1152 0.9934700526234055
1153 1.4028755396148982
1154 1.4028755396148982
1155 1.4028755396148982
1156 1.4028755396148982
1157 1.408996908007401
1158 1.408996908007401
1159 1.408996908007401
1160 1.408996908007401
1161 1.0684481159105048
1162 1.0684481159105048
1163 1.0684481159105048
1164 1.0684481159105048
1165 1.096200158094084
1166 1.096200158094084
1167 1.096200158094084
1168 1.096200158094084
1169 1.0291133280960743
1170 1.1700790759324398
1171 1.1700790759324398
1172 1.1700790759324398
1173 1.1700790759324398
1174 2.039269437781035
1175 2.039269437781035
1176 2.039269437781035
1177 2.039269437781035
1178 2.5845716370938527
1179 2.5845716370938527
1180 2.5845716370938527
1181 2.5845716370938527
1182 1.1063465167433244
1183 1.1063465167433244
1184 1.1063465167433244
1185 1.1063465167433244
1186 2.0289910193493768
1187 2.0289910193493768
1188 2.0289910193493768
1189 2.0289910193493768
1190 2.3414121883613292
1191 2.3414121883613292
1192 2.3414121883613292
1193 2.3414121883613292
1194 2.2398290753260617
1195 2.2398290753260617
1196 2.2398290753260617
1197 2.2398290753260617
1198 2.515613316539282
1199 2.515613316539282
1200 2.515613316539282
1201 2.515613316539282
1202 2.4753368818239267
1203 2.4753368818239267
1204 2.4753368818239267
1205 2.4753368818239267
1206 2.2115776474723887
1207 2.2115776474723887
1208 2.2115776474723887
1209 2.2115776474723887
1210 2.1152398223280238
1211 2.1152398223280238
1212 2.1152398223280238
1213 2.1152398223280238
1214 2.0560840803398928
1215 2.0560840803398928
1216 2.0560840803398928
1217 2.0560840803398928
1218 1.7144847233200071
1219 1.7144847233200071
1220 1.1029775104754904
1221 1.1029775104754904
1222 1.1029775104754904
1223 1.1029775104754904
1224 1.0877363065160661
1225 1.0877363065160661
1226 1.0877363065160661
1227 1.0877363065160661
1228 1.2536807815045257
1229 1.2536807815045257
1230 1.2536807815045257
1231 1.2536807815045257
1232 0.7690739805785172
1233 0.7690739805785172
1234 0.7690739805785172
1235 0.7690739805785172
1236 1.3294772028479338
1237 1.3294772028479338
1238 1.3294772028479338
1239 1.3294772028479338
1240 1.2882546043993652
1241 1.2882546043993652
1242 1.2882546043993652
1243 1.2882546043993652
1244 0.8489681438081471
1245 0.8489681438081471
1246 0.8489681438081471
1247 0.8489681438081471
1248 0.9726769452615234
1249 0.9726769452615234
1250 0.9726769452615234
1251 3.521872369938577
1252 3.521872369938577
1253 3.521872369938577
1254 3.521872369938577
1255 3.457823473022986
1256 3.457823473022986
1257 3.457823473022986
1258 3.457823473022986
1259 5.0268673287312176
1260 5.0268673287312176
1261 5.0268673287312176
1262 5.0268673287312176
1263 3.350849622350446
1264 3.350849622350446
1265 3.350849622350446
1266 3.350849622350446
1267 4.0931983770479095
1268 4.0931983770479095
1269 4.0931983770479095
1270 4.0931983770479095
1271 2.9165410598650814
1272 2.9165410598650814
1273 2.9165410598650814
1274 2.9165410598650814
1275 3.4839040502553713
1276 3.4839040502553713
1277 3.4839040502553713
1278 3.4839040502553713
1279 4.472991665251422
1280 4.472991665251422
1281 4.472991665251422
1282 4.472991665251422
1283 2.8768753458490277
1284 2.8768753458490277
1285 2.8768753458490277
1286 2.8768753458490277
1287 2.869805438254298
1288 2.869805438254298
1289 2.869805438254298
1290 2.869805438254298
1291 3.41620760916071
1292 3.41620760916071
1293 3.41620760916071
1294 3.41620760916071
1295 4.214534322404007
1296 4.214534322404007
1297 4.214534322404007
1298 4.214534322404007
1299 4.211857296726288
1300 4.211857296726288
1301 4.211857296726288
1302 4.211857296726288
1303 3.796859946466662
1304 3.796859946466662
1305 3.796859946466662
1306 3.796859946466662
1307 3.9300183440732646
1308 3.9300183440732646
1309 3.9300183440732646
1310 3.9300183440732646
1311 4.248614497252431
1312 4.248614497252431
1313 4.248614497252431
1314 4.248614497252431
1315 5.445132581980571
1316 5.445132581980571
1317 5.445132581980571
1318 5.445132581980571
1319 4.144473324381851
1320 4.144473324381851
1321 4.144473324381851
1322 0.8638419961394781
1323 0.8638419961394781
1324 0.8638419961394781
1325 0.8638419961394781
1326 0.6168643363244912
1327 0.6168643363244912
1328 0.6168643363244912
1329 0.6168643363244912
1330 0.8048481388731785
1331 0.8048481388731785
1332 0.8048481388731785
1333 0.8048481388731785
1334 1.1631333729335378
1335 1.1631333729335378
1336 1.1631333729335378
1337 1.1631333729335378
1338 0.984966081050358
1339 0.984966081050358
1340 0.984966081050358
1341 0.984966081050358
1342 0.8184380681389003
1343 0.8184380681389003
1344 0.8184380681389003
1345 0.8184380681389003
1346 1.098226761724139
1347 1.098226761724139
1348 3.810581091170849
1349 3.810581091170849
1350 3.810581091170849
1351 3.810581091170849
1352 3.8357439391929318
1353 3.8357439391929318
1354 3.8357439391929318
1355 3.8357439391929318
1356 4.029155046560517
1357 4.029155046560517
1358 4.029155046560517
1359 4.029155046560517
1360 3.931192579533831
1361 3.931192579533831
1362 3.931192579533831
1363 3.931192579533831
1364 4.858233619523736
1365 4.858233619523736
1366 4.858233619523736
1367 4.858233619523736
1368 3.411324029371106
1369 3.411324029371106
1370 3.411324029371106
1371 3.411324029371106
1372 2.4798950319843907
1373 2.4798950319843907
1374 2.4798950319843907
1375 2.4798950319843907
1376 3.492901015160976
1377 3.492901015160976
1378 3.492901015160976
1379 3.492901015160976
1380 3.102503244098051
1381 3.102503244098051
1382 3.102503244098051
1383 3.102503244098051
1384 2.488572205254283
1385 2.488572205254283
1386 2.488572205254283
1387 2.488572205254283
1388 2.8095610744590163
1389 2.8095610744590163
1390 2.8095610744590163
1391 2.8095610744590163
1392 4.71914931447898
1393 4.71914931447898
1394 4.71914931447898
1395 4.71914931447898
1396 2.921094987512207
1397 2.921094987512207
1398 2.921094987512207
1399 2.921094987512207
1400 2.7945322675427384
1401 2.7945322675427384
1402 2.7945322675427384
1403 2.7945322675427384
1404 3.3670351384094683
1405 3.3670351384094683
1406 3.3670351384094683
1407 3.3670351384094683
1408 2.672238165815456
1409 2.672238165815456
1410 2.672238165815456
1411 2.672238165815456
1412 2.7430800343443993
1413 2.7430800343443993
1414 2.7430800343443993
1415 1.0212179965493366
1416 1.0212179965493366
1417 1.0212179965493366
1418 1.0212179965493366
1419 1.0798629824245347
1420 1.0798629824245347
1421 1.0798629824245347
1422 1.0798629824245347
1423 1.5332755931409237
1424 1.5332755931409237
1425 1.5332755931409237
1426 1.5332755931409237
1427 1.1256234726674528
1428 1.1256234726674528
1429 1.1256234726674528
1430 1.1256234726674528
1431 1.345690602865567
1432 1.345690602865567
1433 1.345690602865567
1434 2.6720273374071737
1435 2.6720273374071737
1436 2.6720273374071737
1437 2.6720273374071737
1438 3.7026034601150544
1439 3.7026034601150544
1440 3.7026034601150544
1441 3.7026034601150544
1442 3.4460449156996913
1443 3.4460449156996913
1444 3.4460449156996913
1445 3.4460449156996913
1446 2.652758112694004
1447 2.652758112694004
1448 2.652758112694004
1449 2.652758112694004
1450 2.8036593066983473
1451 2.8036593066983473
1452 2.8036593066983473
1453 2.8036593066983473
1454 3.6295491190871196
1455 3.6295491190871196
1456 3.6295491190871196
1457 3.6295491190871196
1458 2.7904646486743507
1459 2.7904646486743507
1460 2.7904646486743507
1461 2.7904646486743507
1462 2.0343317256918096
1463 3.102234372524359
1464 3.102234372524359
1465 3.102234372524359
1466 3.102234372524359
1467 4.043434273229098
1468 4.043434273229098
1469 4.043434273229098
1470 4.043434273229098
1471 4.06998736718992
1472 4.06998736718992
1473 4.06998736718992
1474 4.06998736718992
1475 2.7893239923907522
1476 2.7893239923907522
1477 2.7893239923907522
1478 2.7893239923907522
1479 3.1109962327148892
1480 3.1109962327148892
1481 3.1109962327148892
1482 3.1109962327148892
1483 4.483903499910387
1484 4.483903499910387
1485 4.483903499910387
1486 4.483903499910387
1487 3.8643079268169522
1488 3.8643079268169522
1489 3.8643079268169522
1490 3.8643079268169522
1491 5.430709023659733
1492 5.430709023659733
1493 5.430709023659733
1494 5.430709023659733
1495 4.088074750189933
1496 4.088074750189933
1497 4.088074750189933
1498 4.088074750189933
1499 5.392220091119901
1500 5.392220091119901
1501 5.392220091119901
1502 1.2807688495752088
1503 1.2807688495752088
1504 1.2807688495752088
1505 1.2807688495752088
1506 1.072727380310398
1507 1.072727380310398
1508 2.603223645868661
1509 2.603223645868661
1510 2.603223645868661
1511 2.603223645868661
1512 2.767094982545014
1513 2.767094982545014
1514 2.767094982545014
1515 2.767094982545014
1516 2.313819583654699
1517 2.313819583654699
1518 2.313819583654699
1519 2.313819583654699
1520 4.111010248153284
1521 4.111010248153284
1522 4.111010248153284
1523 4.111010248153284
1524 3.0849495700149627
1525 3.0849495700149627
1526 3.0849495700149627
1527 3.0849495700149627
1528 3.0549940733448486
1529 3.0549940733448486
1530 3.0549940733448486
1531 3.0549940733448486
1532 2.558996664290839
1533 2.558996664290839
1534 2.6260274335146514
1535 2.6260274335146514
1536 2.6260274335146514
1537 2.6732096348930616
1538 2.6732096348930616
1539 2.6732096348930616
1540 2.6732096348930616
1541 2.5348340961762097
1542 2.5348340961762097
1543 2.5348340961762097
1544 2.5348340961762097
1545 2.955844263064402
1546 2.955844263064402
1547 1.8820177655417059
1548 1.8820177655417059
1549 1.8820177655417059
1550 1.8820177655417059
1551 1.880015839936918
1552 1.880015839936918
1553 1.880015839936918
1554 1.880015839936918
1555 1.8723608298144148
1556 1.8723608298144148
1557 1.8723608298144148
1558 1.8723608298144148
1559 1.0563387364067747
1560 1.0563387364067747
1561 1.0563387364067747
1562 1.0563387364067747
1563 1.333196166131171
1564 1.333196166131171
1565 1.333196166131171
1566 1.333196166131171
1567 1.4705968103112534
1568 1.4705968103112534
1569 1.4705968103112534
1570 1.4705968103112534
1571 1.2581759004583428
1572 1.2581759004583428
1573 1.2581759004583428
1574 1.2581759004583428
1575 1.5695328027093396
1576 1.5695328027093396
1577 1.5695328027093396
1578 1.5695328027093396
1579 2.056497213311256
1580 2.056497213311256
1581 2.056497213311256
1582 2.056497213311256
1583 1.2597457897416655
1584 1.2597457897416655
1585 1.2597457897416655
1586 1.2597457897416655
1587 1.3640164484210482
1588 1.3640164484210482
1589 1.3640164484210482
1590 1.3640164484210482
1591 2.2262761274542004
1592 3.3427692342187605
1593 3.3427692342187605
1594 3.3427692342187605
1595 3.3427692342187605
1596 3.2450120227751746
1597 3.2450120227751746
1598 3.2450120227751746
1599 3.2450120227751746
1600 3.408402930814092
1601 3.408402930814092
1602 3.408402930814092
1603 3.408402930814092
1604 4.23727889805042
1605 4.23727889805042
1606 4.23727889805042
1607 4.23727889805042
1608 2.612621139009488
1609 2.612621139009488
1610 2.612621139009488
1611 2.612621139009488
1612 5.02532186226593
1613 5.02532186226593
1614 5.02532186226593
1615 5.02532186226593
1616 3.1206101199761878
1617 3.1206101199761878
1618 3.1206101199761878
1619 3.1206101199761878
1620 2.0944340584291723
1621 2.0944340584291723
1622 2.0944340584291723
1623 2.0944340584291723
1624 2.079127662692085
1625 2.079127662692085
1626 2.079127662692085
1627 2.079127662692085
1628 4.355665640664755
1629 4.355665640664755
1630 4.355665640664755
1631 4.355665640664755
1632 4.857532401428792
1633 4.857532401428792
1634 4.857532401428792
1635 4.857532401428792
1636 4.353588052012512
1637 4.353588052012512
1638 4.353588052012512
1639 4.353588052012512
1640 3.547952223735145
1641 3.547952223735145
1642 3.547952223735145
1643 3.547952223735145
1644 3.071950755710559
1645 3.071950755710559
1646 3.071950755710559
1647 3.071950755710559
1648 0.8907702289377079
1649 0.8907702289377079
1650 0.8907702289377079
1651 0.8907702289377079
1652 0.9914189209033643
1653 0.9914189209033643
1654 0.9914189209033643
1655 0.9914189209033643
1656 1.1388600623516631
1657 1.1388600623516631
1658 1.1388600623516631
1659 1.1388600623516631
1660 1.6976820860218609
1661 1.6976820860218609
1662 1.6976820860218609
1663 1.6976820860218609
1664 1.1243766430893813
1665 1.1243766430893813
1666 1.1243766430893813
1667 1.1243766430893813
1668 1.0057482605146584
1669 1.0057482605146584
1670 1.0057482605146584
1671 1.0057482605146584
1672 0.7423440057381389
1673 0.7423440057381389
1674 0.7423440057381389
1675 0.7423440057381389
1676 1.051807930554636
1677 1.051807930554636
1678 1.051807930554636
1679 1.051807930554636
1680 1.2598428434529694
1681 1.2598428434529694
1682 1.2598428434529694
1683 1.2598428434529694
1684 1.2584045851280574
1685 1.2584045851280574
1686 1.2584045851280574
1687 1.2584045851280574
1688 0.9222160938058703
1689 0.9222160938058703
1690 0.9222160938058703
1691 0.9222160938058703
1692 0.8843169610023036
1693 0.8843169610023036
1694 0.8843169610023036
1695 0.8843169610023036
1696 1.0981053915162937
1697 1.0981053915162937
1698 1.0981053915162937
1699 1.0981053915162937
1700 1.0872515188043912
1701 1.0872515188043912
1702 1.0872515188043912
1703 1.0872515188043912
1704 1.1229379090294933
1705 1.1229379090294933
1706 1.1229379090294933
1707 1.1229379090294933
1708 1.0131796173514773
1709 1.0131796173514773
1710 3.2679426492981136
1711 3.2679426492981136
1712 3.2679426492981136
1713 3.2679426492981136
1714 4.4886194694636945
1715 4.4886194694636945
1716 4.4886194694636945
1717 4.4886194694636945
1718 5.1820121286331435
1719 5.1820121286331435
1720 5.1820121286331435
1721 5.1820121286331435
1722 1.8109917216667357
1723 0.8049582004060181
1724 0.8049582004060181
1725 0.8049582004060181
1726 0.8049582004060181
1727 1.4461230466706763
1728 1.4461230466706763
1729 1.4461230466706763
1730 1.4461230466706763
1731 1.1535005975355948
1732 1.1535005975355948
1733 1.1535005975355948
1734 1.1535005975355948
1735 1.3245805609257084
1736 1.3245805609257084
1737 1.3245805609257084
1738 1.3245805609257084
1739 0.6606195509118418
1740 0.6606195509118418
1741 0.6606195509118418
1742 0.6606195509118418
1743 1.2519088396869464
1744 1.2519088396869464
1745 1.2519088396869464
1746 1.2519088396869464
1747 0.8995967327323401
1748 0.8995967327323401
1749 0.8995967327323401
1750 0.8995967327323401
1751 1.065503702503965
1752 1.065503702503965
1753 1.065503702503965
1754 4.813696166772849
1755 4.813696166772849
1756 4.813696166772849
1757 4.813696166772849
1758 3.3979982697856075
1759 3.3979982697856075
1760 3.3979982697856075
1761 3.3979982697856075
1762 0.6532512095898707
1763 0.6532512095898707
1764 0.6532512095898707
1765 0.22863610400381484
1766 0.22863610400381484
1767 0.22863610400381484
1768 0.22863610400381484
1769 0.19954801743743047
1770 0.19954801743743047
1771 0.19954801743743047
1772 0.19954801743743047
1773 0.2364159942595896
1774 0.2364159942595896
1775 1.490177752338512
1776 1.490177752338512
1777 1.490177752338512
1778 1.490177752338512
1779 0.8010661869384599
1780 0.8010661869384599
1781 3.121930751725345
1782 3.121930751725345
1783 3.121930751725345
1784 3.121930751725345
1785 1.4508216077042353
1786 1.4508216077042353
1787 1.4508216077042353
1788 1.4508216077042353
1789 3.188806617508814
1790 3.188806617508814
1791 3.188806617508814
1792 3.188806617508814
1793 3.493477483552582
1794 3.493477483552582
1795 3.493477483552582
1796 3.493477483552582
1797 1.953141097361472
1798 1.953141097361472
1799 1.953141097361472
1800 1.953141097361472
1801 1.7207070828682711
1802 1.7207070828682711
1803 1.7207070828682711
1804 1.7207070828682711
1805 2.9470112146030494
1806 2.9470112146030494
1807 2.9470112146030494
1808 2.9470112146030494
1809 1.509792146910414
1810 1.509792146910414
1811 1.509792146910414
1812 1.509792146910414
1813 1.1257068167801734
1814 1.1257068167801734
1815 1.1257068167801734
1816 1.1257068167801734
1817 0.8126863182575332
1818 0.8126863182575332
1819 0.8126863182575332
1820 0.8126863182575332
1821 0.8737772222333404
1822 0.8737772222333404
1823 0.8737772222333404
1824 0.8737772222333404
1825 1.2235590440326871
1826 1.2235590440326871
1827 1.2235590440326871
1828 1.2235590440326871
1829 0.9536071328169734
1830 0.9536071328169734
1831 0.9536071328169734
1832 0.9536071328169734
1833 1.3447856325865524
1834 1.3447856325865524
1835 1.3447856325865524
1836 1.3447856325865524
1837 1.187061478858211
1838 1.187061478858211
1839 1.187061478858211
1840 1.187061478858211
1841 1.2060773082961742
1842 1.2060773082961742
1843 1.2060773082961742
1844 1.2060773082961742
1845 1.2837157779102224
1846 1.2837157779102224
1847 1.2837157779102224
1848 1.2837157779102224
1849 1.311147844106674
1850 1.311147844106674
1851 1.311147844106674
1852 1.311147844106674
1853 1.329320457948601
1854 1.329320457948601
1855 1.329320457948601
1856 1.329320457948601
1857 1.38054962031972
1858 1.38054962031972
1859 1.38054962031972
1860 1.38054962031972
1861 0.9722303245680286
1862 0.9722303245680286
1863 0.9722303245680286
1864 2.2678016005122474
1865 2.2678016005122474
1866 2.2678016005122474
1867 2.2678016005122474
1868 2.4004316584390204
1869 2.4004316584390204
1870 2.4004316584390204
1871 2.4004316584390204
1872 2.9022810023012293
1873 3.8469962617887594
1874 3.8469962617887594
1875 3.8469962617887594
1876 3.8469962617887594
1877 4.612953196132183
1878 4.612953196132183
1879 4.612953196132183
1880 4.612953196132183
1881 3.812007362178817
1882 3.812007362178817
1883 3.812007362178817
1884 3.812007362178817
1885 4.255714070564483
1886 4.255714070564483
1887 4.255714070564483
1888 4.255714070564483
1889 3.43913114787201
1890 3.43913114787201
1891 3.43913114787201
1892 3.43913114787201
1893 4.809270132046991
1894 4.809270132046991
1895 4.809270132046991
1896 4.809270132046991
1897 3.50916058787654
1898 3.50916058787654
1899 3.50916058787654
1900 3.50916058787654
1901 3.2492202582742014
1902 3.2492202582742014
1903 3.2492202582742014
1904 3.2492202582742014
1905 2.9858997656315096
1906 2.9858997656315096
1907 2.9858997656315096
1908 2.9858997656315096
1909 3.210190773748845
1910 3.210190773748845
1911 3.210190773748845
1912 3.210190773748845
1913 4.097887639349112
1914 4.097887639349112
1915 4.097887639349112
1916 4.097887639349112
1917 2.1503448240188554
1918 2.1503448240188554
1919 2.1503448240188554
1920 2.1503448240188554
1921 1.6778751140039954
1922 1.6778751140039954
1923 1.6778751140039954
1924 1.6778751140039954
1925 1.214779149547653
1926 1.214779149547653
1927 1.214779149547653
1928 1.214779149547653
1929 1.1543296953441196
1930 1.1543296953441196
1931 1.1543296953441196
1932 1.1543296953441196
1933 0.9395959071601186
1934 0.9395959071601186
1935 0.9395959071601186
1936 0.9395959071601186
1937 1.5759585473025408
1938 1.5759585473025408
1939 1.5759585473025408
1940 1.5759585473025408
1941 1.7701772184122906
1942 1.7701772184122906
1943 1.7701772184122906
1944 1.7701772184122906
1945 1.1386710393698496
1946 1.1386710393698496
1947 1.1386710393698496
1948 1.1386710393698496
1949 1.3982959929063887
1950 1.3982959929063887
1951 1.3982959929063887
1952 1.3982959929063887
1953 1.464967864442091
1954 1.464967864442091
1955 1.464967864442091
1956 1.464967864442091
1957 0.4215774790936506
1958 0.7395590530734899
1959 0.7395590530734899
1960 0.7395590530734899
1961 0.7395590530734899
1962 0.4571464764125929
1963 0.4571464764125929
1964 0.4571464764125929
1965 0.4571464764125929
1966 0.5817937055285598
1967 0.5817937055285598
1968 0.5817937055285598
1969 0.5817937055285598
1970 0.664249686512795
1971 0.664249686512795
1972 0.664249686512795
1973 0.664249686512795
1974 4.018385922312025
1975 4.018385922312025
1976 4.018385922312025
1977 4.018385922312025
1978 3.6924145621708964
1979 3.6924145621708964
1980 3.6924145621708964
1981 3.6924145621708964
1982 3.3140120276282095
1983 3.3140120276282095
1984 3.3140120276282095
1985 3.3140120276282095
1986 2.9968899959550317
1987 2.9968899959550317
1988 2.9968899959550317
1989 2.9968899959550317
1990 3.083025061763347
1991 3.083025061763347
1992 3.083025061763347
1993 3.083025061763347
1994 2.6712982332785873
1995 2.6712982332785873
1996 2.6712982332785873
1997 2.6712982332785873
1998 3.6356812089640105
1999 3.6356812089640105
