0 6.867881550681478
1 6.867881550681478
2 6.867881550681478
3 0.9891825126800546
4 0.9891825126800546
5 0.9891825126800546
6 0.9891825126800546
7 2.853801979622896
8 2.853801979622896
9 2.853801979622896
10 2.853801979622896
11 1.588798656701944
12 1.588798656701944
13 1.588798656701944
14 1.588798656701944
15 4.090564028915276
16 4.090564028915276
17 4.090564028915276
18 4.090564028915276
19 1.387821162831277
20 1.387821162831277
21 1.387821162831277
22 1.387821162831277
23 2.9465956452653588
24 2.9465956452653588
25 2.9465956452653588
26 2.9465956452653588
27 0.34008364605202557
28 0.34008364605202557
29 0.34008364605202557
30 0.34008364605202557
31 2.8752848352774683
32 2.8752848352774683
33 2.8752848352774683
34 2.8752848352774683
35 3.4096961293111026
36 0.2021638975656136
37 0.2021638975656136
38 0.2021638975656136
39 0.2021638975656136
40 0.2171415353354898
41 0.2171415353354898
42 0.2171415353354898
43 0.2171415353354898
44 0.17648142214680146
45 0.17648142214680146
46 0.17648142214680146
47 0.17648142214680146
48 0.17376232947220438
49 0.17376232947220438
50 0.17376232947220438
51 0.17376232947220438
52 0.2921332870370942
53 0.2921332870370942
54 0.2921332870370942
55 0.2921332870370942
56 0.1859627482898646
57 0.1859627482898646
58 0.1859627482898646
59 0.1859627482898646
60 0.3026144543820138
61 0.3026144543820138
62 0.3026144543820138
63 0.3026144543820138
64 0.24398155089457071
65 0.9991356783941066
66 0.9991356783941066
67 0.9991356783941066
68 0.9991356783941066
69 1.6640465178223387
70 1.6640465178223387
71 1.6640465178223387
72 1.6640465178223387
73 0.7461334873811964
74 0.19350744310481535
75 0.19350744310481535
76 0.19350744310481535
77 0.19350744310481535
78 0.2999476203976138
79 0.2999476203976138
80 0.2999476203976138
81 0.2999476203976138
82 0.26309329631299344
83 0.26309329631299344
84 0.26309329631299344
85 0.26309329631299344
86 0.20059994775147982
87 0.20059994775147982
88 0.20059994775147982
89 0.20059994775147982
90 0.1
91 0.1
92 0.1
93 0.1
94 0.185402655287462
95 0.185402655287462
96 0.185402655287462
97 0.185402655287462
98 0.20595909323973766
99 0.20595909323973766
100 0.20595909323973766
101 4.172333595070784
102 4.172333595070784
103 4.172333595070784
104 4.172333595070784
105 5.511402608752281
106 5.511402608752281
107 5.511402608752281
108 5.511402608752281
109 2.6726284422131306
110 2.6726284422131306
111 2.6726284422131306
112 2.6726284422131306
113 4.243751433887465
114 4.243751433887465
115 4.243751433887465
116 4.243751433887465
117 4.202977387182557
118 4.202977387182557
119 4.202977387182557
120 4.202977387182557
121 2.316475899828695
122 2.316475899828695
123 2.316475899828695
124 2.316475899828695
125 1.8220474762936518
126 1.8220474762936518
127 1.8220474762936518
128 1.8220474762936518
129 2.0594989909988586
130 2.0594989909988586
131 2.0594989909988586
132 2.0594989909988586
133 2.180954163195011
134 2.180954163195011
135 2.180954163195011
136 2.180954163195011
137 0.8553693284089079
138 0.8553693284089079
139 0.8553693284089079
140 0.8553693284089079
141 0.9508689918882245
142 0.6653434628272188
143 0.6653434628272188
144 0.6653434628272188
145 0.6653434628272188
146 2.550356327587962
147 2.550356327587962
148 2.550356327587962
149 2.550356327587962
150 0.21314395213555148
151 0.21314395213555148
152 0.21314395213555148
153 0.21314395213555148
154 1.331195671291997
155 1.331195671291997
156 1.331195671291997
157 1.331195671291997
158 1.4970285269258967
159 1.4970285269258967
160 1.4970285269258967
161 1.4970285269258967
162 0.8374012356292067
163 0.8374012356292067
164 0.8374012356292067
165 1.6691929518462365
166 1.6691929518462365
167 1.6691929518462365
168 1.6691929518462365
169 2.2177823220453177
170 2.2177823220453177
171 2.2177823220453177
172 2.2177823220453177
173 0.7595596284513115
174 0.7595596284513115
175 0.7595596284513115
176 0.7595596284513115
177 2.0456491037264586
178 2.0456491037264586
179 2.0456491037264586
180 2.0456491037264586
181 1.538432750279656
182 1.538432750279656
183 1.538432750279656
184 1.538432750279656
185 2.0006638543700666
186 2.0006638543700666
187 2.0006638543700666
188 2.0006638543700666
189 2.6211827376967394
190 2.6211827376967394
191 2.6211827376967394
192 2.6211827376967394
193 1.9574332904352567
194 1.9574332904352567
195 1.9574332904352567
196 1.9574332904352567
197 1.5342381511419267
198 1.5342381511419267
199 1.5342381511419267
200 1.5342381511419267
201 1.6837274182477173
202 1.6837274182477173
203 1.6837274182477173
204 1.6837274182477173
205 1.2262460114383098
206 1.2262460114383098
207 1.2262460114383098
208 1.2262460114383098
209 2.323184190324252
210 2.323184190324252
211 2.323184190324252
212 2.323184190324252
213 2.1709472549162916
214 2.1709472549162916
215 2.1709472549162916
216 2.1709472549162916
217 1.2531005983612447
218 1.2531005983612447
219 1.2531005983612447
220 1.2531005983612447
221 1.8086000283743215
222 1.8086000283743215
223 1.8086000283743215
224 1.8086000283743215
225 2.349672690486952
226 2.349672690486952
227 2.349672690486952
228 2.349672690486952
229 0.6692903493946212
230 0.6692903493946212
231 0.6692903493946212
232 0.6692903493946212
233 1.777727972073764
234 1.8110994613254634
235 1.8110994613254634
236 1.8110994613254634
237 1.8110994613254634
238 1.690569517372964
239 1.690569517372964
240 1.690569517372964
241 1.690569517372964
242 1.0492990242972815
243 1.0492990242972815
244 1.0492990242972815
245 1.0492990242972815
246 4.204796391952845
247 4.204796391952845
248 4.204796391952845
249 4.204796391952845
250 6.046735818579556
251 6.046735818579556
252 6.046735818579556
253 6.046735818579556
254 4.842360924078184
255 4.842360924078184
256 4.842360924078184
257 4.842360924078184
258 2.1361914709265175
259 2.1361914709265175
260 2.1361914709265175
261 2.1361914709265175
262 4.759686001021854
263 4.759686001021854
264 4.759686001021854
265 4.759686001021854
266 3.0609549012831976
267 3.0609549012831976
268 3.0609549012831976
269 3.0609549012831976
270 4.708380552966342
271 4.708380552966342
272 4.708380552966342
273 4.708380552966342
274 3.4157672512797865
275 3.4157672512797865
276 3.4157672512797865
277 3.4157672512797865
278 4.356077811985009
279 4.356077811985009
280 4.356077811985009
281 4.356077811985009
282 4.087050024660878
283 4.087050024660878
284 4.087050024660878
285 4.087050024660878
286 6.186906540439343
287 6.186906540439343
288 6.186906540439343
289 6.186906540439343
290 5.3115483695884524
291 5.3115483695884524
292 5.3115483695884524
293 5.3115483695884524
294 3.3006661641392943
295 3.3006661641392943
296 3.3006661641392943
297 3.3006661641392943
298 3.8876426080238478
299 3.8876426080238478
300 3.8876426080238478
301 3.8876426080238478
302 0.2951773514204121
303 0.2951773514204121
304 0.2951773514204121
305 0.2951773514204121
306 3.1948149677956246
307 3.1948149677956246
308 3.1948149677956246
309 3.1948149677956246
310 1.4242694666678941
311 1.4242694666678941
312 1.4242694666678941
313 1.4242694666678941
314 2.870894955152222
315 2.870894955152222
316 2.870894955152222
317 2.870894955152222
318 1.5675493712231505
319 1.5675493712231505
320 1.5675493712231505
321 1.5675493712231505
322 4.5243872780268966
323 4.5243872780268966
324 4.5243872780268966
325 4.5243872780268966
326 4.299511653211194
327 4.299511653211194
328 4.299511653211194
329 4.299511653211194
330 1.6297135270489005
331 1.6297135270489005
332 1.6297135270489005
333 1.6297135270489005
334 0.6513227824764021
335 0.6513227824764021
336 0.6513227824764021
337 0.6513227824764021
338 3.7892415980082417
339 3.7892415980082417
340 3.7892415980082417
341 3.7892415980082417
342 1.5105827888257246
343 1.5105827888257246
344 1.5105827888257246
345 1.5105827888257246
346 4.092287830972366
347 1.4069226264454684
348 1.4069226264454684
349 1.4069226264454684
350 1.4069226264454684
351 2.3835779900077347
352 2.3835779900077347
353 2.3835779900077347
354 2.3835779900077347
355 0.8998366464243137
356 0.8998366464243137
357 0.8998366464243137
358 0.8998366464243137
359 0.7270311821468909
360 0.7270311821468909
361 0.7270311821468909
362 0.7270311821468909
363 0.6589525056082443
364 0.6589525056082443
365 0.6589525056082443
366 0.6589525056082443
367 0.49701161957322715
368 0.49701161957322715
369 0.49701161957322715
370 0.49701161957322715
371 0.5215754762102061
372 0.5215754762102061
373 0.5215754762102061
374 0.5215754762102061
375 1.2620604619457585
376 1.2620604619457585
377 1.2620604619457585
378 1.2620604619457585
379 0.6703587350408755
380 0.6703587350408755
381 0.6703587350408755
382 0.6703587350408755
383 0.6736088735154118
384 0.6736088735154118
385 0.6736088735154118
386 0.6736088735154118
387 0.1
388 0.1
389 0.1
390 0.1
391 0.1
392 0.1
393 0.1
394 0.1
395 0.589941773272725
396 0.589941773272725
397 0.589941773272725
398 0.589941773272725
399 0.5816630536678381
400 0.5816630536678381
401 0.5816630536678381
402 2.2130069770358154
403 4.66049983109617
404 4.66049983109617
405 4.66049983109617
406 4.66049983109617
407 3.7027562025795047
408 3.7027562025795047
409 0.7898697558947434
410 0.7898697558947434
411 0.7898697558947434
412 0.7898697558947434
413 0.8210637269627531
414 0.8210637269627531
415 0.8210637269627531
416 0.8210637269627531
417 0.9800595294839982
418 0.9800595294839982
419 0.9800595294839982
420 0.9800595294839982
421 1.569612485090086
422 1.569612485090086
423 1.569612485090086
424 1.569612485090086
425 1.2613047312498806
426 1.2613047312498806
427 1.2613047312498806
428 1.2613047312498806
429 0.3700328282152092
430 0.3700328282152092
431 0.3700328282152092
432 0.3700328282152092
433 0.7470010710648358
434 0.7470010710648358
435 0.7470010710648358
436 0.7470010710648358
437 1.117746312779285
438 1.117746312779285
439 1.117746312779285
440 1.117746312779285
441 0.6358759122101157
442 0.6358759122101157
443 0.6358759122101157
444 0.6358759122101157
445 1.6087175101822724
446 1.6087175101822724
447 1.6087175101822724
448 1.6087175101822724
449 0.9648699263891358
450 0.9648699263891358
451 0.9648699263891358
452 0.9648699263891358
453 1.8751561016841856
454 1.8751561016841856
455 1.8751561016841856
456 1.8751561016841856
457 1.0479019915891343
458 1.0479019915891343
459 1.0479019915891343
460 1.0479019915891343
461 1.2931140789422753
462 1.2931140789422753
463 1.2931140789422753
464 1.2931140789422753
465 1.3974614348683676
466 1.3974614348683676
467 1.3974614348683676
468 1.3974614348683676
469 2.0943072397315463
470 2.0943072397315463
471 2.0943072397315463
472 2.0943072397315463
473 0.841683965842881
474 0.841683965842881
475 0.841683965842881
476 0.841683965842881
477 1.3127951443772334
478 1.3127951443772334
479 1.3127951443772334
480 1.3127951443772334
481 1.6892698853911055
482 1.6892698853911055
483 1.6892698853911055
484 1.6892698853911055
485 1.1481937186307067
486 1.1481937186307067
487 1.1481937186307067
488 1.1481937186307067
489 0.6297664941389692
490 2.9113944615177734
491 2.9113944615177734
492 2.9113944615177734
493 2.9113944615177734
494 3.936240308041988
495 3.936240308041988
496 3.936240308041988
497 3.936240308041988
498 3.1476352262856846
499 3.1476352262856846
500 3.1476352262856846
501 3.1476352262856846
502 2.6145454123932947
503 2.6145454123932947
504 2.6145454123932947
505 2.6145454123932947
506 4.254052306759059
507 4.254052306759059
508 4.254052306759059
509 4.254052306759059
510 1.8842133788541917
511 1.8842133788541917
512 1.8842133788541917
513 1.8842133788541917
514 5.37964442370397
515 5.37964442370397
516 5.37964442370397
517 5.37964442370397
518 3.407128512053471
519 3.407128512053471
520 3.407128512053471
521 3.407128512053471
522 4.107740919850825
523 4.107740919850825
524 4.107740919850825
525 4.107740919850825
526 1.3115419712753082
527 1.3115419712753082
528 1.3115419712753082
529 1.3115419712753082
530 4.798842329198117
531 4.798842329198117
532 4.798842329198117
533 4.798842329198117
534 1.3818260398915516
535 1.3818260398915516
536 1.3818260398915516
537 1.3818260398915516
538 1.7117752717901806
539 1.7117752717901806
540 1.7117752717901806
541 1.7117752717901806
542 1.1916975962983871
543 1.1916975962983871
544 1.1916975962983871
545 1.1916975962983871
546 2.3304522782019492
547 2.3304522782019492
548 2.3304522782019492
549 2.3304522782019492
550 1.918312365608673
551 1.918312365608673
552 1.918312365608673
553 1.918312365608673
554 0.9267773335229261
555 0.9267773335229261
556 0.9267773335229261
557 0.9267773335229261
558 8.581662125057228
559 8.581662125057228
560 8.581662125057228
561 8.581662125057228
562 2.748088326747692
563 2.748088326747692
564 2.748088326747692
565 2.748088326747692
566 3.7974425741212166
567 3.7974425741212166
568 3.7974425741212166
569 3.7974425741212166
570 1.4549023837830384
571 1.4549023837830384
572 1.4549023837830384
573 1.4549023837830384
574 3.919104357375435
575 3.919104357375435
576 3.919104357375435
577 3.919104357375435
578 5.840336395428707
579 5.840336395428707
580 5.840336395428707
581 5.840336395428707
582 1.8695928194153169
583 1.8695928194153169
584 1.8695928194153169
585 1.8695928194153169
586 0.7784300395602054
587 0.7784300395602054
588 0.7784300395602054
589 0.7784300395602054
590 1.217615807985301
591 1.217615807985301
592 5.021252309757866
593 5.021252309757866
594 5.021252309757866
595 5.021252309757866
596 4.9866169252126475
597 4.9866169252126475
598 4.9866169252126475
599 4.9866169252126475
600 5.443909744941271
601 5.443909744941271
602 5.443909744941271
603 5.443909744941271
604 3.69572676489429
605 3.69572676489429
606 3.69572676489429
607 3.69572676489429
608 1.7993487163899307
609 1.7993487163899307
610 1.7993487163899307
611 1.7993487163899307
612 0.542261789409912
613 0.542261789409912
614 0.542261789409912
615 0.542261789409912
616 3.7236886207047655
617 3.7236886207047655
618 3.7236886207047655
619 3.7236886207047655
620 0.9440754976682331
621 0.9440754976682331
622 0.9440754976682331
623 0.9440754976682331
624 2.9710535344846285
625 2.9710535344846285
626 2.9710535344846285
627 2.9710535344846285
628 0.384439750445317
629 0.384439750445317
630 0.384439750445317
631 0.384439750445317
632 3.315715378373107
633 3.315715378373107
634 3.315715378373107
635 3.315715378373107
636 6.45863188592006
637 6.45863188592006
638 6.45863188592006
639 6.45863188592006
640 3.9153425702819646
641 3.9153425702819646
642 3.9153425702819646
643 3.9153425702819646
644 1.7285265116048438
645 1.7285265116048438
646 1.7285265116048438
647 1.7285265116048438
648 5.885145815301549
649 5.885145815301549
650 5.885145815301549
651 5.885145815301549
652 2.5489495160349405
653 2.5489495160349405
654 2.5489495160349405
655 2.5489495160349405
656 6.677377140823983
657 6.677377140823983
658 6.677377140823983
659 6.677377140823983
660 4.276252667259645
661 4.276252667259645
662 4.276252667259645
663 4.276252667259645
664 5.172175507728674
665 5.172175507728674
666 5.172175507728674
667 5.172175507728674
668 4.454963416361842
669 4.454963416361842
670 4.454963416361842
671 4.454963416361842
672 5.486531861425039
673 5.486531861425039
674 5.486531861425039
675 5.486531861425039
676 1.6023642383440753
677 1.6023642383440753
678 1.6023642383440753
679 1.6023642383440753
680 1.9127815482443353
681 1.9127815482443353
682 1.9127815482443353
683 1.9127815482443353
684 4.604669050774321
685 4.604669050774321
686 4.604669050774321
687 4.604669050774321
688 4.177789551644654
689 4.177789551644654
690 4.177789551644654
691 4.177789551644654
692 3.887703981513064
693 3.887703981513064
694 3.887703981513064
695 3.887703981513064
696 4.479383221653056
697 4.479383221653056
698 4.479383221653056
699 4.479383221653056
700 5.833450764017879
701 5.833450764017879
702 5.833450764017879
703 5.833450764017879
704 1.406336310133586
705 1.406336310133586
706 1.406336310133586
707 1.406336310133586
708 5.337562484248932
709 5.337562484248932
710 5.337562484248932
711 5.337562484248932
712 5.458747623410926
713 5.458747623410926
714 5.458747623410926
715 5.458747623410926
716 5.224504462096817
717 5.224504462096817
718 5.224504462096817
719 5.224504462096817
720 6.684716840950479
721 6.684716840950479
722 6.684716840950479
723 6.684716840950479
724 5.351242315157589
725 5.351242315157589
726 5.351242315157589
727 5.351242315157589
728 0.7763898383857719
729 0.7763898383857719
730 0.7763898383857719
731 0.7763898383857719
732 3.858071156448574
733 3.858071156448574
734 3.858071156448574
735 3.858071156448574
736 3.900859026845133
737 3.900859026845133
738 3.900859026845133
739 3.900859026845133
740 5.713800735113174
741 5.713800735113174
742 5.713800735113174
743 5.713800735113174
744 1.7709882587959114
745 1.7709882587959114
746 1.7709882587959114
747 1.7709882587959114
748 2.235596324242579
749 2.235596324242579
750 2.235596324242579
751 2.235596324242579
752 5.597068864887692
753 5.597068864887692
754 5.597068864887692
755 5.597068864887692
756 2.7958319488458674
757 2.7958319488458674
758 2.7958319488458674
759 2.7958319488458674
760 4.336535310391537
761 4.336535310391537
762 4.336535310391537
763 4.336535310391537
764 5.608689224951119
765 5.608689224951119
766 5.608689224951119
767 5.608689224951119
768 0.7223072467290073
769 2.0405178395776082
770 2.0405178395776082
771 2.0405178395776082
772 2.0405178395776082
773 3.238218956242875
774 3.238218956242875
775 3.238218956242875
776 3.238218956242875
777 2.5986713655855285
778 2.5986713655855285
779 2.5986713655855285
780 2.5986713655855285
781 0.5894261288728542
782 0.5894261288728542
783 0.5894261288728542
784 0.5894261288728542
785 1.3813317886328416
786 1.3813317886328416
787 1.3813317886328416
788 1.3813317886328416
789 1.438707260921515
790 1.438707260921515
791 1.438707260921515
792 1.438707260921515
793 3.4747212214499625
794 3.4747212214499625
795 3.4747212214499625
796 3.4747212214499625
797 0.31265279986836403
798 0.31265279986836403
799 0.31265279986836403
800 0.31265279986836403
801 0.3493743203686317
802 0.3493743203686317
803 0.3493743203686317
804 0.3493743203686317
805 0.387368068130314
806 0.387368068130314
807 0.387368068130314
808 0.387368068130314
809 0.19668731075845683
810 0.19668731075845683
811 0.19668731075845683
812 0.19668731075845683
813 0.1
814 0.1
815 0.1
816 0.1
817 0.28032476874440604
818 0.28032476874440604
819 0.28032476874440604
820 0.28032476874440604
821 0.17669741479352782
822 0.17669741479352782
823 0.17669741479352782
824 0.17669741479352782
825 0.1
826 0.1
827 0.1
828 0.1
829 0.21670382705077085
830 0.21670382705077085
831 0.21670382705077085
832 0.21670382705077085
833 0.11263477216801106
834 0.11263477216801106
835 0.11263477216801106
836 0.11263477216801106
837 0.3131020854192708
838 0.3131020854192708
839 0.3131020854192708
840 0.3131020854192708
841 0.1114243852581077
842 0.1114243852581077
843 0.1114243852581077
844 0.1114243852581077
845 0.19764887010214033
846 0.19764887010214033
847 0.19764887010214033
848 0.19764887010214033
849 0.1
850 0.1
851 0.1
852 0.1
853 0.1
854 0.1
855 0.1
856 0.1
857 0.37414584070051116
858 0.37414584070051116
859 0.37414584070051116
860 0.37414584070051116
861 0.1
862 0.1
863 0.1
864 0.1
865 0.20874520500956947
866 0.20874520500956947
867 0.20874520500956947
868 0.20874520500956947
869 0.1010108863065886
870 0.35671186707267516
871 0.35671186707267516
872 0.35671186707267516
873 0.35671186707267516
874 0.547236994002969
875 0.547236994002969
876 0.547236994002969
877 0.547236994002969
878 0.9128280500228334
879 3.8966011888044774
880 3.8966011888044774
881 3.8966011888044774
882 3.8966011888044774
883 3.6805055829806443
884 3.6805055829806443
885 3.6805055829806443
886 3.6805055829806443
887 4.998652695304054
888 4.998652695304054
889 4.998652695304054
890 4.998652695304054
891 3.295213850113952
892 3.295213850113952
893 3.295213850113952
894 3.295213850113952
895 3.281893698814871
896 3.281893698814871
897 3.281893698814871
898 3.281893698814871
899 1.5137601906697897
900 1.5137601906697897
901 1.5137601906697897
902 1.5137601906697897
903 4.753968464217223
904 4.753968464217223
905 4.753968464217223
906 4.753968464217223
907 5.909356573274284
908 5.909356573274284
909 5.909356573274284
910 5.909356573274284
911 4.430641055777805
912 4.430641055777805
913 4.430641055777805
914 4.430641055777805
915 4.810583299770907
916 4.810583299770907
917 4.810583299770907
918 4.810583299770907
919 2.751283699668064
920 2.751283699668064
921 2.751283699668064
922 2.751283699668064
923 8.092385225180173
924 3.322036392930185
925 3.322036392930185
926 3.322036392930185
927 3.322036392930185
928 1.2663734887513454
929 1.2663734887513454
930 1.2663734887513454
931 1.2663734887513454
932 0.2925512413661544
933 0.2925512413661544
934 0.2925512413661544
935 0.2925512413661544
936 2.8358680294732532
937 2.8358680294732532
938 2.8358680294732532
939 2.8050767868985798
940 2.8050767868985798
941 2.8050767868985798
942 2.8050767868985798
943 2.613079162177309
944 2.613079162177309
945 2.613079162177309
946 2.613079162177309
947 5.609070414010637
948 5.609070414010637
949 5.609070414010637
950 5.609070414010637
951 3.8549940596556995
952 3.8549940596556995
953 3.8549940596556995
954 3.8549940596556995
955 2.6267868202149165
956 2.6267868202149165
957 2.6267868202149165
958 2.6267868202149165
959 3.5893865372181946
960 3.5893865372181946
961 3.5893865372181946
962 1.1609199239980992
963 1.1609199239980992
964 1.1609199239980992
965 1.1609199239980992
966 2.1608769874965823
967 2.1608769874965823
968 2.1608769874965823
969 2.1608769874965823
970 2.560361409231288
971 2.560361409231288
972 2.560361409231288
973 2.560361409231288
974 1.7379501017170684
975 1.7379501017170684
976 1.7379501017170684
977 1.7379501017170684
978 1.1933935852723616
979 1.1933935852723616
980 1.1933935852723616
981 1.1933935852723616
982 3.0638003990129583
983 3.0638003990129583
984 3.0638003990129583
985 3.0638003990129583
986 2.735604091175391
987 2.735604091175391
988 2.735604091175391
989 2.735604091175391
990 1.632856880788811
991 1.632856880788811
992 1.632856880788811
993 1.632856880788811
994 3.6188240721616802
995 3.6188240721616802
996 3.6188240721616802
997 3.6188240721616802
998 2.1763369322366652
999 2.1763369322366652
1000 2.1763369322366652
1001 2.1763369322366652
1002 2.20125329008963
1003 2.20125329008963
1004 2.20125329008963
1005 2.20125329008963
1006 2.8373173040812842
1007 2.8373173040812842
1008 2.8373173040812842
1009 2.8373173040812842
1010 0.6210858857996822
1011 0.6210858857996822
1012 0.6210858857996822
1013 0.6210858857996822
1014 1.8210012395930952
1015 1.8210012395930952
1016 1.8210012395930952
1017 1.8210012395930952
1018 1.985856059691217
1019 1.985856059691217
1020 1.985856059691217
1021 1.985856059691217
1022 0.397664233714905
1023 0.397664233714905
1024 0.397664233714905
1025 0.397664233714905
1026 1.3781437451049934
1027 1.3781437451049934
1028 1.3781437451049934
1029 1.3781437451049934
1030 2.217283736615218
1031 2.217283736615218
1032 2.217283736615218
1033 2.217283736615218
1034 0.40109653159533254
1035 0.40109653159533254
1036 0.40109653159533254
1037 0.40109653159533254
1038 6.16689138950724
1039 6.16689138950724
1040 6.16689138950724
1041 6.16689138950724
1042 2.455895261462637
1043 0.6447222601396391
1044 0.6447222601396391
1045 0.6447222601396391
1046 0.6447222601396391
1047 0.9547122646643995
1048 0.9547122646643995
1049 0.9547122646643995
1050 0.9547122646643995
1051 0.380669846365715
1052 0.380669846365715
1053 0.380669846365715
1054 0.380669846365715
1055 0.5783654675319589
1056 0.5783654675319589
1057 0.5783654675319589
1058 0.5783654675319589
1059 0.6872730149729033
1060 0.6872730149729033
1061 0.6872730149729033
1062 0.6872730149729033
1063 1.0578143880252682
1064 1.0578143880252682
1065 1.0578143880252682
1066 1.0578143880252682
1067 0.1
1068 0.1
1069 0.1
1070 0.1
1071 0.1
1072 0.1
1073 4.922938666850157
1074 4.922938666850157
1075 4.922938666850157
1076 4.922938666850157
1077 3.8290583605852047
1078 3.8290583605852047
1079 3.8290583605852047
1080 3.8290583605852047
1081 0.1
1082 0.1
1083 0.1
1084 0.1
1085 0.5642027679271737
1086 0.5642027679271737
1087 0.5642027679271737
1088 0.5642027679271737
1089 4.11054155244012
1090 4.11054155244012
1091 4.11054155244012
1092 4.11054155244012
1093 4.724452570344411
1094 4.724452570344411
1095 4.724452570344411
1096 4.724452570344411
1097 5.232339040062476
1098 5.232339040062476
1099 5.232339040062476
1100 5.232339040062476
1101 4.3272969199551765
1102 4.3272969199551765
1103 4.3272969199551765
1104 4.3272969199551765
1105 2.1026470999614704
1106 2.1026470999614704
1107 2.1026470999614704
1108 2.1026470999614704
1109 3.4200907571071784
1110 3.4200907571071784
1111 0.11187057064811468
1112 0.11187057064811468
1113 6.022384984357837
1114 6.022384984357837
1115 6.022384984357837
1116 6.022384984357837
1117 5.206204643254013
1118 5.206204643254013
1119 5.206204643254013
1120 5.206204643254013
1121 6.585470087013646
1122 6.585470087013646
1123 1.827291182865607
1124 1.827291182865607
1125 1.827291182865607
1126 1.827291182865607
1127 0.8327605196545811
1128 0.8327605196545811
1129 0.8327605196545811
1130 0.8327605196545811
1131 2.92965721302189
1132 2.92965721302189
1133 2.92965721302189
1134 2.92965721302189
1135 0.9486124083894127
1136 0.9486124083894127
1137 0.9486124083894127
1138 0.9486124083894127
1139 2.3305010995261286
1140 2.3305010995261286
1141 2.3305010995261286
1142 2.3305010995261286
1143 1.616774709548118
1144 1.616774709548118
1145 1.616774709548118
1146 1.616774709548118
1147 2.2885892836930397
1148 2.2885892836930397
1149 2.2885892836930397
1150 2.2885892836930397
1151 1.4462289306112077
1152 1.4462289306112077
1153 1.4462289306112077
1154 1.4462289306112077
1155 1.6540336489064131
1156 1.6540336489064131
1157 1.6540336489064131
1158 1.6540336489064131
1159 3.0699296016551605
1160 3.0699296016551605
1161 3.0699296016551605
1162 3.0699296016551605
1163 2.447585441035204
1164 2.447585441035204
1165 2.447585441035204
1166 2.447585441035204
1167 0.8764684816073836
1168 0.8764684816073836
1169 0.8764684816073836
1170 0.8764684816073836
1171 2.529085265273193
1172 2.529085265273193
1173 2.529085265273193
1174 2.529085265273193
1175 4.280532815519295
1176 2.785265152455174
1177 2.785265152455174
1178 2.785265152455174
1179 2.785265152455174
1180 1.816338733231083
1181 1.4808513108623012
1182 1.4808513108623012
1183 1.4808513108623012
1184 1.4808513108623012
1185 1.0313755833723324
1186 1.0313755833723324
1187 1.0313755833723324
1188 1.0313755833723324
1189 2.6901672521214453
1190 2.6901672521214453
1191 2.6901672521214453
1192 2.6901672521214453
1193 4.2392351291322985
1194 4.2392351291322985
1195 4.2392351291322985
1196 4.2392351291322985
1197 1.8576869335176007
1198 1.3482885190637883
1199 4.224592975231659
1200 4.224592975231659
1201 4.224592975231659
1202 4.224592975231659
1203 2.6156702661615183
1204 2.6156702661615183
1205 2.6156702661615183
1206 2.6156702661615183
1207 4.4031516104672015
1208 4.4031516104672015
1209 4.4031516104672015
1210 4.4031516104672015
1211 3.511235864425444
1212 3.511235864425444
1213 3.511235864425444
1214 3.511235864425444
1215 4.159398763003706
1216 4.159398763003706
1217 4.159398763003706
1218 4.159398763003706
1219 3.8258083418770266
1220 3.8258083418770266
1221 3.8258083418770266
1222 3.8258083418770266
1223 1.7128384667049894
1224 1.7128384667049894
1225 1.7128384667049894
1226 1.7128384667049894
1227 2.00497571789115
1228 2.00497571789115
1229 2.00497571789115
1230 2.00497571789115
1231 6.722054613559937
1232 6.722054613559937
1233 6.722054613559937
1234 6.722054613559937
1235 5.753322275111932
1236 5.753322275111932
1237 5.753322275111932
1238 5.753322275111932
1239 1.2042963874265187
1240 1.2042963874265187
1241 1.2042963874265187
1242 1.2042963874265187
1243 2.208445998886105
1244 2.9835937869063236
1245 2.9835937869063236
1246 2.9835937869063236
1247 2.9835937869063236
1248 1.8704608130479288
1249 1.8704608130479288
1250 1.8704608130479288
1251 1.8704608130479288
1252 3.739167312361045
1253 3.739167312361045
1254 3.739167312361045
1255 3.739167312361045
1256 0.6203856081387698
1257 0.6203856081387698
1258 0.6203856081387698
1259 0.6203856081387698
1260 0.7676395960870404
1261 1.2533702195869458
1262 1.2533702195869458
1263 1.2533702195869458
1264 1.2533702195869458
1265 0.49050210607154754
1266 0.49050210607154754
1267 0.49050210607154754
1268 0.49050210607154754
1269 0.9490587589525283
1270 0.9490587589525283
1271 0.9490587589525283
1272 0.9490587589525283
1273 0.3294737659749041
1274 0.3294737659749041
1275 0.3294737659749041
1276 0.3294737659749041
1277 0.5610405958967836
1278 0.5610405958967836
1279 0.5610405958967836
1280 0.5610405958967836
1281 0.611157251211749
1282 0.611157251211749
1283 0.611157251211749
1284 0.611157251211749
1285 0.890690902791877
1286 0.890690902791877
1287 0.890690902791877
1288 0.890690902791877
1289 0.7330201377001597
1290 0.7330201377001597
1291 0.7330201377001597
1292 0.7330201377001597
1293 0.35999652774369273
1294 0.35999652774369273
1295 0.35999652774369273
1296 0.35999652774369273
1297 0.984104303746232
1298 0.984104303746232
1299 0.984104303746232
1300 0.984104303746232
1301 0.9491063476446635
1302 0.9491063476446635
1303 0.9491063476446635
1304 0.9491063476446635
1305 1.019522884509532
1306 1.019522884509532
1307 1.019522884509532
1308 1.019522884509532
1309 0.1
1310 0.1
1311 0.1
1312 0.1
1313 1.0169932190470274
1314 1.0169932190470274
1315 1.0169932190470274
1316 1.0169932190470274
1317 0.46993380151100955
1318 0.46993380151100955
1319 0.46993380151100955
1320 0.46993380151100955
1321 0.7204368531263083
1322 0.7204368531263083
1323 0.7204368531263083
1324 0.7204368531263083
1325 0.8210553481977452
1326 0.8210553481977452
1327 0.8210553481977452
1328 0.8210553481977452
1329 0.844097635706283
1330 0.844097635706283
1331 0.844097635706283
1332 0.844097635706283
1333 0.9514863775003903
1334 0.9514863775003903
1335 0.9514863775003903
1336 0.9514863775003903
1337 0.3623145687238958
1338 0.3623145687238958
1339 0.3623145687238958
1340 0.3623145687238958
1341 0.1
1342 0.1
1343 0.1
1344 0.1
1345 0.22129084037904254
1346 0.22129084037904254
1347 0.22129084037904254
1348 0.22129084037904254
1349 0.25132998657637384
1350 0.25132998657637384
1351 0.25132998657637384
1352 0.25132998657637384
1353 0.154550004185581
1354 0.154550004185581
1355 0.154550004185581
1356 0.154550004185581
1357 0.20842457591296618
1358 0.20842457591296618
1359 0.20842457591296618
1360 0.20842457591296618
1361 0.15874754646785633
1362 0.15874754646785633
1363 0.15874754646785633
1364 0.15874754646785633
1365 3.162618046431574
1366 3.162618046431574
1367 3.162618046431574
1368 3.162618046431574
1369 3.383192391433588
1370 3.383192391433588
1371 3.383192391433588
1372 3.383192391433588
1373 5.769648884285945
1374 5.769648884285945
1375 5.769648884285945
1376 5.769648884285945
1377 4.906197704249879
1378 4.906197704249879
1379 4.906197704249879
1380 4.906197704249879
1381 2.683228915788434
1382 2.683228915788434
1383 2.683228915788434
1384 2.683228915788434
1385 1.862052859764979
1386 1.862052859764979
1387 1.862052859764979
1388 1.862052859764979
1389 2.4291990936562944
1390 2.4291990936562944
1391 0.3924278925653365
1392 0.3924278925653365
1393 0.3924278925653365
1394 0.3924278925653365
1395 0.8924507633047447
1396 0.8924507633047447
1397 0.8924507633047447
1398 0.8924507633047447
1399 2.4536741983628936
1400 2.4536741983628936
1401 2.4536741983628936
1402 2.4536741983628936
1403 1.0074346922254174
1404 1.0074346922254174
1405 1.0074346922254174
1406 1.0074346922254174
1407 1.8293351721160929
1408 1.8293351721160929
1409 1.8293351721160929
1410 1.8293351721160929
1411 1.8401703316814424
1412 1.8401703316814424
1413 1.8401703316814424
1414 1.8401703316814424
1415 2.8559953961396434
1416 2.8559953961396434
1417 2.8559953961396434
1418 2.8559953961396434
1419 1.6879152912309938
1420 1.6879152912309938
1421 1.6879152912309938
1422 1.6879152912309938
1423 3.5185076836398936
1424 3.5185076836398936
1425 3.5185076836398936
1426 3.5185076836398936
1427 2.3565719791550848
1428 2.3565719791550848
1429 2.3565719791550848
1430 2.3565719791550848
1431 2.3554452376879302
1432 2.3554452376879302
1433 2.3554452376879302
1434 2.3554452376879302
1435 1.8180812385413683
1436 1.8180812385413683
1437 1.8180812385413683
1438 1.8180812385413683
1439 2.0021124127866883
1440 2.0021124127866883
1441 2.0021124127866883
1442 2.0021124127866883
1443 1.9587792626504779
1444 1.9587792626504779
1445 1.9587792626504779
1446 1.9587792626504779
1447 2.8167858505390835
1448 2.8167858505390835
1449 2.8167858505390835
1450 2.8167858505390835
1451 1.4571671850360797
1452 1.4571671850360797
1453 1.4571671850360797
1454 1.4571671850360797
1455 2.915365669437369
1456 2.915365669437369
1457 2.915365669437369
1458 2.915365669437369
1459 1.0108181078374197
1460 1.0108181078374197
1461 1.0108181078374197
1462 1.0108181078374197
1463 3.156322029463886
1464 3.156322029463886
1465 3.156322029463886
1466 3.156322029463886
1467 0.2008539945170158
1468 0.2008539945170158
1469 0.2008539945170158
1470 0.2008539945170158
1471 1.5633592790651423
1472 1.5633592790651423
1473 1.5633592790651423
1474 1.5633592790651423
1475 1.5517675075264068
1476 1.5517675075264068
1477 1.5517675075264068
1478 1.5517675075264068
1479 1.2071376881092855
1480 1.2071376881092855
1481 1.2071376881092855
1482 1.2071376881092855
1483 3.04178672869692
1484 3.04178672869692
1485 3.04178672869692
1486 3.04178672869692
1487 3.531804062437173
1488 7.036776422420497
1489 7.036776422420497
1490 2.564558796566045
1491 2.564558796566045
1492 2.564558796566045
1493 2.564558796566045
1494 0.8414953338400213
1495 0.8414953338400213
1496 0.8414953338400213
1497 0.8414953338400213
1498 3.2283195065671118
1499 3.2283195065671118
1500 3.2283195065671118
1501 3.2283195065671118
1502 0.8727438452941534
1503 0.8727438452941534
1504 0.8727438452941534
1505 0.8727438452941534
1506 0.1
1507 0.1
1508 0.1
1509 0.1
1510 2.3563250202808295
1511 0.6379108056627829
1512 0.6379108056627829
1513 0.6379108056627829
1514 0.6379108056627829
1515 4.129547170422292
1516 4.129547170422292
1517 4.129547170422292
1518 1.2499575361480324
1519 1.2499575361480324
1520 1.2499575361480324
1521 1.2499575361480324
1522 2.84519564372396
1523 2.84519564372396
1524 2.84519564372396
1525 2.84519564372396
1526 3.344713284238269
1527 3.344713284238269
1528 3.344713284238269
1529 3.344713284238269
1530 0.6353597280683103
1531 0.6353597280683103
1532 0.6353597280683103
1533 0.6353597280683103
1534 3.725514277498663
1535 3.725514277498663
1536 3.725514277498663
1537 3.6943481367525064
1538 3.6943481367525064
1539 3.6943481367525064
1540 3.6943481367525064
1541 2.4432976289836508
1542 2.4432976289836508
1543 2.4432976289836508
1544 2.4432976289836508
1545 0.1
1546 0.1
1547 0.1
1548 0.1
1549 3.0213465318150616
1550 3.0213465318150616
1551 3.0213465318150616
1552 3.0213465318150616
1553 2.9966228519768583
1554 2.9966228519768583
1555 2.9966228519768583
1556 2.9966228519768583
1557 5.110215499548664
1558 5.110215499548664
1559 5.110215499548664
1560 5.110215499548664
1561 6.591857328013021
1562 6.591857328013021
1563 6.591857328013021
1564 6.591857328013021
1565 5.338381834220372
1566 5.338381834220372
1567 5.338381834220372
1568 5.338381834220372
1569 3.9572282178820224
1570 3.9572282178820224
1571 3.9572282178820224
1572 3.9572282178820224
1573 5.319030736061473
1574 5.319030736061473
1575 5.319030736061473
1576 5.319030736061473
1577 4.517643209201924
1578 4.517643209201924
1579 4.517643209201924
1580 4.517643209201924
1581 2.9256729476987333
1582 2.9256729476987333
1583 2.9256729476987333
1584 2.9256729476987333
1585 5.334312175963276
1586 5.334312175963276
1587 5.334312175963276
1588 5.334312175963276
1589 2.2862465144849673
1590 2.2862465144849673
1591 2.2862465144849673
1592 2.2862465144849673
1593 5.152444654064901
1594 5.152444654064901
1595 5.152444654064901
1596 5.152444654064901
1597 5.497682408877725
1598 5.497682408877725
1599 5.497682408877725
1600 5.497682408877725
1601 3.2534607907488424
1602 3.2534607907488424
1603 3.2534607907488424
1604 3.2534607907488424
1605 3.5152009638441304
1606 3.5152009638441304
1607 3.5152009638441304
1608 3.5152009638441304
1609 4.1502236678002244
1610 4.1502236678002244
1611 4.1502236678002244
1612 4.1502236678002244
1613 2.1146062091965954
1614 2.1146062091965954
1615 2.1146062091965954
1616 2.1146062091965954
1617 1.9246447339110535
1618 1.9246447339110535
1619 1.9246447339110535
1620 0.521878069676657
1621 0.521878069676657
1622 0.521878069676657
1623 0.521878069676657
1624 0.8970256555687368
1625 0.8970256555687368
1626 0.8970256555687368
1627 0.8970256555687368
1628 0.3227883106879347
1629 0.3227883106879347
1630 0.3227883106879347
1631 0.3227883106879347
1632 0.1597415983069137
1633 0.1597415983069137
1634 0.1597415983069137
1635 0.1597415983069137
1636 0.8559163642784153
1637 0.8559163642784153
1638 0.8559163642784153
1639 0.8559163642784153
1640 0.1
1641 0.1
1642 0.1
1643 0.1
1644 0.4963058599449801
1645 0.4963058599449801
1646 0.4963058599449801
1647 0.4963058599449801
1648 0.1
1649 0.1
1650 0.1
1651 0.1
1652 0.8582776010837443
1653 0.8582776010837443
1654 0.8582776010837443
1655 0.8582776010837443
1656 0.5204320156734037
1657 0.5204320156734037
1658 0.5204320156734037
1659 0.5204320156734037
1660 1.1036580166100523
1661 0.6988157666839604
1662 0.6988157666839604
1663 0.6988157666839604
1664 0.6988157666839604
1665 1.2767908292255612
1666 1.2767908292255612
1667 1.2767908292255612
1668 1.2767908292255612
1669 0.7053329012056804
1670 0.7053329012056804
1671 0.7053329012056804
1672 0.7053329012056804
1673 0.13454757723768962
1674 0.13454757723768962
1675 0.13454757723768962
1676 0.13454757723768962
1677 1.248615549502663
1678 1.248615549502663
1679 1.248615549502663
1680 1.248615549502663
1681 1.541507127615364
1682 1.541507127615364
1683 1.541507127615364
1684 1.541507127615364
1685 2.113367619896506
1686 2.113367619896506
1687 2.113367619896506
1688 2.113367619896506
1689 1.3278159433513401
1690 1.3278159433513401
1691 1.3278159433513401
1692 1.3278159433513401
1693 1.2016141583420226
1694 1.2016141583420226
1695 1.2016141583420226
1696 1.2016141583420226
1697 1.8809485542815516
1698 1.8809485542815516
1699 1.8809485542815516
1700 1.8809485542815516
1701 1.249003025488392
1702 1.249003025488392
1703 1.249003025488392
1704 1.249003025488392
1705 1.476493949299612
1706 1.476493949299612
1707 1.476493949299612
1708 1.476493949299612
1709 2.4652621537319552
1710 2.4652621537319552
1711 2.4652621537319552
1712 2.4652621537319552
1713 1.870453280224545
1714 1.870453280224545
1715 1.870453280224545
1716 1.870453280224545
1717 1.9676603519569875
1718 1.9676603519569875
1719 1.9676603519569875
1720 1.9676603519569875
1721 0.7416063141242513
1722 0.7416063141242513
1723 0.7416063141242513
1724 0.7416063141242513
1725 0.7818468774979925
1726 0.7818468774979925
1727 0.7818468774979925
1728 0.7818468774979925
1729 2.6125491902329623
1730 2.6125491902329623
1731 2.6125491902329623
1732 2.6125491902329623
1733 3.0316733591906346
1734 3.0316733591906346
1735 3.0316733591906346
1736 3.0316733591906346
1737 2.1366984043578974
1738 2.1366984043578974
1739 2.1366984043578974
1740 2.1366984043578974
1741 1.2744012250410057
1742 1.2744012250410057
1743 1.2744012250410057
1744 1.2744012250410057
1745 1.1738827169054575
1746 1.1738827169054575
1747 1.1738827169054575
1748 1.1738827169054575
1749 0.6655367501622302
1750 0.6655367501622302
1751 0.6655367501622302
1752 0.6655367501622302
1753 1.8612864122574075
1754 1.8612864122574075
1755 1.8612864122574075
1756 1.8612864122574075
1757 1.6285172342504122
1758 1.6285172342504122
1759 1.6285172342504122
1760 1.6285172342504122
1761 1.2501356299034163
1762 1.2501356299034163
1763 1.2501356299034163
1764 1.2501356299034163
1765 2.2431090091197756
1766 2.2431090091197756
1767 2.2431090091197756
1768 2.2431090091197756
1769 2.4028123916586397
1770 2.4028123916586397
1771 0.6579313843278248
1772 0.6579313843278248
1773 0.6579313843278248
1774 0.6579313843278248
1775 0.13317805891597279
1776 1.679395271603349
1777 1.679395271603349
1778 1.679395271603349
1779 1.679395271603349
1780 1.27755266220965
1781 1.27755266220965
1782 1.27755266220965
1783 1.27755266220965
1784 2.8929929798631635
1785 2.8929929798631635
1786 2.8929929798631635
1787 2.8929929798631635
1788 1.7662873729155408
1789 1.7662873729155408
1790 1.7662873729155408
1791 5.608698037510184
1792 5.608698037510184
1793 5.608698037510184
1794 5.608698037510184
1795 4.546397629076765
1796 4.546397629076765
1797 4.546397629076765
1798 4.546397629076765
1799 2.477575884023922
1800 2.477575884023922
1801 2.477575884023922
1802 2.477575884023922
1803 2.6754530437212014
1804 2.6754530437212014
1805 2.6754530437212014
1806 2.6754530437212014
1807 0.8495076151647651
1808 0.8495076151647651
1809 0.8495076151647651
1810 0.8495076151647651
1811 1.8423572190484527
1812 1.8423572190484527
1813 1.8423572190484527
1814 1.8423572190484527
1815 2.1183137231356235
1816 2.1183137231356235
1817 2.1183137231356235
1818 2.1183137231356235
1819 4.072869944598821
1820 4.072869944598821
1821 4.072869944598821
1822 4.072869944598821
1823 1.7958784500974097
1824 1.1480547881116745
1825 1.1480547881116745
1826 1.1480547881116745
1827 1.1480547881116745
1828 1.7812939881803278
1829 1.7812939881803278
1830 1.7812939881803278
1831 1.7812939881803278
1832 2.2396032004999027
1833 2.2396032004999027
1834 2.2396032004999027
1835 2.2396032004999027
1836 0.7479370807637328
1837 0.7479370807637328
1838 0.7479370807637328
1839 0.7479370807637328
1840 1.3812774986413192
1841 1.3812774986413192
1842 1.3812774986413192
1843 1.3812774986413192
1844 2.1568469688553082
1845 2.1568469688553082
1846 2.1568469688553082
1847 2.1568469688553082
1848 0.8779623754429553
1849 0.8779623754429553
1850 0.8779623754429553
1851 0.8779623754429553
1852 2.1873710727084545
1853 2.1873710727084545
1854 2.1873710727084545
1855 2.1873710727084545
1856 0.25093582318558894
1857 0.25093582318558894
1858 0.25093582318558894
1859 0.25093582318558894
1860 1.1265083814010826
1861 1.1265083814010826
1862 1.1265083814010826
1863 1.1265083814010826
1864 1.1963990118963896
1865 1.1963990118963896
1866 1.1963990118963896
1867 1.1963990118963896
1868 1.2552717008863554
1869 1.2552717008863554
1870 1.2552717008863554
1871 1.2552717008863554
1872 1.1599326129842147
1873 1.1599326129842147
1874 1.1599326129842147
1875 1.1599326129842147
1876 2.2951102754182218
1877 2.2951102754182218
1878 2.2951102754182218
1879 2.2951102754182218
1880 2.0746638044563355
1881 2.0746638044563355
1882 2.0746638044563355
1883 2.0746638044563355
1884 1.97435269673373
1885 1.97435269673373
1886 1.97435269673373
1887 0.7998916146524637
1888 0.7998916146524637
1889 0.7998916146524637
1890 0.7998916146524637
1891 2.006167482920638
1892 2.006167482920638
1893 2.006167482920638
1894 2.006167482920638
1895 2.810361765267292
1896 2.810361765267292
1897 2.810361765267292
1898 2.810361765267292
1899 1.9071177175246947
1900 1.9071177175246947
1901 1.9071177175246947
1902 1.9071177175246947
1903 4.4985226076901785
1904 4.4985226076901785
1905 4.4985226076901785
1906 4.4985226076901785
1907 2.4554740236967136
1908 2.4554740236967136
1909 2.4554740236967136
1910 2.4554740236967136
1911 1.2951376960981624
1912 1.2951376960981624
1913 1.2951376960981624
1914 1.2951376960981624
1915 1.6052567871785652
1916 1.6052567871785652
1917 1.6052567871785652
1918 1.6052567871785652
1919 0.1550051563300392
1920 0.1550051563300392
1921 0.1550051563300392
1922 0.1550051563300392
1923 1.2964575840049923
1924 1.2964575840049923
1925 1.2964575840049923
1926 1.2964575840049923
1927 0.6311706933181453
1928 0.6311706933181453
1929 0.6311706933181453
1930 0.6311706933181453
1931 1.5773442426189945
1932 1.5773442426189945
1933 1.5773442426189945
1934 1.5773442426189945
1935 0.3690102355114222
1936 0.3690102355114222
1937 0.3690102355114222
1938 0.3690102355114222
1939 3.320329339877057
1940 3.320329339877057
1941 3.320329339877057
1942 3.320329339877057
1943 3.909666397190323
1944 3.909666397190323
1945 3.909666397190323
1946 3.909666397190323
1947 1.8173141128027084
1948 1.8173141128027084
1949 1.8173141128027084
1950 1.8173141128027084
1951 4.7515834869750275
1952 4.7515834869750275
1953 4.7515834869750275
1954 4.7515834869750275
1955 4.089471049533317
1956 4.089471049533317
1957 4.089471049533317
1958 4.089471049533317
1959 3.057530214975114
1960 3.057530214975114
1961 3.057530214975114
1962 3.057530214975114
1963 5.43718943332881
1964 5.43718943332881
1965 5.43718943332881
1966 5.43718943332881
1967 1.3236588867025305
1968 1.3236588867025305
1969 1.3236588867025305
1970 1.3236588867025305
1971 5.818834386623469
1972 5.818834386623469
1973 5.818834386623469
1974 5.818834386623469
1975 3.8430815680932593
1976 2.026264948298969
1977 2.026264948298969
1978 2.026264948298969
1979 2.026264948298969
1980 2.553372203187484
1981 2.553372203187484
1982 2.553372203187484
1983 2.553372203187484
1984 3.7923746565087266
1985 3.7923746565087266
1986 3.7923746565087266
1987 3.7923746565087266
1988 3.422531935939613
1989 3.422531935939613
1990 3.422531935939613
1991 3.422531935939613
1992 2.5008150017090016
1993 2.5008150017090016
1994 2.5008150017090016
1995 2.5008150017090016
1996 3.5715911311168895
1997 3.5715911311168895
1998 3.5715911311168895
1999 3.5715911311168895
