0 3.2755787054122223
1 3.2755787054122223
2 3.2755787054122223
3 3.2755787054122223
4 4.000327291008221
5 4.000327291008221
6 4.000327291008221
7 4.000327291008221
8 1.9302709895641337
9 1.9302709895641337
10 1.9302709895641337
11 1.9302709895641337
12 3.7742845352737873
13 3.7742845352737873
14 3.7742845352737873
15 3.7742845352737873
16 4.8824069154674765
17 4.8824069154674765
18 4.8824069154674765
19 4.8824069154674765
20 3.4209148405956595
21 3.4209148405956595
22 3.4209148405956595
23 3.4209148405956595
24 1.8556827876636137
25 1.8556827876636137
26 1.8556827876636137
27 1.8556827876636137
28 3.151449486755157
29 3.151449486755157
30 3.151449486755157
31 3.151449486755157
32 1.7249138420211798
33 1.7249138420211798
34 1.7249138420211798
35 1.7249138420211798
36 4.334641861560515
37 4.334641861560515
38 4.334641861560515
39 4.334641861560515
40 2.9858423686763675
41 2.9858423686763675
42 2.9858423686763675
43 2.9858423686763675
44 0.933249411252167
45 0.933249411252167
46 0.933249411252167
47 0.933249411252167
48 3.7179383920897786
49 3.7179383920897786
50 3.7179383920897786
51 3.7179383920897786
52 1.9423399678506277
53 1.9423399678506277
54 1.9423399678506277
55 1.9423399678506277
56 2.3146864255841657
57 2.3146864255841657
58 2.3146864255841657
59 2.3146864255841657
60 3.1851893895954486
61 3.1851893895954486
62 3.1851893895954486
63 3.1851893895954486
64 4.35094686572705
65 4.35094686572705
66 4.35094686572705
67 4.35094686572705
68 3.3578397410006
69 3.3578397410006
70 3.3578397410006
71 3.3578397410006
72 3.2078175644823808
73 3.2078175644823808
74 3.2078175644823808
75 3.2078175644823808
76 3.6739440638314598
77 3.6739440638314598
78 3.6739440638314598
79 3.6739440638314598
80 4.356312572188292
81 4.356312572188292
82 4.356312572188292
83 4.356312572188292
84 0.8619695918530019
85 0.8619695918530019
86 0.8619695918530019
87 0.8619695918530019
88 3.863451802677175
89 3.863451802677175
90 3.863451802677175
91 3.863451802677175
92 4.926502264925106
93 4.926502264925106
94 4.926502264925106
95 4.926502264925106
96 1.8153451136725
97 1.8153451136725
98 1.8153451136725
99 1.8153451136725
100 3.127948381426778
101 3.127948381426778
102 3.127948381426778
103 3.127948381426778
104 4.463364319670488
105 4.463364319670488
106 4.463364319670488
107 4.463364319670488
108 1.0509395758649842
109 1.0509395758649842
110 1.0509395758649842
111 1.0509395758649842
112 4.208250043551039
113 4.208250043551039
114 4.208250043551039
115 4.208250043551039
116 1.7969943308073537
117 1.7969943308073537
118 1.7969943308073537
119 1.7969943308073537
120 4.82189388512893
121 4.82189388512893
122 4.82189388512893
123 4.82189388512893
124 4.105102741357655
125 4.105102741357655
126 4.105102741357655
127 4.105102741357655
128 1.6851166094577716
129 1.6851166094577716
130 1.6851166094577716
131 1.6851166094577716
132 1.7346410200425615
133 1.7346410200425615
134 1.7346410200425615
135 1.7346410200425615
136 2.57299769816571
137 2.57299769816571
138 2.57299769816571
139 2.57299769816571
140 1.4144878617620855
141 1.4144878617620855
142 1.4144878617620855
143 1.4144878617620855
144 2.8670178827792325
145 2.8670178827792325
146 2.8670178827792325
147 2.8670178827792325
148 3.341048875691406
149 3.341048875691406
150 3.341048875691406
151 3.341048875691406
152 3.3911867160556977
153 3.3911867160556977
154 3.3911867160556977
155 3.3911867160556977
156 2.980396130905734
157 2.980396130905734
158 2.980396130905734
159 2.980396130905734
160 3.3772627199643654
161 3.3772627199643654
162 3.3772627199643654
163 3.3772627199643654
164 2.9702710842322806
165 2.9702710842322806
166 2.9702710842322806
167 2.9702710842322806
168 0.5688709958712104
169 0.5688709958712104
170 0.5688709958712104
171 0.5688709958712104
172 1.2155744104785462
173 1.2155744104785462
174 1.2155744104785462
175 1.2155744104785462
176 4.7745238813453295
177 4.7745238813453295
178 4.7745238813453295
179 4.7745238813453295
180 1.502529689091038
181 2.1092596708053044
182 2.1092596708053044
183 2.1092596708053044
184 2.1092596708053044
185 0.5990739831712416
186 0.5990739831712416
187 0.5990739831712416
188 0.5990739831712416
189 2.008851304369343
190 2.008851304369343
191 2.008851304369343
192 2.008851304369343
193 0.9450650603042626
194 0.9450650603042626
195 0.9450650603042626
196 0.9450650603042626
197 1.7099136950971876
198 0.12275433772597505
199 0.12275433772597505
200 0.12275433772597505
201 0.12275433772597505
202 0.3050644714706094
203 0.3050644714706094
204 0.3050644714706094
205 0.3050644714706094
206 0.2187850322530133
207 0.2187850322530133
208 6.82357205756197
209 6.82357205756197
210 6.82357205756197
211 6.82357205756197
212 4.659052872096199
213 4.659052872096199
214 4.659052872096199
215 4.659052872096199
216 2.902969081887803
217 2.902969081887803
218 1.136531053852394
219 1.136531053852394
220 1.136531053852394
221 1.136531053852394
222 0.9817048319255319
223 0.9817048319255319
224 0.9817048319255319
225 0.9817048319255319
226 1.2675463571165446
227 1.2675463571165446
228 1.2675463571165446
229 1.2675463571165446
230 0.4386890603587795
231 0.4386890603587795
232 0.4386890603587795
233 0.4386890603587795
234 0.6599783756777591
235 0.6599783756777591
236 0.6599783756777591
237 0.6599783756777591
238 1.004582287491803
239 1.004582287491803
240 1.004582287491803
241 1.004582287491803
242 1.309673028409632
243 1.309673028409632
244 1.309673028409632
245 3.467932953425021
246 3.467932953425021
247 3.467932953425021
248 3.467932953425021
249 1.9122045622900987
250 1.9122045622900987
251 1.9122045622900987
252 1.9122045622900987
253 2.057499086338041
254 2.057499086338041
255 2.057499086338041
256 2.057499086338041
257 2.349504994969776
258 2.349504994969776
259 2.349504994969776
260 2.349504994969776
261 2.2186244033771048
262 2.2186244033771048
263 2.2186244033771048
264 2.2186244033771048
265 1.8684506317793106
266 1.8684506317793106
267 1.8684506317793106
268 1.8684506317793106
269 2.2224662306485095
270 2.2224662306485095
271 2.2224662306485095
272 2.2224662306485095
273 2.9606373604520826
274 2.9606373604520826
275 2.9606373604520826
276 2.9606373604520826
277 3.7453767754303233
278 3.7453767754303233
279 3.7453767754303233
280 3.7453767754303233
281 2.1861381525298813
282 2.1861381525298813
283 2.1861381525298813
284 2.1861381525298813
285 1.7860007035417707
286 1.7860007035417707
287 1.7860007035417707
288 1.7860007035417707
289 2.9677501967524664
290 2.9677501967524664
291 2.9677501967524664
292 2.9677501967524664
293 2.6922344871789745
294 2.6922344871789745
295 2.6922344871789745
296 2.6922344871789745
297 2.5409329334688215
298 2.5409329334688215
299 2.5409329334688215
300 2.5409329334688215
301 1.699302867966151
302 1.699302867966151
303 1.699302867966151
304 1.699302867966151
305 2.7049443287143498
306 2.7049443287143498
307 2.7049443287143498
308 2.7049443287143498
309 3.335671533603581
310 3.335671533603581
311 3.335671533603581
312 3.335671533603581
313 0.5916246594661421
314 0.5916246594661421
315 0.5916246594661421
316 0.5916246594661421
317 2.873570603334305
318 2.873570603334305
319 2.873570603334305
320 2.873570603334305
321 1.8999400256109622
322 1.8999400256109622
323 1.8999400256109622
324 1.8999400256109622
325 1.3302746226730917
326 1.3302746226730917
327 1.3302746226730917
328 1.3302746226730917
329 1.4171009910460848
330 1.4171009910460848
331 1.4171009910460848
332 1.4171009910460848
333 1.4846326040280253
334 1.4846326040280253
335 1.4846326040280253
336 1.4846326040280253
337 1.8961220515234967
338 1.8961220515234967
339 1.8961220515234967
340 1.8961220515234967
341 1.7361248517430696
342 1.7361248517430696
343 1.7361248517430696
344 1.7361248517430696
345 3.418282210601961
346 3.418282210601961
347 3.418282210601961
348 3.418282210601961
349 2.083738050285286
350 2.083738050285286
351 2.083738050285286
352 2.083738050285286
353 3.4348955245769717
354 3.4348955245769717
355 3.4348955245769717
356 3.4348955245769717
357 1.4479752519253783
358 1.4479752519253783
359 1.4479752519253783
360 1.4479752519253783
361 1.9058728470133093
362 1.9058728470133093
363 1.9058728470133093
364 1.9058728470133093
365 2.19573481740554
366 2.19573481740554
367 2.19573481740554
368 2.19573481740554
369 2.5432047541340808
370 2.5432047541340808
371 2.5432047541340808
372 2.5432047541340808
373 0.945496622668889
374 0.945496622668889
375 0.945496622668889
376 0.945496622668889
377 1.7499413094751963
378 1.7499413094751963
379 1.7499413094751963
380 1.7499413094751963
381 1.4337080265732698
382 1.4337080265732698
383 1.4337080265732698
384 1.4337080265732698
385 2.4156215108128922
386 2.4156215108128922
387 2.4156215108128922
388 2.4156215108128922
389 2.538627191599152
390 2.538627191599152
391 2.538627191599152
392 2.538627191599152
393 2.335961475833707
394 2.335961475833707
395 2.335961475833707
396 2.335961475833707
397 0.2700607921756817
398 0.2700607921756817
399 0.2700607921756817
400 0.2700607921756817
401 1.8156300085669266
402 1.8156300085669266
403 1.8156300085669266
404 1.8156300085669266
405 2.7585168895375136
406 2.7585168895375136
407 2.7585168895375136
408 2.7585168895375136
409 1.5404331029756426
410 1.5404331029756426
411 1.5404331029756426
412 1.5404331029756426
413 1.6325335494989626
414 1.6325335494989626
415 1.6325335494989626
416 1.6325335494989626
417 2.4620929038063757
418 2.4620929038063757
419 2.4620929038063757
420 2.4620929038063757
421 2.9915303057373985
422 2.9915303057373985
423 2.9915303057373985
424 2.9915303057373985
425 0.8756170736112108
426 0.8756170736112108
427 0.8756170736112108
428 0.8756170736112108
429 0.1
430 0.1
431 0.1
432 0.1
433 1.8642228349064434
434 1.8642228349064434
435 1.8642228349064434
436 1.8642228349064434
437 1.7336035221620034
438 1.7336035221620034
439 1.7336035221620034
440 1.7336035221620034
441 2.243926928323071
442 2.243926928323071
443 2.243926928323071
444 2.243926928323071
445 3.0624273616380084
446 3.0624273616380084
447 3.0624273616380084
448 3.0624273616380084
449 1.46436417101828
450 1.46436417101828
451 1.46436417101828
452 1.46436417101828
453 1.8353266282898808
454 1.8353266282898808
455 1.8353266282898808
456 1.8353266282898808
457 2.332905258594026
458 2.332905258594026
459 2.332905258594026
460 2.332905258594026
461 2.1321639198407563
462 2.1321639198407563
463 2.1321639198407563
464 2.1321639198407563
465 1.0726170985009915
466 1.0726170985009915
467 1.0726170985009915
468 1.0726170985009915
469 2.385937066129577
470 2.385937066129577
471 2.385937066129577
472 2.385937066129577
473 1.7163749094910732
474 1.7163749094910732
475 1.7163749094910732
476 1.7163749094910732
477 2.533118031966275
478 2.533118031966275
479 2.533118031966275
480 2.533118031966275
481 2.026966509497494
482 2.026966509497494
483 2.026966509497494
484 2.026966509497494
485 1.9388954313801605
486 1.9388954313801605
487 1.9388954313801605
488 1.9388954313801605
489 0.7308492696247657
490 0.7308492696247657
491 0.7308492696247657
492 0.7308492696247657
493 2.022969995285449
494 2.022969995285449
495 2.022969995285449
496 2.022969995285449
497 2.2469769862520312
498 2.2469769862520312
499 2.2469769862520312
500 2.2469769862520312
501 3.047907412863066
502 3.047907412863066
503 3.047907412863066
504 3.047907412863066
505 2.2433416788405833
506 2.2433416788405833
507 2.2433416788405833
508 2.2433416788405833
509 1.7432459686540471
510 1.7432459686540471
511 1.7432459686540471
512 1.7432459686540471
513 0.7901925775298142
514 0.7901925775298142
515 0.7901925775298142
516 0.7901925775298142
517 2.875395816076476
518 2.875395816076476
519 2.875395816076476
520 2.875395816076476
521 1.8680640522085317
522 1.8680640522085317
523 1.8680640522085317
524 1.8680640522085317
525 2.765012216204784
526 2.765012216204784
527 2.765012216204784
528 2.775809481695915
529 2.775809481695915
530 2.775809481695915
531 2.775809481695915
532 2.2296063482800816
533 2.2296063482800816
534 2.2296063482800816
535 2.2296063482800816
536 5.6521385774136474
537 5.6521385774136474
538 5.6521385774136474
539 5.6521385774136474
540 4.995741113484295
541 4.995741113484295
542 4.995741113484295
543 4.995741113484295
544 3.0682009818631126
545 3.0682009818631126
546 3.0682009818631126
547 3.0682009818631126
548 2.3166025198448468
549 2.3166025198448468
550 2.3166025198448468
551 2.3166025198448468
552 4.285140520432824
553 4.285140520432824
554 4.285140520432824
555 4.285140520432824
556 5.635105650238295
557 5.635105650238295
558 5.635105650238295
559 5.635105650238295
560 5.882819053607127
561 5.882819053607127
562 5.882819053607127
563 5.882819053607127
564 1.6552665675704787
565 1.6552665675704787
566 1.6552665675704787
567 1.6552665675704787
568 4.847746029394694
569 4.847746029394694
570 4.847746029394694
571 4.847746029394694
572 5.209748643211492
573 5.209748643211492
574 5.209748643211492
575 5.209748643211492
576 2.920925889774272
577 2.920925889774272
578 2.920925889774272
579 2.920925889774272
580 2.5974569916165757
581 2.5974569916165757
582 2.5974569916165757
583 2.5974569916165757
584 2.989660236612635
585 2.989660236612635
586 2.989660236612635
587 2.989660236612635
588 5.503390590359935
589 5.503390590359935
590 5.503390590359935
591 5.503390590359935
592 0.16365975734551297
593 0.16365975734551297
594 0.16365975734551297
595 0.16365975734551297
596 0.4163116822202366
597 0.4163116822202366
598 0.4163116822202366
599 0.4163116822202366
600 8.769255032563398
601 8.769255032563398
602 8.769255032563398
603 8.769255032563398
604 1.4364111070857768
605 1.4364111070857768
606 1.4364111070857768
607 1.4364111070857768
608 4.398653380056035
609 4.398653380056035
610 4.398653380056035
611 4.398653380056035
612 3.6823967402030897
613 3.6823967402030897
614 3.6823967402030897
615 3.6823967402030897
616 1.1610119594612998
617 1.1610119594612998
618 1.1610119594612998
619 1.1610119594612998
620 0.8212245848129163
621 0.8212245848129163
622 0.8212245848129163
623 0.8212245848129163
624 0.30098570846343536
625 0.30098570846343536
626 0.30098570846343536
627 0.30098570846343536
628 0.3058301865132374
629 2.272384213328507
630 2.272384213328507
631 2.272384213328507
632 2.272384213328507
633 3.512621664270247
634 3.512621664270247
635 3.512621664270247
636 3.512621664270247
637 2.407226499269866
638 2.407226499269866
639 2.407226499269866
640 2.407226499269866
641 2.3522704819681994
642 2.3522704819681994
643 2.3522704819681994
644 2.3522704819681994
645 2.220200181720982
646 2.220200181720982
647 2.220200181720982
648 2.220200181720982
649 1.2447920393711405
650 1.2447920393711405
651 1.2447920393711405
652 1.2447920393711405
653 0.86885006709735
654 0.86885006709735
655 0.86885006709735
656 0.86885006709735
657 1.8957472727702922
658 1.8957472727702922
659 1.8957472727702922
660 1.8957472727702922
661 3.429634880860807
662 3.429634880860807
663 3.429634880860807
664 3.429634880860807
665 1.724089416561649
666 1.724089416561649
667 1.724089416561649
668 1.724089416561649
669 1.80278671495067
670 1.80278671495067
671 1.80278671495067
672 1.80278671495067
673 3.1899997278438565
674 3.1899997278438565
675 3.1899997278438565
676 3.1899997278438565
677 0.48967399056533467
678 0.48967399056533467
679 0.48967399056533467
680 0.48967399056533467
681 1.6743546586940965
682 1.6743546586940965
683 1.6743546586940965
684 1.6743546586940965
685 2.979097342782197
686 2.979097342782197
687 2.5686176553615208
688 2.5686176553615208
689 2.5686176553615208
690 2.5686176553615208
691 3.3743265598560908
692 3.3743265598560908
693 3.3743265598560908
694 3.3743265598560908
695 1.6285643907585794
696 1.6285643907585794
697 1.6285643907585794
698 1.6285643907585794
699 3.779719908584485
700 3.779719908584485
701 3.779719908584485
702 3.779719908584485
703 2.9951565700514484
704 1.5517614731989486
705 1.5517614731989486
706 1.5517614731989486
707 1.5517614731989486
708 2.684051640438582
709 2.684051640438582
710 2.684051640438582
711 2.684051640438582
712 2.9950588847309296
713 2.9950588847309296
714 2.9950588847309296
715 2.9950588847309296
716 1.217557746449006
717 1.217557746449006
718 1.217557746449006
719 1.217557746449006
720 1.9885628658745431
721 1.9885628658745431
722 1.9885628658745431
723 1.9885628658745431
724 2.0615960020845465
725 2.0615960020845465
726 2.0615960020845465
727 2.0615960020845465
728 2.7021904630484874
729 2.7021904630484874
730 2.7021904630484874
731 2.7021904630484874
732 2.2380215927127836
733 2.2380215927127836
734 2.2380215927127836
735 2.2380215927127836
736 0.37946730827997427
737 0.37946730827997427
738 0.37946730827997427
739 0.37946730827997427
740 2.0164952059041297
741 2.0164952059041297
742 2.0164952059041297
743 2.0164952059041297
744 2.946933402068791
745 2.946933402068791
746 2.946933402068791
747 2.946933402068791
748 1.589194564710678
749 1.589194564710678
750 1.589194564710678
751 1.589194564710678
752 2.700812800873876
753 2.700812800873876
754 2.700812800873876
755 2.700812800873876
756 1.8455478375984296
757 1.8455478375984296
758 1.8455478375984296
759 1.8455478375984296
760 3.808539131715978
761 3.808539131715978
762 3.808539131715978
763 3.808539131715978
764 2.162126470511014
765 2.162126470511014
766 2.162126470511014
767 2.162126470511014
768 2.4144761130532237
769 2.4144761130532237
770 2.4144761130532237
771 2.4144761130532237
772 0.6576112875116515
773 0.6576112875116515
774 0.6576112875116515
775 0.6576112875116515
776 1.735084791260122
777 1.735084791260122
778 1.735084791260122
779 1.735084791260122
780 0.19892093223538132
781 0.19892093223538132
782 0.19892093223538132
783 0.19892093223538132
784 3.3028815049653977
785 3.3028815049653977
786 3.3028815049653977
787 3.3028815049653977
788 3.256510429666477
789 3.256510429666477
790 3.256510429666477
791 3.256510429666477
792 2.4645767589731373
793 2.4645767589731373
794 2.4645767589731373
795 2.4645767589731373
796 1.9166014352126608
797 1.9166014352126608
798 1.9166014352126608
799 1.9166014352126608
800 2.0792207558602858
801 2.0792207558602858
802 2.0792207558602858
803 2.0792207558602858
804 2.332916230783258
805 2.332916230783258
806 2.332916230783258
807 2.332916230783258
808 1.4705493022571283
809 1.4705493022571283
810 1.4705493022571283
811 1.4705493022571283
812 1.098846677926466
813 1.098846677926466
814 1.098846677926466
815 1.098846677926466
816 2.2763593436039646
817 2.2763593436039646
818 2.2763593436039646
819 2.2763593436039646
820 1.7652589760247008
821 1.7652589760247008
822 1.7652589760247008
823 1.7652589760247008
824 3.4949034329337008
825 3.4949034329337008
826 3.4949034329337008
827 3.4949034329337008
828 2.35622741703363
829 2.35622741703363
830 2.35622741703363
831 2.35622741703363
832 1.0153252963528046
833 1.0153252963528046
834 1.0153252963528046
835 1.0153252963528046
836 1.9221927604286275
837 1.9221927604286275
838 1.9221927604286275
839 1.9221927604286275
840 0.1
841 0.1
842 0.1
843 0.1
844 1.1103428799949262
845 1.1103428799949262
846 1.1103428799949262
847 1.1103428799949262
848 2.626411454009807
849 2.626411454009807
850 2.626411454009807
851 2.626411454009807
852 2.605778714770474
853 2.605778714770474
854 2.605778714770474
855 2.605778714770474
856 2.5652585618047734
857 2.5652585618047734
858 2.5652585618047734
859 2.5652585618047734
860 0.6957674160571234
861 0.6957674160571234
862 0.6957674160571234
863 0.6957674160571234
864 1.2787472228236823
865 1.2787472228236823
866 1.2787472228236823
867 1.2787472228236823
868 1.332319307289573
869 1.332319307289573
870 1.332319307289573
871 1.332319307289573
872 3.646920527788793
873 3.646920527788793
874 3.646920527788793
875 3.646920527788793
876 3.953582566377751
877 3.953582566377751
878 3.953582566377751
879 3.953582566377751
880 2.5718061250575768
881 2.5718061250575768
882 2.5718061250575768
883 2.5718061250575768
884 2.883760112511559
885 2.883760112511559
886 2.883760112511559
887 2.883760112511559
888 1.9509331681483792
889 1.9509331681483792
890 1.9509331681483792
891 1.9509331681483792
892 3.184796315313095
893 3.184796315313095
894 3.184796315313095
895 3.184796315313095
896 2.504173356740475
897 2.504173356740475
898 2.504173356740475
899 2.504173356740475
900 3.35760095371226
901 3.35760095371226
902 3.35760095371226
903 3.35760095371226
904 1.2834638305693797
905 1.2834638305693797
906 1.083211309488767
907 1.083211309488767
908 1.083211309488767
909 1.083211309488767
910 1.482623585365299
911 1.482623585365299
912 1.482623585365299
913 1.482623585365299
914 2.04175363395997
915 2.04175363395997
916 2.04175363395997
917 2.04175363395997
918 1.7259055656080138
919 1.7259055656080138
920 1.7259055656080138
921 1.7259055656080138
922 1.1819807547667165
923 1.1819807547667165
924 1.1819807547667165
925 1.1819807547667165
926 1.2712281335685878
927 1.2712281335685878
928 1.2712281335685878
929 1.2712281335685878
930 1.5326333216699832
931 1.5326333216699832
932 1.5326333216699832
933 1.5326333216699832
934 0.5041686360039638
935 0.5041686360039638
936 0.5041686360039638
937 0.5041686360039638
938 1.1846747991830577
939 1.1846747991830577
940 1.1846747991830577
941 1.1846747991830577
942 0.9029156381132669
943 0.9029156381132669
944 0.9029156381132669
945 0.9029156381132669
946 1.7682996934253503
947 6.240672451034619
948 6.240672451034619
949 6.240672451034619
950 6.240672451034619
951 1.4251511455071462
952 1.4251511455071462
953 1.4251511455071462
954 1.4251511455071462
955 3.974026821950985
956 3.974026821950985
957 3.974026821950985
958 3.974026821950985
959 2.227947205569536
960 2.227947205569536
961 2.227947205569536
962 2.227947205569536
963 3.494537929007425
964 3.494537929007425
965 3.494537929007425
966 3.494537929007425
967 1.677616382149019
968 1.677616382149019
969 1.677616382149019
970 1.677616382149019
971 4.17798379297755
972 4.17798379297755
973 0.6123116495979437
974 0.6123116495979437
975 0.6123116495979437
976 0.6123116495979437
977 0.47318287126711756
978 0.47318287126711756
979 0.47318287126711756
980 0.47318287126711756
981 0.1
982 0.1
983 0.1
984 0.1
985 0.7598306040610345
986 0.7598306040610345
987 0.7598306040610345
988 0.7598306040610345
989 0.28417698455102514
990 0.28417698455102514
991 0.28417698455102514
992 0.28417698455102514
993 0.5490304608904176
994 0.5490304608904176
995 0.5490304608904176
996 0.5490304608904176
997 0.17411183050457502
998 0.17411183050457502
999 0.17411183050457502
1000 0.17411183050457502
1001 0.8769215212934305
1002 0.8769215212934305
1003 0.8769215212934305
1004 0.8769215212934305
1005 1.1457304457164985
1006 1.1457304457164985
1007 1.1457304457164985
1008 1.1457304457164985
1009 0.8391482905607894
1010 0.8391482905607894
1011 0.8391482905607894
1012 0.8391482905607894
1013 0.6842342966733516
1014 0.6842342966733516
1015 0.6842342966733516
1016 0.6842342966733516
1017 0.6198364381266706
1018 0.6198364381266706
1019 0.6198364381266706
1020 0.6198364381266706
1021 0.730846333382027
1022 0.730846333382027
1023 0.730846333382027
1024 0.730846333382027
1025 0.9031373249938625
1026 3.554320579274873
1027 3.554320579274873
1028 3.554320579274873
1029 3.554320579274873
1030 1.0081734018667303
1031 1.0081734018667303
1032 1.0081734018667303
1033 1.0081734018667303
1034 2.163134493196563
1035 2.163134493196563
1036 2.163134493196563
1037 2.163134493196563
1038 3.67847741127579
1039 3.67847741127579
1040 3.67847741127579
1041 3.67847741127579
1042 4.322558938349218
1043 4.322558938349218
1044 4.322558938349218
1045 4.322558938349218
1046 0.901887646398488
1047 0.901887646398488
1048 1.8951348273692714
1049 1.8951348273692714
1050 1.8951348273692714
1051 1.8951348273692714
1052 3.912784458285195
1053 3.912784458285195
1054 3.912784458285195
1055 3.912784458285195
1056 2.0809404680673804
1057 2.0809404680673804
1058 2.0809404680673804
1059 2.0809404680673804
1060 0.1
1061 0.1
1062 0.1
1063 0.1
1064 1.1402875711955387
1065 1.1402875711955387
1066 1.1402875711955387
1067 1.1402875711955387
1068 0.1
1069 0.1
1070 0.1
1071 0.1
1072 2.833548265721084
1073 2.833548265721084
1074 2.833548265721084
1075 2.833548265721084
1076 0.568425877907534
1077 0.568425877907534
1078 0.568425877907534
1079 0.568425877907534
1080 1.7613710000296972
1081 1.7613710000296972
1082 1.7613710000296972
1083 1.7613710000296972
1084 2.7224263492826326
1085 2.7224263492826326
1086 2.7224263492826326
1087 2.7224263492826326
1088 2.838824948352008
1089 2.838824948352008
1090 2.838824948352008
1091 2.838824948352008
1092 1.987762555395126
1093 1.987762555395126
1094 1.987762555395126
1095 1.987762555395126
1096 3.3826332063086184
1097 3.3826332063086184
1098 3.3826332063086184
1099 3.3826332063086184
1100 2.6213599600454405
1101 2.6213599600454405
1102 2.6213599600454405
1103 2.6213599600454405
1104 0.21557891201064772
1105 0.21557891201064772
1106 0.21557891201064772
1107 0.21557891201064772
1108 2.3862056070403845
1109 2.3862056070403845
1110 2.3862056070403845
1111 2.3862056070403845
1112 2.905771333140107
1113 2.905771333140107
1114 2.905771333140107
1115 2.905771333140107
1116 1.2809117849517269
1117 1.2809117849517269
1118 1.2809117849517269
1119 1.2809117849517269
1120 3.5965210669928984
1121 3.5965210669928984
1122 3.5965210669928984
1123 3.5965210669928984
1124 1.6107441478448044
1125 1.6107441478448044
1126 1.6107441478448044
1127 1.6107441478448044
1128 1.7814829190362884
1129 1.7814829190362884
1130 1.7814829190362884
1131 1.7814829190362884
1132 3.731861727853586
1133 3.731861727853586
1134 3.731861727853586
1135 3.731861727853586
1136 1.6681315038670832
1137 1.6681315038670832
1138 1.6681315038670832
1139 1.6681315038670832
1140 1.4614717508333057
1141 1.4614717508333057
1142 1.4614717508333057
1143 1.4614717508333057
1144 2.019859028237095
1145 2.019859028237095
1146 2.019859028237095
1147 2.019859028237095
1148 2.543292809784032
1149 2.543292809784032
1150 2.543292809784032
1151 2.543292809784032
1152 1.5114100583124592
1153 1.5114100583124592
1154 1.5114100583124592
1155 1.5114100583124592
1156 2.6680129973250253
1157 2.6680129973250253
1158 2.6680129973250253
1159 2.6680129973250253
1160 2.60230972329114
1161 2.60230972329114
1162 2.60230972329114
1163 2.60230972329114
1164 1.3876034494576848
1165 1.3876034494576848
1166 1.3876034494576848
1167 1.3876034494576848
1168 1.8709216141362317
1169 1.8709216141362317
1170 1.8709216141362317
1171 1.8709216141362317
1172 2.3575305495479784
1173 2.3575305495479784
1174 2.3575305495479784
1175 2.3575305495479784
1176 2.362902370405261
1177 2.362902370405261
1178 2.362902370405261
1179 2.362902370405261
1180 1.4257200121296294
1181 1.4257200121296294
1182 1.4257200121296294
1183 1.4257200121296294
1184 0.3916053850405654
1185 0.3916053850405654
1186 0.3916053850405654
1187 0.3916053850405654
1188 1.8522799164976127
1189 1.8522799164976127
1190 1.8522799164976127
1191 1.8522799164976127
1192 3.62743063932127
1193 3.62743063932127
1194 3.62743063932127
1195 3.62743063932127
1196 2.121621649229619
1197 2.121621649229619
1198 2.121621649229619
1199 2.121621649229619
1200 2.314238881991891
1201 2.314238881991891
1202 2.314238881991891
1203 2.314238881991891
1204 2.448398979063915
1205 2.448398979063915
1206 2.448398979063915
1207 2.448398979063915
1208 0.6966906681832279
1209 0.6966906681832279
1210 0.6966906681832279
1211 0.6966906681832279
1212 1.47276191020873
1213 1.47276191020873
1214 1.47276191020873
1215 1.47276191020873
1216 3.058471454172498
1217 3.058471454172498
1218 3.058471454172498
1219 3.058471454172498
1220 2.4613325275367592
1221 2.4613325275367592
1222 2.4613325275367592
1223 2.4613325275367592
1224 3.6066796774354497
1225 3.6066796774354497
1226 3.6066796774354497
1227 3.6066796774354497
1228 2.0474625299148057
1229 2.0474625299148057
1230 2.0474625299148057
1231 2.0474625299148057
1232 2.946449635036803
1233 2.946449635036803
1234 2.946449635036803
1235 2.946449635036803
1236 2.408071202898371
1237 2.408071202898371
1238 2.408071202898371
1239 2.408071202898371
1240 1.5521242321739652
1241 1.5521242321739652
1242 1.5521242321739652
1243 1.5521242321739652
1244 2.9072369106263896
1245 2.9072369106263896
1246 2.9072369106263896
1247 2.9072369106263896
1248 1.9021073606239687
1249 1.9021073606239687
1250 1.9021073606239687
1251 1.9021073606239687
1252 2.3697050716378705
1253 2.3697050716378705
1254 2.3697050716378705
1255 2.3697050716378705
1256 4.199260888335278
1257 4.199260888335278
1258 4.199260888335278
1259 4.199260888335278
1260 2.110959856200743
1261 2.110959856200743
1262 2.110959856200743
1263 2.110959856200743
1264 2.1534840937500817
1265 2.1534840937500817
1266 2.1534840937500817
1267 2.1534840937500817
1268 1.1898224397941668
1269 1.1898224397941668
1270 1.1898224397941668
1271 1.1898224397941668
1272 3.5881168440868945
1273 3.5881168440868945
1274 3.5881168440868945
1275 3.5881168440868945
1276 1.5121761023408316
1277 1.5121761023408316
1278 1.5121761023408316
1279 1.5121761023408316
1280 0.7932020640347521
1281 0.7932020640347521
1282 0.7932020640347521
1283 0.7932020640347521
1284 0.8718185446352802
1285 0.8718185446352802
1286 0.8718185446352802
1287 0.8718185446352802
1288 3.0119612014687593
1289 3.0119612014687593
1290 3.0119612014687593
1291 3.0119612014687593
1292 3.8075927742695743
1293 3.8075927742695743
1294 3.8075927742695743
1295 3.8075927742695743
1296 3.292581282175643
1297 3.292581282175643
1298 3.292581282175643
1299 3.292581282175643
1300 1.3731107725078144
1301 1.3731107725078144
1302 1.3731107725078144
1303 1.3731107725078144
1304 1.2663003379441875
1305 1.2663003379441875
1306 1.2663003379441875
1307 1.2663003379441875
1308 2.1643332756727043
1309 2.1643332756727043
1310 2.1643332756727043
1311 2.1643332756727043
1312 2.3526455747403987
1313 2.3526455747403987
1314 2.3526455747403987
1315 2.3526455747403987
1316 1.5063399537240885
1317 1.5063399537240885
1318 1.5063399537240885
1319 1.5063399537240885
1320 0.8991035303903525
1321 0.8991035303903525
1322 0.8991035303903525
1323 0.8991035303903525
1324 1.392362724176313
1325 1.392362724176313
1326 1.392362724176313
1327 1.392362724176313
1328 0.3652647674261582
1329 0.3652647674261582
1330 0.3652647674261582
1331 0.3652647674261582
1332 1.4769726011777928
1333 1.4769726011777928
1334 1.4769726011777928
1335 1.4769726011777928
1336 2.8012704589570037
1337 2.8012704589570037
1338 2.8012704589570037
1339 2.8012704589570037
1340 3.8013121766312654
1341 3.8013121766312654
1342 3.8013121766312654
1343 3.8013121766312654
1344 3.4396658379128215
1345 3.4396658379128215
1346 3.4396658379128215
1347 3.4396658379128215
1348 2.8636499538004845
1349 2.8636499538004845
1350 2.8636499538004845
1351 2.8636499538004845
1352 2.36173018270875
1353 2.36173018270875
1354 2.36173018270875
1355 2.36173018270875
1356 1.5866097627467297
1357 1.5866097627467297
1358 1.5866097627467297
1359 1.5866097627467297
1360 0.1
1361 0.1
1362 0.1
1363 0.1
1364 2.526051292730908
1365 2.526051292730908
1366 2.526051292730908
1367 2.526051292730908
1368 2.201556172999064
1369 2.201556172999064
1370 2.201556172999064
1371 2.201556172999064
1372 1.3189199115646488
1373 1.3189199115646488
1374 1.3189199115646488
1375 1.3189199115646488
1376 2.6388035657150177
1377 2.6388035657150177
1378 2.6388035657150177
1379 2.6388035657150177
1380 3.588680836424502
1381 3.588680836424502
1382 3.588680836424502
1383 3.588680836424502
1384 1.121214213622459
1385 1.121214213622459
1386 1.121214213622459
1387 1.121214213622459
1388 2.2220974756023066
1389 2.2220974756023066
1390 2.2220974756023066
1391 2.2220974756023066
1392 0.510157866730317
1393 0.510157866730317
1394 0.510157866730317
1395 0.510157866730317
1396 1.5317290147564278
1397 1.5317290147564278
1398 1.5317290147564278
1399 1.5317290147564278
1400 0.45878588687290134
1401 0.45878588687290134
1402 0.45878588687290134
1403 0.45878588687290134
1404 2.532169963530124
1405 2.532169963530124
1406 2.532169963530124
1407 2.532169963530124
1408 0.9506617421674934
1409 0.9506617421674934
1410 0.9506617421674934
1411 0.9506617421674934
1412 1.9190251511993184
1413 1.9190251511993184
1414 1.9190251511993184
1415 1.9190251511993184
1416 2.1611508698066606
1417 2.1611508698066606
1418 2.1611508698066606
1419 2.1611508698066606
1420 2.0985812032835134
1421 2.0985812032835134
1422 2.0985812032835134
1423 2.0985812032835134
1424 0.8242695571451832
1425 0.8242695571451832
1426 0.8242695571451832
1427 0.8242695571451832
1428 2.412640099258908
1429 2.412640099258908
1430 2.412640099258908
1431 2.412640099258908
1432 2.4962301477347304
1433 2.4962301477347304
1434 2.4962301477347304
1435 2.4962301477347304
1436 3.9976389425247287
1437 3.9976389425247287
1438 3.9976389425247287
1439 3.9976389425247287
1440 1.2253680006757584
1441 1.2253680006757584
1442 1.2253680006757584
1443 1.2253680006757584
1444 2.0991335993730305
1445 2.0991335993730305
1446 2.0991335993730305
1447 2.0991335993730305
1448 3.052592820672516
1449 3.2212888287288735
1450 3.2212888287288735
1451 3.2212888287288735
1452 3.2212888287288735
1453 2.8346804874139493
1454 2.8346804874139493
1455 2.8346804874139493
1456 2.8346804874139493
1457 1.5244689512659655
1458 1.5244689512659655
1459 1.5244689512659655
1460 1.5244689512659655
1461 1.3635751227523387
1462 1.3635751227523387
1463 1.3635751227523387
1464 1.3635751227523387
1465 1.8720877682379842
1466 1.8720877682379842
1467 1.8720877682379842
1468 1.8720877682379842
1469 2.0253299381353114
1470 2.0253299381353114
1471 2.0253299381353114
1472 2.0253299381353114
1473 5.720860591976449
1474 5.720860591976449
1475 5.720860591976449
1476 5.720860591976449
1477 1.620839414661999
1478 1.620839414661999
1479 1.620839414661999
1480 1.620839414661999
1481 1.4942547261771004
1482 1.4942547261771004
1483 1.4942547261771004
1484 1.4942547261771004
1485 2.3638917167305356
1486 2.3638917167305356
1487 2.3638917167305356
1488 2.3638917167305356
1489 0.7008493137080553
1490 0.7008493137080553
1491 0.7008493137080553
1492 0.7008493137080553
1493 1.3756969294389876
1494 1.3756969294389876
1495 1.3756969294389876
1496 1.3756969294389876
1497 2.114808503072136
1498 2.114808503072136
1499 2.114808503072136
1500 2.114808503072136
1501 0.38783040236817345
1502 0.38783040236817345
1503 0.38783040236817345
1504 0.38783040236817345
1505 0.826670272655436
1506 0.826670272655436
1507 0.826670272655436
1508 0.826670272655436
1509 1.3374624158692479
1510 1.3374624158692479
1511 1.3374624158692479
1512 1.3374624158692479
1513 1.0454704026116741
1514 1.0454704026116741
1515 1.0454704026116741
1516 1.0454704026116741
1517 1.669936227090158
1518 1.669936227090158
1519 1.669936227090158
1520 1.669936227090158
1521 1.2967120245172608
1522 1.2967120245172608
1523 1.2967120245172608
1524 1.2967120245172608
1525 1.5855334653618038
1526 1.5855334653618038
1527 1.5855334653618038
1528 1.5855334653618038
1529 1.074221923094744
1530 1.074221923094744
1531 1.074221923094744
1532 1.074221923094744
1533 0.1
1534 0.1
1535 0.1
1536 0.1
1537 0.5022957056125492
1538 0.5022957056125492
1539 0.5022957056125492
1540 0.5022957056125492
1541 0.7875993996508683
1542 0.7875993996508683
1543 0.7875993996508683
1544 0.7875993996508683
1545 0.3694743507090503
1546 0.3694743507090503
1547 0.3694743507090503
1548 0.3694743507090503
1549 1.1140440697701897
1550 1.1140440697701897
1551 1.1140440697701897
1552 1.1140440697701897
1553 1.783171358839442
1554 1.783171358839442
1555 1.783171358839442
1556 1.783171358839442
1557 0.8152228127750906
1558 0.8152228127750906
1559 0.8152228127750906
1560 0.8152228127750906
1561 1.3885835448737907
1562 1.3885835448737907
1563 1.3885835448737907
1564 1.3885835448737907
1565 0.9130398910078904
1566 0.9130398910078904
1567 0.9130398910078904
1568 0.9130398910078904
1569 0.5946545099637506
1570 0.5946545099637506
1571 0.5946545099637506
1572 0.5946545099637506
1573 1.1440353857317773
1574 1.1440353857317773
1575 1.1440353857317773
1576 1.1440353857317773
1577 0.644769166831827
1578 0.644769166831827
1579 0.644769166831827
1580 0.644769166831827
1581 1.8914505470331981
1582 1.8914505470331981
1583 1.8914505470331981
1584 1.8914505470331981
1585 1.1794689510866976
1586 1.1794689510866976
1587 1.1794689510866976
1588 1.1794689510866976
1589 0.8404119729041992
1590 0.8404119729041992
1591 0.8404119729041992
1592 0.8404119729041992
1593 0.9276548589901864
1594 0.9276548589901864
1595 0.9276548589901864
1596 0.9276548589901864
1597 1.733683772744942
1598 1.733683772744942
1599 1.733683772744942
1600 1.733683772744942
1601 1.43265356319599
1602 1.43265356319599
1603 1.43265356319599
1604 1.43265356319599
1605 0.8543066023080317
1606 0.8543066023080317
1607 0.8543066023080317
1608 0.8543066023080317
1609 1.5428977098679635
1610 1.5428977098679635
1611 1.5428977098679635
1612 1.5428977098679635
1613 0.7007569493279358
1614 0.7007569493279358
1615 1.4070413050744635
1616 1.4070413050744635
1617 1.4070413050744635
1618 1.4070413050744635
1619 3.5092357368333973
1620 3.5092357368333973
1621 3.5092357368333973
1622 3.5092357368333973
1623 1.3381228296046435
1624 1.3381228296046435
1625 1.3381228296046435
1626 1.3381228296046435
1627 5.046436271369931
1628 5.046436271369931
1629 5.046436271369931
1630 5.046436271369931
1631 3.896610337698265
1632 3.896610337698265
1633 3.896610337698265
1634 3.896610337698265
1635 5.788279358496724
1636 5.788279358496724
1637 5.788279358496724
1638 5.788279358496724
1639 4.604260140370191
1640 4.604260140370191
1641 4.604260140370191
1642 4.604260140370191
1643 3.1169715867510956
1644 3.1169715867510956
1645 3.1169715867510956
1646 3.1169715867510956
1647 5.042265112682623
1648 5.042265112682623
1649 5.042265112682623
1650 5.042265112682623
1651 5.10306056961336
1652 5.10306056961336
1653 5.10306056961336
1654 5.10306056961336
1655 3.9207898668451637
1656 3.9207898668451637
1657 3.9207898668451637
1658 3.9207898668451637
1659 2.4922189444441
1660 2.4922189444441
1661 2.4922189444441
1662 2.4922189444441
1663 2.5007458018689666
1664 2.5007458018689666
1665 2.5007458018689666
1666 2.5007458018689666
1667 4.1607361204090125
1668 4.1607361204090125
1669 4.1607361204090125
1670 4.1607361204090125
1671 2.8993793028018953
1672 2.8993793028018953
1673 2.8993793028018953
1674 2.8993793028018953
1675 4.496143904392842
1676 4.496143904392842
1677 4.496143904392842
1678 4.496143904392842
1679 2.1641834453563895
1680 2.1641834453563895
1681 2.1641834453563895
1682 2.1641834453563895
1683 4.5319226411254085
1684 4.5319226411254085
1685 4.5319226411254085
1686 4.5319226411254085
1687 5.574916333121858
1688 5.574916333121858
1689 5.574916333121858
1690 5.574916333121858
1691 4.792047774790734
1692 4.792047774790734
1693 4.792047774790734
1694 4.792047774790734
1695 3.5599185365574244
1696 3.5599185365574244
1697 3.5599185365574244
1698 3.5599185365574244
1699 0.1
1700 0.1
1701 0.1
1702 0.1
1703 0.7367436123180493
1704 0.7367436123180493
1705 0.7367436123180493
1706 0.7367436123180493
1707 0.1
1708 0.1
1709 0.1
1710 0.1
1711 2.151201194517589
1712 2.151201194517589
1713 2.151201194517589
1714 2.151201194517589
1715 2.8645563518429253
1716 2.8645563518429253
1717 2.8645563518429253
1718 2.8645563518429253
1719 2.430272554263223
1720 2.430272554263223
1721 2.430272554263223
1722 2.430272554263223
1723 2.5674760359249666
1724 2.5674760359249666
1725 2.5674760359249666
1726 2.5674760359249666
1727 3.7404708964666953
1728 3.7404708964666953
1729 3.7404708964666953
1730 3.7404708964666953
1731 4.823032852420939
1732 4.823032852420939
1733 4.823032852420939
1734 4.823032852420939
1735 4.034487417769929
1736 4.034487417769929
1737 4.034487417769929
1738 4.034487417769929
1739 5.340123500172825
1740 5.340123500172825
1741 5.340123500172825
1742 5.340123500172825
1743 0.1
1744 0.1
1745 0.1
1746 0.1
1747 3.501577867560323
1748 3.501577867560323
1749 3.501577867560323
1750 3.501577867560323
1751 3.007279037860917
1752 3.007279037860917
1753 3.007279037860917
1754 3.007279037860917
1755 5.274579660577787
1756 5.274579660577787
1757 5.274579660577787
1758 5.274579660577787
1759 4.648021264626105
1760 4.648021264626105
1761 4.648021264626105
1762 4.648021264626105
1763 3.0149058256048233
1764 3.0149058256048233
1765 3.0149058256048233
1766 3.0149058256048233
1767 4.293130082115441
1768 4.293130082115441
1769 4.293130082115441
1770 4.293130082115441
1771 4.081047752719013
1772 4.081047752719013
1773 4.081047752719013
1774 4.081047752719013
1775 4.781193850279234
1776 4.781193850279234
1777 4.781193850279234
1778 4.781193850279234
1779 4.5577084789440505
1780 4.5577084789440505
1781 4.5577084789440505
1782 4.5577084789440505
1783 0.6785964092228047
1784 0.6785964092228047
1785 0.6785964092228047
1786 0.6785964092228047
1787 3.147680570449909
1788 3.147680570449909
1789 3.147680570449909
1790 3.147680570449909
1791 1.9781650298290248
1792 1.9781650298290248
1793 1.9781650298290248
1794 1.9781650298290248
1795 2.111845789045602
1796 2.111845789045602
1797 2.111845789045602
1798 2.111845789045602
1799 2.570808627732744
1800 2.570808627732744
1801 2.570808627732744
1802 2.570808627732744
1803 1.9991537655384874
1804 1.9991537655384874
1805 1.9991537655384874
1806 1.9991537655384874
1807 2.426669165513509
1808 2.426669165513509
1809 2.426669165513509
1810 2.426669165513509
1811 1.7818281250280559
1812 1.7818281250280559
1813 1.7818281250280559
1814 1.7818281250280559
1815 1.049781242921997
1816 1.049781242921997
1817 1.049781242921997
1818 1.049781242921997
1819 2.0212982850566203
1820 2.0212982850566203
1821 2.0212982850566203
1822 2.0212982850566203
1823 0.7253709390981697
1824 0.7253709390981697
1825 0.7253709390981697
1826 0.7253709390981697
1827 3.0940611059999252
1828 3.0940611059999252
1829 3.0940611059999252
1830 3.0940611059999252
1831 3.9399126461743434
1832 3.9399126461743434
1833 3.9399126461743434
1834 3.9399126461743434
1835 3.3802282014787264
1836 3.3802282014787264
1837 3.3802282014787264
1838 3.3802282014787264
1839 2.260277320089642
1840 2.260277320089642
1841 2.260277320089642
1842 2.260277320089642
1843 1.606643021121681
1844 1.606643021121681
1845 1.606643021121681
1846 1.606643021121681
1847 2.5581069739591955
1848 2.5581069739591955
1849 2.5581069739591955
1850 2.5581069739591955
1851 1.9680820827995629
1852 1.9680820827995629
1853 1.9680820827995629
1854 1.9680820827995629
1855 2.941290529868193
1856 2.941290529868193
1857 2.941290529868193
1858 2.941290529868193
1859 1.3786002101493648
1860 1.3786002101493648
1861 1.3786002101493648
1862 1.3786002101493648
1863 2.367842653471393
1864 2.367842653471393
1865 2.367842653471393
1866 2.367842653471393
1867 3.4480204905929734
1868 3.4480204905929734
1869 3.4480204905929734
1870 3.4480204905929734
1871 2.7019124387589937
1872 2.7019124387589937
1873 2.7019124387589937
1874 2.7019124387589937
1875 2.735344510199462
1876 2.735344510199462
1877 2.735344510199462
1878 2.735344510199462
1879 4.203420014866451
1880 4.203420014866451
1881 4.203420014866451
1882 4.203420014866451
1883 1.1904482411322994
1884 1.1904482411322994
1885 1.1904482411322994
1886 1.1904482411322994
1887 1.1117214102338753
1888 1.1117214102338753
1889 1.1117214102338753
1890 1.1117214102338753
1891 2.142914150754273
1892 2.142914150754273
1893 2.142914150754273
1894 2.142914150754273
1895 2.0050000407437727
1896 2.0050000407437727
1897 2.0050000407437727
1898 2.0050000407437727
1899 0.4556428288685874
1900 0.4556428288685874
1901 0.4556428288685874
1902 0.4556428288685874
1903 1.3566076862744492
1904 1.3566076862744492
1905 1.3566076862744492
1906 1.3566076862744492
1907 1.1729741001020135
1908 1.1729741001020135
1909 1.1729741001020135
1910 1.1729741001020135
1911 1.9978650949171421
1912 1.9978650949171421
1913 1.9978650949171421
1914 1.9978650949171421
1915 2.7284650087330093
1916 2.7284650087330093
1917 2.7284650087330093
1918 2.7284650087330093
1919 3.3748124498963827
1920 3.3748124498963827
1921 3.3748124498963827
1922 3.3748124498963827
1923 2.4793398589495417
1924 2.4793398589495417
1925 2.4793398589495417
1926 2.4793398589495417
1927 2.463046964795416
1928 2.463046964795416
1929 2.463046964795416
1930 2.463046964795416
1931 1.9101608016989324
1932 1.9101608016989324
1933 1.9101608016989324
1934 1.9101608016989324
1935 2.5222191667960816
1936 2.5222191667960816
1937 2.5222191667960816
1938 2.5222191667960816
1939 2.6725964330232377
1940 2.6725964330232377
1941 2.6725964330232377
1942 2.6725964330232377
1943 1.0252454385033332
1944 1.0252454385033332
1945 1.0252454385033332
1946 1.0252454385033332
1947 1.0274658254619666
1948 1.0274658254619666
1949 1.0274658254619666
1950 1.0274658254619666
1951 1.2807165379640277
1952 1.2807165379640277
1953 1.2807165379640277
1954 1.2807165379640277
1955 2.013296555389378
1956 2.013296555389378
1957 2.013296555389378
1958 2.013296555389378
1959 0.9616801102788992
1960 0.9616801102788992
1961 0.9616801102788992
1962 0.9616801102788992
1963 3.430451710354614
1964 3.430451710354614
1965 3.430451710354614
1966 3.430451710354614
1967 2.163733825824516
1968 2.163733825824516
1969 2.163733825824516
1970 2.163733825824516
1971 2.0725452831142603
1972 2.0725452831142603
1973 2.0725452831142603
1974 2.0725452831142603
1975 1.7895859279145137
1976 1.7895859279145137
1977 1.7895859279145137
1978 1.7895859279145137
1979 1.989183008803496
1980 1.989183008803496
1981 1.989183008803496
1982 1.989183008803496
1983 0.8563912352813527
1984 0.8563912352813527
1985 0.8563912352813527
1986 0.8563912352813527
1987 1.2220219095684222
1988 1.2220219095684222
1989 1.2220219095684222
1990 1.2220219095684222
1991 1.8799500215383165
1992 1.8799500215383165
1993 1.8799500215383165
1994 1.8799500215383165
1995 1.3356275385978345
1996 1.3356275385978345
1997 1.3356275385978345
1998 1.3356275385978345
1999 1.5385024726968395
