0 5.413770444559445
1 5.413770444559445
2 3.9953445609367666
3 3.9953445609367666
4 5.625476057542252
5 5.625476057542252
6 4.086364681051321
7 4.086364681051321
8 2.8631652181911385
9 2.8631652181911385
10 1.6783854914222944
11 1.6783854914222944
12 6.8198494185250365
13 6.8198494185250365
14 5.363682147606549
15 5.363682147606549
16 7.1140894843695826
17 7.1140894843695826
18 2.1682829318511505
19 2.1682829318511505
20 5.180577147622898
21 5.180577147622898
22 5.328549835745579
23 5.328549835745579
24 5.791771330013155
25 5.791771330013155
26 0.1
27 0.1
28 5.75072145371323
29 5.75072145371323
30 3.113526315867168
31 3.113526315867168
32 2.2190493957007744
33 2.2190493957007744
34 3.876029566305152
35 3.876029566305152
36 2.993708045050539
37 2.993708045050539
38 5.922479078608879
39 5.922479078608879
40 3.5973801638614633
41 3.5973801638614633
42 6.3586539603795025
43 6.3586539603795025
44 3.712494355350064
45 3.712494355350064
46 4.755062609381918
47 4.755062609381918
48 4.483847989292439
49 4.483847989292439
50 4.807862185071638
51 4.807862185071638
52 6.4732660855907955
53 6.4732660855907955
54 6.5984293569582
55 6.5984293569582
56 5.880525844810677
57 5.880525844810677
58 5.5197446839630855
59 5.5197446839630855
60 3.773511614559185
61 3.773511614559185
62 4.880914964624965
63 4.880914964624965
64 3.5522133873409096
65 3.5522133873409096
66 4.440080858053193
67 4.440080858053193
68 2.2825379210557792
69 2.2825379210557792
70 4.9155273441942535
71 4.9155273441942535
72 2.169502269541276
73 2.169502269541276
74 7.435805356779622
75 7.435805356779622
76 5.994816470223326
77 5.994816470223326
78 5.277411421718493
79 5.277411421718493
80 4.0442128591193285
81 4.0442128591193285
82 3.244390826675259
83 3.244390826675259
84 2.528886817363041
85 2.528886817363041
86 5.252151107972956
87 5.252151107972956
88 4.263208668337516
89 4.263208668337516
90 5.612039658751568
91 5.612039658751568
92 5.534931856415683
93 5.534931856415683
94 6.1369023146389905
95 6.1369023146389905
96 4.34696633910425
97 4.34696633910425
98 3.5276182575886867
99 3.5276182575886867
100 2.643835367430827
101 2.643835367430827
102 2.8696191812631726
103 2.8696191812631726
104 6.259104768253923
105 6.259104768253923
106 4.01654523866727
107 4.01654523866727
108 2.6145999058942566
109 2.6145999058942566
110 6.951963364606818
111 6.951963364606818
112 3.619043858669074
113 3.619043858669074
114 4.909566127115681
115 4.909566127115681
116 3.952165091127538
117 3.952165091127538
118 4.893583169971607
119 4.893583169971607
120 2.690544973823174
121 2.690544973823174
122 3.593623118295351
123 3.593623118295351
124 4.091144108715808
125 4.091144108715808
126 2.8308009403287526
127 2.8308009403287526
128 5.929631305159312
129 5.929631305159312
130 6.381425639218447
131 2.2441889180089767
132 2.2441889180089767
133 1.3636869500801165
134 1.3636869500801165
135 0.8483317947855669
136 0.8483317947855669
137 1.726058326206591
138 1.726058326206591
139 2.3484929383381226
140 2.3484929383381226
141 1.6135130800737196
142 1.6135130800737196
143 1.2244535672153951
144 1.2244535672153951
145 2.4532858291178727
146 2.4532858291178727
147 1.6214096855366928
148 1.6214096855366928
149 1.067376234165281
150 1.067376234165281
151 1.1882222678947092
152 1.1882222678947092
153 0.1
154 0.1
155 1.845369637910726
156 1.845369637910726
157 1.2380101988492136
158 1.2380101988492136
159 1.036106214185456
160 1.036106214185456
161 1.3443216404191878
162 1.3443216404191878
163 1.234493100497349
164 1.234493100497349
165 1.5158896510044215
166 1.5158896510044215
167 0.91639045297373
168 0.91639045297373
169 2.391694708647991
170 2.391694708647991
171 2.2023824005796553
172 2.2023824005796553
173 1.5441578082105314
174 1.5441578082105314
175 1.7837960974777791
176 1.7837960974777791
177 2.2053840837041907
178 2.2053840837041907
179 2.750500311479804
180 2.750500311479804
181 1.1493916851583459
182 1.1493916851583459
183 1.7175762119119027
184 1.7175762119119027
185 1.9047796185050547
186 1.9047796185050547
187 1.565674222958089
188 1.565674222958089
189 0.43776738911412183
190 0.43776738911412183
191 1.723755981124231
192 1.723755981124231
193 0.9642686190701915
194 0.9642686190701915
195 1.4121405635117246
196 1.4121405635117246
197 2.231348989535729
198 2.231348989535729
199 2.1563269896148816
200 2.1563269896148816
201 0.9973116725889483
202 0.9973116725889483
203 1.3117210316716132
204 1.3117210316716132
205 1.182892186392526
206 1.182892186392526
207 0.9942860104687571
208 0.9942860104687571
209 2.2272167767751867
210 2.2272167767751867
211 1.3417209558537
212 1.3417209558537
213 0.397518168497752
214 0.397518168497752
215 2.061531495991254
216 2.061531495991254
217 1.3750375660388563
218 1.3750375660388563
219 1.314553460216037
220 1.314553460216037
221 2.3936061022075985
222 2.3936061022075985
223 1.8683521203652778
224 1.8683521203652778
225 2.5128001236344035
226 2.5128001236344035
227 1.1508783090296153
228 1.1508783090296153
229 0.7644460254366096
230 0.7644460254366096
231 2.2084927214832772
232 2.2084927214832772
233 1.80841223028517
234 1.80841223028517
235 0.45103193538633857
236 0.45103193538633857
237 2.2175075849688257
238 2.2175075849688257
239 1.9235061265503757
240 1.9235061265503757
241 1.4592316581234812
242 1.4592316581234812
243 0.23098580867000384
244 0.23098580867000384
245 1.9839186861634315
246 1.9839186861634315
247 0.799335728080365
248 0.799335728080365
249 1.1100379301281638
250 1.1100379301281638
251 2.0051368426985405
252 2.0051368426985405
253 2.213384790745828
254 2.213384790745828
255 0.23628112879940616
256 0.23628112879940616
257 0.1779865529767152
258 0.1779865529767152
259 0.3899750176284698
260 0.3899750176284698
261 0.19594083467997214
262 0.19594083467997214
263 0.17000534283527796
264 0.17000534283527796
265 0.13944164396651804
266 0.13944164396651804
267 0.2535705819609469
268 0.2535705819609469
269 0.1950049209248291
270 0.1950049209248291
271 0.3346255385501286
272 0.3346255385501286
273 0.12184207382183446
274 0.12184207382183446
275 0.17234875310833336
276 0.17234875310833336
277 0.1
278 0.1
279 0.1
280 0.1
281 0.16195329848720313
282 0.16195329848720313
283 0.25895139195541816
284 0.25895139195541816
285 0.10740545513109416
286 0.10740545513109416
287 0.2032059331685932
288 0.2032059331685932
289 0.2827115763913262
290 0.2827115763913262
291 0.2065165423635795
292 0.2065165423635795
293 0.15830833568909733
294 0.15830833568909733
295 0.1
296 0.1
297 0.19465313504005088
298 0.19465313504005088
299 0.18429389712739846
300 0.18429389712739846
301 0.2807527939970665
302 0.2807527939970665
303 0.16020441998118884
304 0.16020441998118884
305 0.21449707969696696
306 0.21449707969696696
307 0.19782165285607328
308 0.19782165285607328
309 0.22204451730424032
310 0.22204451730424032
311 0.2898644329019354
312 0.2898644329019354
313 0.23629634631204885
314 0.23629634631204885
315 0.22441424070853647
316 0.22441424070853647
317 0.22914077979065964
318 0.22914077979065964
319 0.198120860127476
320 0.198120860127476
321 0.26003333600836936
322 0.26003333600836936
323 0.1854170917566256
324 0.1854170917566256
325 0.22031279930882375
326 0.22031279930882375
327 0.2564416981814128
328 0.2564416981814128
329 0.17844672637582643
330 0.17844672637582643
331 0.2235032253680603
332 0.2235032253680603
333 0.28523457978186395
334 0.28523457978186395
335 0.1009865909754329
336 0.1009865909754329
337 0.18035969621228015
338 0.18035969621228015
339 0.13792999619530485
340 0.13792999619530485
341 0.18369579002447603
342 0.18369579002447603
343 0.2759347067822251
344 0.2759347067822251
345 0.1
346 0.1
347 0.3208196362969866
348 0.3208196362969866
349 0.19920733096824367
350 0.19920733096824367
351 0.1
352 0.1
353 0.20450950645007016
354 0.20450950645007016
355 0.1
356 0.1
357 0.241434996492293
358 0.241434996492293
359 0.1
360 0.1
361 0.22506735345051435
362 0.22506735345051435
363 0.1
364 0.1
365 0.3242043600415116
366 0.3242043600415116
367 0.2810153072791713
368 0.2810153072791713
369 0.19371237874700586
370 0.19371237874700586
371 0.16626026976571248
372 0.16626026976571248
373 0.41189863029007723
374 0.41189863029007723
375 2.8515384568436595
376 2.8515384568436595
377 0.1
378 0.1
379 3.899650444373792
380 3.899650444373792
381 2.4437945439067894
382 2.4437945439067894
383 2.1946941395126864
384 2.1946941395126864
385 3.3178355037546536
386 3.3178355037546536
387 1.8237363479777704
388 1.8237363479777704
389 3.102518706089574
390 3.102518706089574
391 3.3484506018913005
392 3.3484506018913005
393 1.8119282440777713
394 1.8119282440777713
395 3.1720080116308265
396 3.1720080116308265
397 3.148210953975188
398 3.148210953975188
399 1.8063793306602682
400 1.8063793306602682
401 0.1580178310768079
402 0.1580178310768079
403 2.4895034687704336
404 2.4895034687704336
405 2.9954545508992307
406 2.9954545508992307
407 3.32859119930938
408 3.32859119930938
409 1.508630862814687
410 1.508630862814687
411 1.7995273395985487
412 1.7995273395985487
413 2.5045418043155667
414 2.5045418043155667
415 4.824007646340322
416 4.824007646340322
417 2.9832276333975467
418 2.9832276333975467
419 2.8326333062648703
420 2.8326333062648703
421 3.7488696751363113
422 3.7488696751363113
423 2.108581633790473
424 2.108581633790473
425 3.6941173731779298
426 3.6941173731779298
427 4.298249843775845
428 4.298249843775845
429 1.8385519062610043
430 1.8385519062610043
431 2.1280433201994495
432 2.1280433201994495
433 2.4789604025688035
434 2.4789604025688035
435 2.431511343106305
436 2.431511343106305
437 2.768816773978089
438 1.092734525178256
439 1.092734525178256
440 0.5761660090818349
441 0.5761660090818349
442 1.6056744723497625
443 1.6056744723497625
444 1.787500217457065
445 1.787500217457065
446 1.9939007010386938
447 1.9939007010386938
448 2.2859145270858727
449 2.2859145270858727
450 1.9859202919204546
451 1.9859202919204546
452 0.9060100232923899
453 0.9060100232923899
454 0.9112357577983737
455 0.9112357577983737
456 1.492915367132071
457 1.492915367132071
458 1.8478360448960494
459 1.8478360448960494
460 1.0116312070559714
461 1.0116312070559714
462 0.6403538584444474
463 0.6403538584444474
464 1.288527259799162
465 1.288527259799162
466 1.6317119442912569
467 1.6317119442912569
468 1.2316304802180689
469 1.2316304802180689
470 1.5461135590406758
471 1.5461135590406758
472 1.9594820678088187
473 1.9594820678088187
474 1.430690982338714
475 1.430690982338714
476 1.8844496383662468
477 1.8844496383662468
478 0.9348109932577093
479 0.9348109932577093
480 1.7606221774827469
481 1.7606221774827469
482 1.1031405046588572
483 1.1031405046588572
484 1.4498006653258306
485 1.4498006653258306
486 2.0116537199184696
487 2.0116537199184696
488 2.765127019119396
489 2.765127019119396
490 0.5966405778419682
491 0.5966405778419682
492 1.0914565558135545
493 1.0914565558135545
494 1.0372663838213243
495 1.0372663838213243
496 1.429262307200437
497 1.429262307200437
498 1.374886704077049
499 1.374886704077049
500 1.518521610657154
501 1.518521610657154
502 0.9682588394893673
503 0.9682588394893673
504 2.1243913474556995
505 2.1243913474556995
506 1.9767796883186075
507 1.9767796883186075
508 0.600896046440893
509 0.600896046440893
510 2.0733445046397385
511 2.0733445046397385
512 0.6395807947382176
513 0.6395807947382176
514 1.9153461811181112
515 1.9153461811181112
516 0.7140719300155494
517 0.7140719300155494
518 2.248598498784335
519 2.248598498784335
520 1.8476468337488938
521 1.8476468337488938
522 0.6408465744111158
523 0.6408465744111158
524 3.0414105745149134
525 3.0414105745149134
526 2.4411376104458564
527 2.4411376104458564
528 1.534641109462656
529 1.534641109462656
530 1.5374088343117092
531 1.5374088343117092
532 1.403713336984765
533 1.403713336984765
534 1.0074811008091407
535 1.0074811008091407
536 0.4986973256374685
537 0.4986973256374685
538 1.6884751126540312
539 1.6884751126540312
540 1.523207142864005
541 1.523207142864005
542 1.1031644938046525
543 1.1031644938046525
544 0.489284231485849
545 0.489284231485849
546 1.5785021034737778
547 1.5785021034737778
548 1.4630471934254188
549 1.4630471934254188
550 2.138201371058577
551 2.138201371058577
552 1.2936160465718183
553 1.2936160465718183
554 1.9830427785701312
555 1.9830427785701312
556 2.367035082427749
557 2.367035082427749
558 1.4432373801952292
559 1.4432373801952292
560 0.18090825827098156
561 0.18090825827098156
562 1.8953223403399877
563 1.8953223403399877
564 0.720442849071073
565 0.720442849071073
566 1.2249480546428302
567 1.2249480546428302
568 1.5476892506774673
569 1.5476892506774673
570 1.9484722864778306
571 1.9484722864778306
572 2.2326702440260195
573 2.2326702440260195
574 1.0903334425172364
575 1.0903334425172364
576 1.6812632228370454
577 1.6812632228370454
578 1.3398267486977475
579 1.3398267486977475
580 1.8198451493722307
581 1.8198451493722307
582 1.1672454799962737
583 1.1672454799962737
584 1.8985781964767074
585 1.8985781964767074
586 2.701188996068108
587 2.701188996068108
588 1.9544150366562012
589 1.9544150366562012
590 0.9618454981712554
591 0.9618454981712554
592 2.260333531938782
593 2.260333531938782
594 1.9181261536681173
595 1.9181261536681173
596 1.5088315293501768
597 1.5088315293501768
598 1.083025180745655
599 1.083025180745655
600 0.8424119543799777
601 0.8424119543799777
602 1.9346342079082706
603 1.9346342079082706
604 2.2472967854188286
605 2.2472967854188286
606 1.846980290884725
607 1.846980290884725
608 2.373723891325909
609 2.373723891325909
610 0.7400314565647963
611 0.7400314565647963
612 0.7125563344562322
613 0.7125563344562322
614 0.7248374624153738
615 0.7248374624153738
616 0.9298264589743255
617 0.9298264589743255
618 0.5600556527292108
619 0.5600556527292108
620 4.125528660002934
621 4.125528660002934
622 2.0018928639307707
623 2.0018928639307707
624 2.2593195129001367
625 2.2593195129001367
626 1.0388816982786604
627 1.0388816982786604
628 0.7146261032677316
629 0.7146261032677316
630 2.2510210587661152
631 2.2510210587661152
632 1.0662167794259019
633 1.0662167794259019
634 2.6436912534564954
635 2.6436912534564954
636 1.616154931794253
637 1.616154931794253
638 1.5081223424499453
639 1.5081223424499453
640 2.2607237828085234
641 2.2607237828085234
642 2.5772590774500763
643 2.5772590774500763
644 2.3065963337525295
645 2.3065963337525295
646 1.278130962605586
647 1.278130962605586
648 1.6054949256273514
649 1.6054949256273514
650 2.0292924636391083
651 2.0292924636391083
652 2.969499678758986
653 2.969499678758986
654 2.1207021509402146
655 2.1207021509402146
656 1.4214665985359272
657 1.4214665985359272
658 2.0935824113481822
659 2.0935824113481822
660 2.7205881209767773
661 2.7205881209767773
662 2.2598127013010556
663 2.2598127013010556
664 1.1192984715248335
665 1.1192984715248335
666 1.391519514345492
667 1.391519514345492
668 0.44014641555224365
669 0.44014641555224365
670 2.238394568336662
671 2.238394568336662
672 1.7782251999425749
673 1.7782251999425749
674 1.2721601217513574
675 1.2721601217513574
676 1.513911983383367
677 1.513911983383367
678 1.667775963212824
679 1.667775963212824
680 1.3096917582757663
681 1.3096917582757663
682 1.8111738814506653
683 1.8111738814506653
684 2.050175176903264
685 2.050175176903264
686 1.76589144764705
687 1.76589144764705
688 2.1532442087189154
689 2.1532442087189154
690 2.7315936967306995
691 2.7315936967306995
692 1.3284744690727757
693 1.3284744690727757
694 1.5845338021601894
695 1.5845338021601894
696 1.407108704807259
697 1.407108704807259
698 2.1247379295139734
699 2.1247379295139734
700 0.8371778471556409
701 0.8371778471556409
702 1.1707815912158033
703 1.1707815912158033
704 1.5110443416317403
705 1.5110443416317403
706 1.0105355512803145
707 1.0105355512803145
708 0.7725632959196163
709 0.7725632959196163
710 2.535951828700267
711 2.535951828700267
712 0.7071979885292227
713 0.7071979885292227
714 1.7275453225151403
715 1.7275453225151403
716 1.7373342342282188
717 1.7373342342282188
718 0.1
719 0.1
720 1.4463943624583455
721 1.4463943624583455
722 1.5325705739154
723 1.5325705739154
724 1.5920549312956052
725 1.5920549312956052
726 0.8614523354349
727 0.8614523354349
728 2.5436412663687054
729 2.5436412663687054
730 2.6609324851133045
731 2.6609324851133045
732 0.8583649785640802
733 0.8583649785640802
734 1.221846476354982
735 1.221846476354982
736 2.9827483072679453
737 2.9827483072679453
738 2.0592197610797327
739 2.0592197610797327
740 2.2654132770840496
741 2.2654132770840496
742 0.9200904588937948
743 0.9200904588937948
744 2.157179891401266
745 2.157179891401266
746 0.9554718399352522
747 0.9554718399352522
748 1.980528957029995
749 1.980528957029995
750 1.3062489640290453
751 1.3062489640290453
752 2.8252482286164105
753 2.8252482286164105
754 0.8900428819733114
755 0.8900428819733114
756 1.543227611161111
757 1.543227611161111
758 2.3737531758253767
759 2.3737531758253767
760 0.32521178775389825
761 0.32521178775389825
762 2.6429311042012382
763 2.6429311042012382
764 1.2424424295425545
765 1.2424424295425545
766 1.995531077899615
767 1.995531077899615
768 2.5109993790922416
769 2.5109993790922416
770 1.2722540065432333
771 1.2722540065432333
772 0.6855381293190365
773 0.6855381293190365
774 1.8509926441677171
775 1.8509926441677171
776 1.9844015791881655
777 1.9844015791881655
778 1.9340632582338095
779 1.9340632582338095
780 1.1963425290017844
781 1.1963425290017844
782 1.7468573650681458
783 1.7468573650681458
784 1.1403004343251988
785 1.1403004343251988
786 2.923775070823821
787 2.923775070823821
788 1.557871742885778
789 1.557871742885778
790 0.7152383187578504
791 0.7152383187578504
792 0.3329260183903515
793 0.3329260183903515
794 1.4799783902154322
795 1.4799783902154322
796 1.3667542058754327
797 1.3667542058754327
798 1.101237207366037
799 1.101237207366037
800 0.1
801 0.1
802 1.4581914240348164
803 1.4581914240348164
804 1.5270292591336025
805 1.5270292591336025
806 2.102279952464372
807 2.102279952464372
808 1.9323021897339545
809 1.9323021897339545
810 2.2431751877755013
811 2.2431751877755013
812 1.4881905888497517
813 1.4881905888497517
814 2.305954602259845
815 2.305954602259845
816 2.295584039665002
817 2.295584039665002
818 1.5623108620951487
819 1.5623108620951487
820 0.6013027756177195
821 0.6013027756177195
822 1.117309689516748
823 1.117309689516748
824 1.4539735133177423
825 1.4539735133177423
826 0.9739650482284076
827 0.9739650482284076
828 1.1343014790655905
829 1.1343014790655905
830 0.4083153185353201
831 0.4083153185353201
832 2.329708923814446
833 2.329708923814446
834 1.5153018766786237
835 1.5153018766786237
836 2.370631169642526
837 2.370631169642526
838 1.4807008665772832
839 1.4807008665772832
840 1.7961915133228823
841 1.7961915133228823
842 1.2084625079102884
843 1.0579289179616522
844 1.0579289179616522
845 0.6814810138871434
846 0.6814810138871434
847 0.7801576929261361
848 0.7801576929261361
849 1.1128166245830973
850 1.1128166245830973
851 1.464916481147249
852 1.464916481147249
853 0.7673366738683579
854 0.7673366738683579
855 1.1587552572755466
856 1.1587552572755466
857 1.092678079155616
858 1.092678079155616
859 1.0570048939313217
860 1.0570048939313217
861 1.3853998354991677
862 1.3853998354991677
863 1.1133848533247523
864 1.1133848533247523
865 1.7363343740323978
866 1.7363343740323978
867 0.850673897368448
868 0.850673897368448
869 1.788411064332065
870 1.788411064332065
871 1.6146657996447176
872 1.6146657996447176
873 1.2186074059205376
874 1.2186074059205376
875 0.34470942279103955
876 0.34470942279103955
877 0.19415259214517294
878 0.19415259214517294
879 0.18170660112044498
880 0.18170660112044498
881 0.2391361513097816
882 0.2391361513097816
883 0.23068848799789066
884 0.23068848799789066
885 0.13860598350971323
886 0.13860598350971323
887 0.20214048640552537
888 0.20214048640552537
889 0.3497175348735446
890 0.3497175348735446
891 0.1783525500761771
892 0.1783525500761771
893 0.19727786596930139
894 0.19727786596930139
895 0.20500246785311196
896 0.20500246785311196
897 0.17317133964214076
898 0.17317133964214076
899 0.19242097153276436
900 0.19242097153276436
901 0.15792997784579774
902 0.15792997784579774
903 0.23769960474475804
904 0.23769960474475804
905 0.2632559517262273
906 0.2632559517262273
907 0.17174708927927199
908 0.17174708927927199
909 0.18892985422122716
910 0.18892985422122716
911 0.11145611568550705
912 0.11145611568550705
913 0.24562649749444881
914 0.24562649749444881
915 0.1
916 0.1
917 0.2520357756461199
918 0.2520357756461199
919 0.1
920 0.1
921 0.2344671765397583
922 0.2344671765397583
923 0.30132939699779787
924 0.30132939699779787
925 0.3013101078002326
926 0.3013101078002326
927 0.2386256208926298
928 0.2386256208926298
929 0.1886555998880364
930 0.1886555998880364
931 0.25153087888562903
932 0.25153087888562903
933 0.3759935105911991
934 0.3759935105911991
935 0.2545219840214157
936 0.2545219840214157
937 0.1
938 0.1
939 0.2791587531454452
940 0.2791587531454452
941 0.1698430454103049
942 0.1698430454103049
943 0.10957874472406799
944 0.10957874472406799
945 0.1
946 0.1
947 0.24911242835960365
948 0.24911242835960365
949 0.3025122044685682
950 0.3025122044685682
951 0.1
952 0.1
953 0.1
954 0.1
955 0.11855579931296176
956 0.11855579931296176
957 0.12240687908043169
958 0.12240687908043169
959 0.1260436233389617
960 0.1260436233389617
961 0.11996725181971835
962 0.11996725181971835
963 0.11422134308318765
964 0.11422134308318765
965 0.23720769028654204
966 0.23720769028654204
967 0.16813628539211994
968 0.16813628539211994
969 0.1
970 0.1
971 0.1
972 0.1
973 0.25149657959875227
974 0.25149657959875227
975 0.2958375278030953
976 0.2958375278030953
977 0.3237214929710656
978 0.3237214929710656
979 0.1
980 0.1
981 0.18532120636929073
982 0.18532120636929073
983 0.17658071082008084
984 0.17658071082008084
985 0.1
986 0.1
987 0.23968190037762696
988 0.23968190037762696
989 0.19713540216940492
990 0.19713540216940492
991 0.21686404078874055
992 0.21686404078874055
993 0.17091568772938392
994 0.17091568772938392
995 0.2619207947031159
996 0.2619207947031159
997 0.1728186105083455
998 0.1728186105083455
999 0.19910523430981256
1000 0.19910523430981256
1001 0.2045414032648146
1002 0.2045414032648146
1003 0.21486181315983252
1004 0.21486181315983252
1005 0.1761897690118714
1006 1.2821694638764
1007 1.2821694638764
1008 1.462223854876284
1009 1.462223854876284
1010 2.155131652849968
1011 2.155131652849968
1012 2.3047781130441667
1013 2.3047781130441667
1014 3.0374732257621453
1015 3.0374732257621453
1016 1.6637739891855357
1017 1.6637739891855357
1018 2.8156784277632347
1019 2.8156784277632347
1020 1.7923143286634726
1021 1.7923143286634726
1022 2.0360614396919288
1023 2.0360614396919288
1024 1.781913120816442
1025 1.781913120816442
1026 1.1805837813855806
1027 1.1805837813855806
1028 1.3863729046406552
1029 1.3863729046406552
1030 2.9470290502797036
1031 2.9470290502797036
1032 2.579058626159022
1033 2.579058626159022
1034 0.4094352465337512
1035 0.4094352465337512
1036 1.5080905409518293
1037 1.5080905409518293
1038 2.4862999929848884
1039 2.4862999929848884
1040 2.050955158256089
1041 2.050955158256089
1042 2.0102829707505574
1043 2.0102829707505574
1044 1.605389848204396
1045 1.605389848204396
1046 2.793197615845648
1047 2.793197615845648
1048 2.8093631683633657
1049 2.8093631683633657
1050 1.3743916063448944
1051 1.3743916063448944
1052 1.2158734434465053
1053 1.2158734434465053
1054 2.1691353312876207
1055 2.1691353312876207
1056 2.6959516439014486
1057 2.6959516439014486
1058 2.325505845093038
1059 2.325505845093038
1060 3.2087339175011125
1061 3.2087339175011125
1062 2.0688095200188097
1063 2.0688095200188097
1064 2.397495525720111
1065 2.397495525720111
1066 1.8192906744189585
1067 1.8192906744189585
1068 1.70418388349759
1069 1.70418388349759
1070 1.7814235989031277
1071 1.7814235989031277
1072 2.3657213711586085
1073 2.3657213711586085
1074 1.5982341648357217
1075 1.5982341648357217
1076 2.579115462341333
1077 2.579115462341333
1078 1.0916652390494135
1079 1.0916652390494135
1080 2.4920490756589753
1081 2.4920490756589753
1082 1.6872172389810043
1083 1.6872172389810043
1084 2.182981692076271
1085 2.182981692076271
1086 2.104439253776619
1087 2.104439253776619
1088 2.5759315872459085
1089 2.5759315872459085
1090 3.1838398187088206
1091 3.1838398187088206
1092 2.9699570945421643
1093 2.9699570945421643
1094 1.0072313165579525
1095 1.0072313165579525
1096 1.1754980918195113
1097 1.1754980918195113
1098 1.8486330780634987
1099 1.8486330780634987
1100 1.8980331749832848
1101 1.8980331749832848
1102 3.2808555474744265
1103 3.2808555474744265
1104 2.0616448456848397
1105 2.0616448456848397
1106 2.323291577860073
1107 2.323291577860073
1108 2.560094138801708
1109 2.560094138801708
1110 1.9819192091408544
1111 1.9819192091408544
1112 0.1
1113 0.1
1114 2.5270610836953615
1115 2.5270610836953615
1116 2.63295163779859
1117 2.63295163779859
1118 1.0160436550288028
1119 1.0160436550288028
1120 2.778378539165225
1121 2.778378539165225
1122 1.8640543091426658
1123 1.8640543091426658
1124 1.677188276701017
1125 1.677188276701017
1126 1.5721838662553977
1127 1.5721838662553977
1128 1.6318051404683356
1129 1.6318051404683356
1130 0.3290965530863941
1131 0.3290965530863941
1132 1.152231365534023
1133 1.152231365534023
1134 2.856510353671829
1135 2.856510353671829
1136 1.5917353911960694
1137 1.5917353911960694
1138 1.4848408505492934
1139 1.4848408505492934
1140 2.1447201296785634
1141 2.1447201296785634
1142 1.5243623120230194
1143 1.5243623120230194
1144 1.5910403192337275
1145 1.5910403192337275
1146 1.2309292709364095
1147 1.2309292709364095
1148 1.307229396729391
1149 1.307229396729391
1150 2.3287519679757365
1151 2.3287519679757365
1152 2.090808298196127
1153 2.090808298196127
1154 2.0881321838618168
1155 2.0881321838618168
1156 1.9461769327190719
1157 1.9461769327190719
1158 2.6476794877065046
1159 2.6476794877065046
1160 0.8894958818503165
1161 0.8894958818503165
1162 2.303888387293027
1163 2.303888387293027
1164 1.9701327731857312
1165 1.9701327731857312
1166 1.8695946744520882
1167 1.8695946744520882
1168 1.3087633068004139
1169 1.3087633068004139
1170 2.3861551169786384
1171 2.3861551169786384
1172 1.1299884316113968
1173 1.1299884316113968
1174 0.4226805502908264
1175 0.4226805502908264
1176 1.2897941591533215
1177 1.2897941591533215
1178 1.632775196462001
1179 1.632775196462001
1180 1.2408390201860449
1181 1.2408390201860449
1182 1.828392318613285
1183 1.828392318613285
1184 2.714472169774772
1185 2.714472169774772
1186 1.041115658741505
1187 1.041115658741505
1188 1.379137489297471
1189 1.379137489297471
1190 1.5775584145504935
1191 1.5775584145504935
1192 2.171315636083802
1193 2.171315636083802
1194 1.4788956773156294
1195 1.4788956773156294
1196 1.9431391773483864
1197 1.9431391773483864
1198 2.5308504554094986
1199 2.5308504554094986
1200 1.7150757681138402
1201 1.7150757681138402
1202 1.265342285997101
1203 1.265342285997101
1204 1.5661185104685684
1205 1.5661185104685684
1206 2.876884237099848
1207 2.876884237099848
1208 1.3654523498320759
1209 1.3654523498320759
1210 0.6829738491188261
1211 0.6829738491188261
1212 1.7697907977712322
1213 1.7697907977712322
1214 0.9615345382608204
1215 0.9615345382608204
1216 2.641694728756029
1217 2.641694728756029
1218 2.6432260949128743
1219 2.6432260949128743
1220 1.4390486744583497
1221 1.4390486744583497
1222 0.9618299706886262
1223 0.9618299706886262
1224 1.584058798647859
1225 1.584058798647859
1226 1.1122185672623546
1227 1.1122185672623546
1228 2.473154839656518
1229 2.473154839656518
1230 1.288738538258991
1231 1.288738538258991
1232 1.2565148825680854
1233 1.2565148825680854
1234 1.9852771680883832
1235 1.9852771680883832
1236 1.8868621262443779
1237 1.8868621262443779
1238 2.3814440097726024
1239 2.3814440097726024
1240 0.6472918666663844
1241 0.6472918666663844
1242 1.906451760176013
1243 1.906451760176013
1244 0.798515014895548
1245 0.798515014895548
1246 2.0225844191289934
1247 2.0225844191289934
1248 1.9215827856789995
1249 1.9215827856789995
1250 2.2761201374627245
1251 2.2761201374627245
1252 1.136920253297945
1253 1.136920253297945
1254 2.36695514434541
1255 2.36695514434541
1256 1.523638655656652
1257 1.523638655656652
1258 1.4147366204878002
1259 1.4147366204878002
1260 2.24179218804289
1261 2.24179218804289
1262 2.2942703666740627
1263 2.2942703666740627
1264 1.7897944456113555
1265 1.7897944456113555
1266 1.6577868683307229
1267 1.6577868683307229
1268 1.6608155735946126
1269 1.6608155735946126
1270 2.5503287158630488
1271 2.5503287158630488
1272 1.3885792186109465
1273 1.3885792186109465
1274 0.8616394613505708
1275 0.8616394613505708
1276 1.6794290509325154
1277 1.6794290509325154
1278 2.1406622190492404
1279 2.1406622190492404
1280 2.7442031687153436
1281 2.7442031687153436
1282 1.8995494584906896
1283 1.8995494584906896
1284 2.5043485480755905
1285 2.5043485480755905
1286 1.567418664828488
1287 1.567418664828488
1288 3.8217787476912615
1289 1.9966634695370726
1290 1.9966634695370726
1291 2.2323678842941783
1292 2.2323678842941783
1293 1.881823012427727
1294 1.881823012427727
1295 0.5766901898036423
1296 0.5766901898036423
1297 2.571947911385882
1298 2.571947911385882
1299 0.857319728443668
1300 0.857319728443668
1301 0.7749450502596179
1302 0.7749450502596179
1303 1.9694784664342524
1304 1.9694784664342524
1305 1.782524710455122
1306 1.782524710455122
1307 1.6310470788495073
1308 1.6310470788495073
1309 1.222482949331825
1310 1.222482949331825
1311 1.1040973285991211
1312 1.1040973285991211
1313 1.9378826835871568
1314 1.9378826835871568
1315 1.9804593432698436
1316 1.9804593432698436
1317 1.8640201708081872
1318 1.8640201708081872
1319 1.6285002149546695
1320 1.6285002149546695
1321 1.3223468481257248
1322 1.3223468481257248
1323 1.2560387727589046
1324 1.2560387727589046
1325 1.0095817608299449
1326 1.0095817608299449
1327 1.2113630520765792
1328 1.2113630520765792
1329 2.0486348880771947
1330 2.0486348880771947
1331 2.007904121162885
1332 2.007904121162885
1333 1.2598767137297897
1334 1.2598767137297897
1335 1.9522756247543427
1336 1.9522756247543427
1337 1.9743670754835678
1338 1.9743670754835678
1339 1.4701237007098482
1340 1.4701237007098482
1341 1.8591853332456838
1342 1.8591853332456838
1343 1.6214332796832072
1344 1.6214332796832072
1345 1.468896506874852
1346 1.468896506874852
1347 0.9720437723617896
1348 0.9720437723617896
1349 2.3218794216097156
1350 2.3218794216097156
1351 1.6667834001551332
1352 1.6667834001551332
1353 2.2478381846459645
1354 2.2478381846459645
1355 1.5236714550333448
1356 1.5236714550333448
1357 2.022529273102971
1358 2.022529273102971
1359 1.6185203792103022
1360 1.6185203792103022
1361 1.167369725678994
1362 1.167369725678994
1363 0.8160734984215945
1364 0.8160734984215945
1365 1.809716823283978
1366 1.809716823283978
1367 1.542554613204268
1368 1.542554613204268
1369 1.4015836566587043
1370 1.4015836566587043
1371 2.274464246010596
1372 2.274464246010596
1373 2.3275302207330824
1374 2.3275302207330824
1375 2.479769825783432
1376 2.479769825783432
1377 1.644769884145657
1378 1.644769884145657
1379 1.5164714606862348
1380 1.5164714606862348
1381 1.58699390343385
1382 1.58699390343385
1383 1.2354474060943808
1384 1.2354474060943808
1385 0.7644149344942432
1386 0.7644149344942432
1387 2.243950499916245
1388 2.243950499916245
1389 1.5889949287910592
1390 1.5889949287910592
1391 1.6003279747742596
1392 1.6003279747742596
1393 1.2017012686321007
1394 1.2017012686321007
1395 1.639952280007478
1396 0.24322992874013794
1397 0.24322992874013794
1398 0.21973065014050097
1399 0.21973065014050097
1400 0.12366948016725846
1401 0.12366948016725846
1402 0.24573534926998325
1403 0.24573534926998325
1404 0.16754812221022608
1405 0.16754812221022608
1406 0.1350821727800581
1407 0.1350821727800581
1408 0.12008903777576341
1409 0.12008903777576341
1410 0.14713281857538346
1411 0.14713281857538346
1412 0.15208841182889793
1413 0.15208841182889793
1414 0.1853358512305187
1415 0.1853358512305187
1416 0.1868308612487331
1417 0.1868308612487331
1418 0.2860156197990904
1419 0.2860156197990904
1420 0.2865346977990167
1421 0.2865346977990167
1422 1.2696106662001858
1423 1.2696106662001858
1424 1.7259052250231413
1425 1.7259052250231413
1426 2.0374564201198955
1427 2.0374564201198955
1428 1.866074213390172
1429 1.866074213390172
1430 2.2232309189974613
1431 3.3572958030818274
1432 3.3572958030818274
1433 2.350503742886984
1434 2.350503742886984
1435 1.5191446592873343
1436 1.5191446592873343
1437 2.9434382362012967
1438 2.9434382362012967
1439 2.564417509396408
1440 2.564417509396408
1441 1.6312313572055095
1442 1.6312313572055095
1443 2.670171504562644
1444 2.670171504562644
1445 2.508307149743539
1446 2.508307149743539
1447 2.5552645289383764
1448 2.5552645289383764
1449 3.3470341958621534
1450 3.3470341958621534
1451 2.5893994690985878
1452 2.5893994690985878
1453 2.1850920892559627
1454 2.1850920892559627
1455 3.849997608894432
1456 3.849997608894432
1457 2.5742275864756494
1458 2.5742275864756494
1459 3.304180609087897
1460 3.304180609087897
1461 3.7252844331961708
1462 3.7252844331961708
1463 3.4156612434114586
1464 3.4156612434114586
1465 2.2596951157048
1466 2.2596951157048
1467 2.0781551156924563
1468 2.0781551156924563
1469 3.4960608667309496
1470 3.4960608667309496
1471 2.9557897454893096
1472 2.9557897454893096
1473 4.751135712677613
1474 4.751135712677613
1475 3.404321434179922
1476 3.404321434179922
1477 2.967698003988681
1478 2.967698003988681
1479 1.7260843847178
1480 1.7260843847178
1481 3.5500935644902745
1482 3.5500935644902745
1483 2.5883573610349537
1484 2.5883573610349537
1485 3.0299422803311225
1486 3.0299422803311225
1487 0.6006801050284769
1488 0.6006801050284769
1489 3.522278334501596
1490 3.522278334501596
1491 3.6592924634101482
1492 3.6592924634101482
1493 2.9749365779833745
1494 2.9749365779833745
1495 5.093204414317748
1496 5.093204414317748
1497 1.2356196455276107
1498 1.2356196455276107
1499 1.9676564900917157
1500 1.9676564900917157
1501 2.3145571963896723
1502 2.3145571963896723
1503 3.0675290685744656
1504 3.0675290685744656
1505 1.4899193665739892
1506 1.4899193665739892
1507 2.4595437371225373
1508 2.4595437371225373
1509 2.049553856851671
1510 2.049553856851671
1511 2.563658998290475
1512 2.563658998290475
1513 3.7466599602907253
1514 3.7466599602907253
1515 3.052451357839116
1516 3.052451357839116
1517 4.029582149863086
1518 4.029582149863086
1519 3.500792028335468
1520 3.500792028335468
1521 3.009887365817219
1522 3.009887365817219
1523 2.2243693809099625
1524 2.2243693809099625
1525 3.1859775809494426
1526 3.1859775809494426
1527 0.9941936171220755
1528 0.9941936171220755
1529 3.057931419651956
1530 3.057931419651956
1531 2.535171491722352
1532 2.535171491722352
1533 1.6884582116983031
1534 1.6884582116983031
1535 2.359778319583147
1536 2.359778319583147
1537 2.8651414309022614
1538 2.8651414309022614
1539 2.374870871867343
1540 2.374870871867343
1541 3.7287697231667924
1542 3.7287697231667924
1543 1.9229869899934764
1544 1.9229869899934764
1545 2.4124736552302046
1546 2.4124736552302046
1547 4.8625524574184045
1548 4.8625524574184045
1549 1.4679653389813552
1550 1.4679653389813552
1551 1.0497181734115248
1552 1.0497181734115248
1553 2.711080349916479
1554 2.711080349916479
1555 2.4054950301994884
1556 2.4054950301994884
1557 2.400420281776661
1558 2.400420281776661
1559 1.1474613602645913
1560 1.1474613602645913
1561 1.9975053865190502
1562 1.9975053865190502
1563 3.2993028791983585
1564 0.8971757128732105
1565 0.8971757128732105
1566 0.9320450605763393
1567 0.9320450605763393
1568 0.7385289263467408
1569 0.7385289263467408
1570 0.7931548663661323
1571 0.7931548663661323
1572 0.6059426818280331
1573 0.6059426818280331
1574 0.8181958474519138
1575 0.8181958474519138
1576 0.31882835691141215
1577 0.31882835691141215
1578 0.5610179691763864
1579 0.5610179691763864
1580 0.6746977752473095
1581 0.6746977752473095
1582 0.4407124750559306
1583 0.4407124750559306
1584 0.6877963316963033
1585 0.6877963316963033
1586 0.9080976435541437
1587 0.9080976435541437
1588 0.6069503336476707
1589 0.6069503336476707
1590 0.3332070116033425
1591 0.3332070116033425
1592 0.627290217414201
1593 0.627290217414201
1594 1.180603594081181
1595 1.180603594081181
1596 1.0181578233044308
1597 1.0181578233044308
1598 3.6010699323260567
1599 3.6010699323260567
1600 2.3635312387819023
1601 2.3635312387819023
1602 4.124164357012301
1603 4.124164357012301
1604 2.460486380445477
1605 2.460486380445477
1606 1.91850339927397
1607 1.91850339927397
1608 5.361644505334629
1609 5.361644505334629
1610 1.992513986185893
1611 1.992513986185893
1612 4.39905977473197
1613 4.39905977473197
1614 2.116530595530545
1615 2.116530595530545
1616 2.4024875884735737
1617 2.4024875884735737
1618 3.2489369869698783
1619 3.2489369869698783
1620 3.378064107273471
1621 3.378064107273471
1622 1.173610325898545
1623 1.173610325898545
1624 0.47530350183513725
1625 0.47530350183513725
1626 1.807665983006474
1627 1.807665983006474
1628 1.5755793160502316
1629 1.5755793160502316
1630 1.3110356576146676
1631 1.3110356576146676
1632 0.941384927008216
1633 0.941384927008216
1634 1.2346320496570022
1635 1.2346320496570022
1636 0.7145136261401875
1637 0.7145136261401875
1638 1.3878740110851213
1639 1.3878740110851213
1640 2.2041797975459643
1641 2.2041797975459643
1642 1.5801678677012119
1643 1.5801678677012119
1644 1.558716495367639
1645 1.558716495367639
1646 1.32687699346938
1647 1.32687699346938
1648 2.133607641601374
1649 2.133607641601374
1650 1.406751712975641
1651 1.406751712975641
1652 2.4798444142779594
1653 2.4798444142779594
1654 1.863244863588616
1655 1.863244863588616
1656 1.9739721919792264
1657 1.9739721919792264
1658 1.0772369253241454
1659 1.0772369253241454
1660 1.7909093491615835
1661 1.7909093491615835
1662 2.8030967735848185
1663 2.8030967735848185
1664 1.59219792112493
1665 1.59219792112493
1666 1.765700259274883
1667 1.765700259274883
1668 1.7311107135481398
1669 1.7311107135481398
1670 1.7397184696944357
1671 1.7397184696944357
1672 0.8384676177561216
1673 0.8384676177561216
1674 1.5629585473476202
1675 1.5629585473476202
1676 1.5207956581300868
1677 1.5207956581300868
1678 3.041251146627416
1679 3.041251146627416
1680 1.00942274204899
1681 1.00942274204899
1682 1.512809654803941
1683 1.512809654803941
1684 3.1357663584587128
1685 3.1357663584587128
1686 1.882915956966699
1687 1.882915956966699
1688 1.944842086047677
1689 1.944842086047677
1690 2.0437990748115293
1691 2.0437990748115293
1692 1.8057116728623954
1693 1.8057116728623954
1694 1.0568667775866634
1695 1.0568667775866634
1696 2.1624358418573393
1697 2.1624358418573393
1698 0.7511956810331722
1699 0.7511956810331722
1700 1.6778302332311004
1701 1.6778302332311004
1702 3.0249928399476813
1703 3.0249928399476813
1704 2.0399493340456134
1705 2.0399493340456134
1706 0.7410910398580098
1707 0.7410910398580098
1708 0.994018147816423
1709 0.994018147816423
1710 1.713441851258534
1711 1.713441851258534
1712 1.700674823316832
1713 1.700674823316832
1714 0.7341087975142432
1715 0.7341087975142432
1716 1.8710709206236313
1717 1.8710709206236313
1718 2.113937802696327
1719 2.113937802696327
1720 1.2267093309915698
1721 1.2267093309915698
1722 1.263748141749874
1723 1.263748141749874
1724 1.9869791318455703
1725 1.9869791318455703
1726 1.4124078794289734
1727 1.4124078794289734
1728 0.6297808620660886
1729 0.6297808620660886
1730 0.18481824514028755
1731 0.18481824514028755
1732 1.4506436254885373
1733 1.4506436254885373
1734 1.9854602604455296
1735 1.9854602604455296
1736 2.146833582035993
1737 2.146833582035993
1738 1.848459513474721
1739 1.848459513474721
1740 1.155127655394283
1741 1.155127655394283
1742 0.7063534240739651
1743 0.7063534240739651
1744 2.403332078591222
1745 2.403332078591222
1746 2.091664767122097
1747 2.091664767122097
1748 0.1
1749 0.1
1750 1.5581596211966753
1751 1.5581596211966753
1752 1.2516472505859864
1753 1.2516472505859864
1754 1.9689982481079187
1755 1.9689982481079187
1756 2.099493209195131
1757 2.099493209195131
1758 0.5622271282274964
1759 0.5622271282274964
1760 1.5086903691129752
1761 1.5086903691129752
1762 0.5717029627421799
1763 0.5717029627421799
1764 0.9029855309652149
1765 0.9029855309652149
1766 2.5842969557627082
1767 2.5842969557627082
1768 0.5215043914212056
1769 0.5215043914212056
1770 1.344695306572249
1771 1.344695306572249
1772 0.8555571369743956
1773 0.8555571369743956
1774 1.1708691183140907
1775 1.1708691183140907
1776 0.6779830484901729
1777 0.6779830484901729
1778 1.3900930663222026
1779 1.3900930663222026
1780 1.229457936084801
1781 1.229457936084801
1782 1.1494991257904372
1783 1.1494991257904372
1784 0.6893165668440737
1785 0.6893165668440737
1786 1.827634856296991
1787 1.827634856296991
1788 2.6743551803992474
1789 2.6743551803992474
1790 1.4176376249896154
1791 1.4176376249896154
1792 1.7781798648812916
1793 1.7781798648812916
1794 1.4205688399635423
1795 1.4205688399635423
1796 1.7913359155219406
1797 1.7913359155219406
1798 1.387426219343153
1799 1.387426219343153
1800 1.822651249329161
1801 1.822651249329161
1802 1.61389817937855
1803 1.61389817937855
1804 1.9006426517931239
1805 1.9006426517931239
1806 2.318309158196876
1807 2.318309158196876
1808 2.275118023033416
1809 2.275118023033416
1810 1.708239735087234
1811 1.708239735087234
1812 1.3472939438383338
1813 1.3472939438383338
1814 1.1179472516259394
1815 1.1179472516259394
1816 1.8076139993836444
1817 1.8076139993836444
1818 2.587797434958643
1819 2.6546950341680184
1820 2.6546950341680184
1821 3.2892218082765963
1822 0.733957836341611
1823 0.733957836341611
1824 0.45835097889145715
1825 0.45835097889145715
1826 0.4935630181182852
1827 0.4935630181182852
1828 0.9672554633132976
1829 0.9672554633132976
1830 0.7161625240118221
1831 0.7161625240118221
1832 0.6707129623317062
1833 0.6707129623317062
1834 0.7993497856860771
1835 0.7993497856860771
1836 0.19517369207337687
1837 0.19517369207337687
1838 0.3914049852765444
1839 0.3914049852765444
1840 0.30204729345047376
1841 0.30204729345047376
1842 0.21384575418042556
1843 0.21384575418042556
1844 0.5803099967760681
1845 0.5803099967760681
1846 1.2811099461196884
1847 1.2811099461196884
1848 0.7218731046606678
1849 0.7218731046606678
1850 0.6932583862459121
1851 0.6932583862459121
1852 0.2866199577710183
1853 0.2866199577710183
1854 0.6574108351873819
1855 0.6574108351873819
1856 0.7084924471549885
1857 0.7084924471549885
1858 1.0371663711866006
1859 1.0371663711866006
1860 0.6966324118020966
1861 0.6966324118020966
1862 0.36952002722965543
1863 0.36952002722965543
1864 0.4306017930892403
1865 0.4306017930892403
1866 0.2937536518407311
1867 0.2937536518407311
1868 0.3018297349478746
1869 0.3018297349478746
1870 0.660852526738461
1871 0.660852526738461
1872 1.2653493385180465
1873 1.2653493385180465
1874 1.1442675559997217
1875 1.1442675559997217
1876 0.7917050028212314
1877 0.7917050028212314
1878 0.9300455263963456
1879 0.9300455263963456
1880 0.7254755916677927
1881 0.7254755916677927
1882 0.8925722606620268
1883 0.8925722606620268
1884 1.1369567871096256
1885 1.1369567871096256
1886 0.6327002938099365
1887 0.6327002938099365
1888 0.45454127747583806
1889 0.45454127747583806
1890 0.7326154327230456
1891 0.7326154327230456
1892 0.8964335567614383
1893 0.8964335567614383
1894 0.768118661490126
1895 0.768118661490126
1896 0.6852568417321323
1897 0.6852568417321323
1898 0.9572751141374554
1899 0.9572751141374554
1900 0.1
1901 0.1
1902 0.41093438142357896
1903 0.41093438142357896
1904 0.5915359425076062
1905 0.5915359425076062
1906 0.8195482190518337
1907 0.8195482190518337
1908 0.9762277443018115
1909 0.9762277443018115
1910 1.0501856161938414
1911 1.0501856161938414
1912 0.9849207378894629
1913 0.9849207378894629
1914 0.753921097554818
1915 0.753921097554818
1916 0.6118066792849849
1917 0.6118066792849849
1918 0.1502346707452159
1919 0.1502346707452159
1920 0.6791738791267911
1921 0.6791738791267911
1922 0.7157300181938645
1923 0.7157300181938645
1924 0.651758094791173
1925 0.651758094791173
1926 0.8172150560620746
1927 0.8172150560620746
1928 0.21636286647131708
1929 0.21636286647131708
1930 0.26098123666528683
1931 0.26098123666528683
1932 0.2432615209587034
1933 0.2432615209587034
1934 0.7974042712081846
1935 0.7974042712081846
1936 0.5251123629326453
1937 0.5251123629326453
1938 0.6062429754402232
1939 0.6062429754402232
1940 0.4717057634153988
1941 0.4717057634153988
1942 0.7761344368996584
1943 0.7761344368996584
1944 0.375492008690562
1945 0.375492008690562
1946 1.015029182703247
1947 1.015029182703247
1948 0.7318207717583216
1949 0.7318207717583216
1950 0.6467820626973425
1951 0.6467820626973425
1952 1.0043070348476428
1953 1.0043070348476428
1954 0.6735553839579097
1955 0.6735553839579097
1956 0.6945895973233499
1957 0.6945895973233499
1958 0.35870348040638317
1959 0.35870348040638317
1960 0.9647536938185606
1961 0.9647536938185606
1962 0.4756616173403492
1963 0.4756616173403492
1964 0.8876389696471848
1965 0.8876389696471848
1966 0.7185550805500373
1967 0.7185550805500373
1968 0.7149784907861775
1969 0.7149784907861775
1970 0.1823044054192141
1971 0.1823044054192141
1972 0.1096393140942109
1973 0.1096393140942109
1974 0.36095197619475045
1975 3.096150378224414
1976 3.096150378224414
1977 2.917907758799403
1978 2.917907758799403
1979 1.242496655177964
1980 1.242496655177964
1981 3.714316878502103
1982 3.714316878502103
1983 3.2194933652082227
1984 3.2194933652082227
1985 1.017807968698709
1986 0.24658222668982824
1987 0.24658222668982824
1988 0.18106268179971347
1989 0.18106268179971347
1990 0.1903349669886624
1991 0.1903349669886624
1992 0.2659176286834806
1993 0.2659176286834806
1994 0.26550787302190343
1995 0.26550787302190343
1996 0.2274274262403481
1997 0.2274274262403481
1998 0.17360798299632654
1999 0.17360798299632654
