0 1.4398062046144076
1 1.4398062046144076
2 1.4398062046144076
3 1.4398062046144076
4 1.5542113681133047
5 1.5542113681133047
6 1.5542113681133047
7 1.5542113681133047
8 0.7842818339827748
9 0.7842818339827748
10 0.7842818339827748
11 0.7842818339827748
12 1.2738396922608302
13 1.2738396922608302
14 1.2738396922608302
15 1.2738396922608302
16 3.122488437481615
17 3.122488437481615
18 3.122488437481615
19 3.122488437481615
20 2.055867832687805
21 2.055867832687805
22 2.055867832687805
23 2.055867832687805
24 1.5836709908140854
25 1.5836709908140854
26 1.5836709908140854
27 1.5836709908140854
28 0.16052216655943674
29 0.16052216655943674
30 0.16052216655943674
31 0.16052216655943674
32 2.4217399853713113
33 2.4217399853713113
34 2.4217399853713113
35 2.4217399853713113
36 2.598719222368591
37 2.598719222368591
38 2.598719222368591
39 2.598719222368591
40 2.17334681386074
41 2.17334681386074
42 2.17334681386074
43 3.1746117960232074
44 3.1746117960232074
45 3.1746117960232074
46 3.1746117960232074
47 5.352345418930809
48 5.352345418930809
49 5.352345418930809
50 5.352345418930809
51 0.1
52 0.1
53 0.1
54 0.1
55 3.888713352489696
56 3.888713352489696
57 3.888713352489696
58 3.888713352489696
59 3.3306932550350936
60 3.3306932550350936
61 3.3306932550350936
62 3.3306932550350936
63 5.501977007415983
64 5.501977007415983
65 5.501977007415983
66 5.501977007415983
67 1.8401550475979362
68 1.8401550475979362
69 1.8401550475979362
70 1.8401550475979362
71 3.0323043190398233
72 3.0323043190398233
73 3.0323043190398233
74 3.0323043190398233
75 4.459148019406236
76 1.2298800074196625
77 1.2298800074196625
78 1.2298800074196625
79 1.2298800074196625
80 1.1996217098823005
81 1.1996217098823005
82 1.1996217098823005
83 1.1996217098823005
84 2.279512747372527
85 2.279512747372527
86 2.279512747372527
87 2.279512747372527
88 0.7948743025230147
89 0.7948743025230147
90 0.7948743025230147
91 0.7948743025230147
92 1.491037816615558
93 1.491037816615558
94 1.491037816615558
95 1.491037816615558
96 0.7545004994463641
97 0.7545004994463641
98 0.7545004994463641
99 0.7545004994463641
100 1.6905160309861416
101 1.6905160309861416
102 1.6905160309861416
103 1.6905160309861416
104 1.3036116216450773
105 1.3036116216450773
106 1.3036116216450773
107 1.3036116216450773
108 1.3419538238313713
109 1.3419538238313713
110 1.3419538238313713
111 1.3419538238313713
112 0.9037242817943083
113 0.9037242817943083
114 0.9037242817943083
115 0.9037242817943083
116 1.1089282392255362
117 1.1089282392255362
118 1.1089282392255362
119 1.1089282392255362
120 2.2499490209177306
121 2.2499490209177306
122 2.2499490209177306
123 2.2499490209177306
124 1.3832114839940086
125 1.3832114839940086
126 1.3832114839940086
127 1.3832114839940086
128 2.234139841103196
129 2.234139841103196
130 2.234139841103196
131 2.234139841103196
132 2.509097791359064
133 2.509097791359064
134 2.509097791359064
135 2.509097791359064
136 1.4907323554008944
137 1.4907323554008944
138 1.4907323554008944
139 1.4907323554008944
140 2.0582010267926716
141 2.0582010267926716
142 2.0582010267926716
143 2.0582010267926716
144 2.0640752283961903
145 2.0640752283961903
146 2.0640752283961903
147 2.0640752283961903
148 1.9766081927154882
149 1.9766081927154882
150 1.9766081927154882
151 1.9766081927154882
152 1.7038739261595794
153 1.7038739261595794
154 1.7038739261595794
155 1.7038739261595794
156 2.528721459798813
157 2.528721459798813
158 2.528721459798813
159 2.528721459798813
160 1.021102288753768
161 1.021102288753768
162 1.021102288753768
163 1.021102288753768
164 0.42627172278172853
165 0.42627172278172853
166 0.42627172278172853
167 0.42627172278172853
168 1.9807853952023862
169 1.9807853952023862
170 1.9807853952023862
171 1.9807853952023862
172 1.6210072989500917
173 1.6210072989500917
174 1.6210072989500917
175 1.6210072989500917
176 0.6663967803196736
177 0.6663967803196736
178 0.6663967803196736
179 0.6663967803196736
180 0.4279413399019234
181 0.4279413399019234
182 0.4279413399019234
183 0.4279413399019234
184 0.9453959339555018
185 0.9453959339555018
186 0.9453959339555018
187 0.9453959339555018
188 1.9673261622833447
189 1.9673261622833447
190 1.9673261622833447
191 1.9673261622833447
192 2.2277428746523658
193 2.2277428746523658
194 2.2277428746523658
195 2.2277428746523658
196 2.3010291315614966
197 2.3010291315614966
198 2.3010291315614966
199 2.3010291315614966
200 2.0634001545817497
201 2.0634001545817497
202 2.0634001545817497
203 2.0634001545817497
204 1.5073895486083622
205 1.5073895486083622
206 1.5073895486083622
207 1.5073895486083622
208 1.3503909071949907
209 1.3503909071949907
210 1.3503909071949907
211 1.3503909071949907
212 1.8111687739935423
213 1.8111687739935423
214 1.8111687739935423
215 1.8111687739935423
216 2.1591349210728166
217 2.1591349210728166
218 2.1591349210728166
219 2.1591349210728166
220 1.7916239761215427
221 1.7916239761215427
222 1.7916239761215427
223 1.7916239761215427
224 1.0356363916861953
225 1.0356363916861953
226 1.0356363916861953
227 1.0356363916861953
228 1.4182379907902125
229 1.4182379907902125
230 1.4182379907902125
231 1.4182379907902125
232 1.717837772501881
233 1.717837772501881
234 1.717837772501881
235 1.717837772501881
236 1.87849508225433
237 1.87849508225433
238 1.87849508225433
239 1.87849508225433
240 0.5583591016364053
241 0.5583591016364053
242 0.5583591016364053
243 0.5583591016364053
244 1.8989441766873085
245 1.8989441766873085
246 1.8989441766873085
247 1.8989441766873085
248 1.7673109621179095
249 1.7673109621179095
250 1.7673109621179095
251 1.7673109621179095
252 1.4659864972130603
253 1.4659864972130603
254 1.4659864972130603
255 1.4659864972130603
256 2.1751837523260007
257 2.1751837523260007
258 2.1751837523260007
259 2.1751837523260007
260 1.7180055965992858
261 1.7180055965992858
262 1.7180055965992858
263 1.7180055965992858
264 2.5307661880014907
265 2.5307661880014907
266 2.5307661880014907
267 2.5307661880014907
268 1.68075215733177
269 1.68075215733177
270 1.68075215733177
271 1.68075215733177
272 1.8455351408817338
273 1.8455351408817338
274 1.8455351408817338
275 1.8455351408817338
276 1.0344094683527612
277 1.0344094683527612
278 1.0344094683527612
279 1.0344094683527612
280 0.47487110846347624
281 0.47487110846347624
282 0.47487110846347624
283 0.47487110846347624
284 2.294351763523617
285 2.294351763523617
286 2.294351763523617
287 2.294351763523617
288 1.217782617490746
289 1.217782617490746
290 1.217782617490746
291 1.217782617490746
292 2.1516246672015216
293 2.1516246672015216
294 2.1516246672015216
295 2.1516246672015216
296 2.749718119599114
297 2.749718119599114
298 2.749718119599114
299 2.749718119599114
300 0.1821822096347514
301 0.1821822096347514
302 0.1821822096347514
303 0.1821822096347514
304 1.7979202805566796
305 1.7979202805566796
306 1.7979202805566796
307 1.7979202805566796
308 0.8111010922511639
309 0.8111010922511639
310 0.8111010922511639
311 0.8111010922511639
312 1.7508117981194267
313 1.7508117981194267
314 1.7508117981194267
315 1.7508117981194267
316 2.0265489839579187
317 2.0265489839579187
318 2.0265489839579187
319 2.0265489839579187
320 1.7591661817659316
321 1.7591661817659316
322 1.7591661817659316
323 1.7591661817659316
324 2.707871355730372
325 4.7196952962700935
326 4.7196952962700935
327 4.7196952962700935
328 4.7196952962700935
329 3.278651278348809
330 3.278651278348809
331 3.278651278348809
332 3.278651278348809
333 5.947020295915205
334 5.947020295915205
335 5.947020295915205
336 5.947020295915205
337 3.9686441119456544
338 3.9686441119456544
339 3.9686441119456544
340 3.9686441119456544
341 5.219842243379322
342 5.219842243379322
343 5.219842243379322
344 5.219842243379322
345 6.214535119745918
346 6.214535119745918
347 6.214535119745918
348 6.214535119745918
349 5.544470072069823
350 5.544470072069823
351 5.544470072069823
352 5.544470072069823
353 4.799756414333656
354 4.799756414333656
355 4.799756414333656
356 4.799756414333656
357 5.04626607149095
358 5.04626607149095
359 5.04626607149095
360 5.04626607149095
361 3.6072507659646713
362 3.6072507659646713
363 3.6072507659646713
364 3.6072507659646713
365 5.7112875724156416
366 5.7112875724156416
367 5.7112875724156416
368 5.7112875724156416
369 4.116292024303698
370 4.116292024303698
371 4.116292024303698
372 4.116292024303698
373 4.774356073180112
374 4.774356073180112
375 4.774356073180112
376 4.774356073180112
377 4.571845543077382
378 4.571845543077382
379 4.571845543077382
380 4.571845543077382
381 4.370746880809582
382 4.370746880809582
383 4.370746880809582
384 4.370746880809582
385 4.747948159496195
386 4.747948159496195
387 4.747948159496195
388 4.747948159496195
389 5.987673231331536
390 5.987673231331536
391 5.987673231331536
392 5.987673231331536
393 4.631804379826732
394 4.631804379826732
395 4.631804379826732
396 4.631804379826732
397 8.13513514987097
398 0.8629937731827624
399 0.8629937731827624
400 0.8629937731827624
401 0.8629937731827624
402 1.1651250761927932
403 1.1651250761927932
404 1.1651250761927932
405 1.1651250761927932
406 0.6514385441325257
407 0.6514385441325257
408 0.6514385441325257
409 0.6514385441325257
410 0.9076439896387998
411 0.9076439896387998
412 0.9076439896387998
413 0.9076439896387998
414 1.3425954145208032
415 1.3425954145208032
416 1.3425954145208032
417 1.3425954145208032
418 1.6895305038372883
419 1.6895305038372883
420 1.6895305038372883
421 1.6895305038372883
422 0.6549462623992476
423 0.6549462623992476
424 0.6549462623992476
425 0.6549462623992476
426 1.2464034524377468
427 1.2464034524377468
428 1.2464034524377468
429 1.2464034524377468
430 0.8031112246927106
431 0.8031112246927106
432 0.8031112246927106
433 0.8031112246927106
434 1.6219260327814902
435 1.6219260327814902
436 1.6219260327814902
437 1.6219260327814902
438 1.4078257611824685
439 1.4078257611824685
440 1.4078257611824685
441 1.4078257611824685
442 0.6761873086075652
443 0.6761873086075652
444 2.914480174568652
445 2.914480174568652
446 2.914480174568652
447 2.914480174568652
448 2.8133142030386193
449 2.8133142030386193
450 2.8133142030386193
451 2.8133142030386193
452 5.159871310648318
453 5.159871310648318
454 5.159871310648318
455 5.159871310648318
456 1.0746942107079467
457 1.0746942107079467
458 1.0746942107079467
459 1.0746942107079467
460 3.4428682149178673
461 3.4428682149178673
462 3.4428682149178673
463 3.4428682149178673
464 2.6763275997485207
465 2.6763275997485207
466 2.6763275997485207
467 2.6763275997485207
468 3.8854668890876094
469 3.8854668890876094
470 3.8854668890876094
471 3.8854668890876094
472 1.9500487014319783
473 1.9500487014319783
474 1.9500487014319783
475 1.9500487014319783
476 3.7904187534918905
477 3.7904187534918905
478 3.7904187534918905
479 3.7904187534918905
480 3.2860195708377287
481 3.2860195708377287
482 3.2860195708377287
483 3.2860195708377287
484 3.8341097424745163
485 3.8341097424745163
486 3.8341097424745163
487 3.8341097424745163
488 3.639101217685948
489 3.639101217685948
490 3.639101217685948
491 3.639101217685948
492 0.46073169784981305
493 0.46073169784981305
494 0.46073169784981305
495 0.46073169784981305
496 4.974241951958126
497 4.974241951958126
498 4.974241951958126
499 4.974241951958126
500 1.7481815857268446
501 1.7481815857268446
502 1.7481815857268446
503 1.7481815857268446
504 1.93161193470513
505 1.93161193470513
506 1.93161193470513
507 1.93161193470513
508 2.083037593258613
509 2.083037593258613
510 2.083037593258613
511 2.083037593258613
512 4.738859381688014
513 4.738859381688014
514 4.738859381688014
515 4.738859381688014
516 5.278536066194656
517 5.278536066194656
518 5.278536066194656
519 5.278536066194656
520 2.028404898858769
521 2.028404898858769
522 2.028404898858769
523 2.028404898858769
524 2.9471010986501325
525 2.9471010986501325
526 2.9471010986501325
527 2.9471010986501325
528 2.359680209733882
529 2.359680209733882
530 2.359680209733882
531 2.359680209733882
532 6.089586070762413
533 6.089586070762413
534 6.089586070762413
535 6.089586070762413
536 4.459970674627899
537 4.459970674627899
538 4.459970674627899
539 4.459970674627899
540 5.457811215401739
541 5.457811215401739
542 1.4005411989444612
543 1.4005411989444612
544 1.4005411989444612
545 1.4005411989444612
546 0.14226731238260482
547 0.14226731238260482
548 0.14226731238260482
549 0.14226731238260482
550 1.3217999917320513
551 1.3217999917320513
552 1.3217999917320513
553 1.3217999917320513
554 0.2708280377513852
555 0.2708280377513852
556 0.2708280377513852
557 0.2708280377513852
558 1.1881025865342487
559 1.1881025865342487
560 1.1881025865342487
561 1.1881025865342487
562 0.3308029258260011
563 0.3308029258260011
564 0.3308029258260011
565 0.3308029258260011
566 2.005913702014671
567 2.005913702014671
568 2.005913702014671
569 2.005913702014671
570 1.1062171648029786
571 1.1062171648029786
572 1.1062171648029786
573 1.1062171648029786
574 1.7935773589381812
575 1.7935773589381812
576 1.7935773589381812
577 1.7935773589381812
578 1.4201954842512885
579 1.4201954842512885
580 1.4201954842512885
581 1.4201954842512885
582 0.8712360290228334
583 0.8712360290228334
584 0.8712360290228334
585 0.8712360290228334
586 1.48052717722272
587 1.48052717722272
588 1.48052717722272
589 1.48052717722272
590 1.7846353496133154
591 1.7846353496133154
592 1.7846353496133154
593 1.7846353496133154
594 1.5206973534756414
595 1.5206973534756414
596 1.5206973534756414
597 1.5206973534756414
598 1.3722678787465281
599 1.3722678787465281
600 1.3722678787465281
601 1.3722678787465281
602 0.6487932859029496
603 0.6487932859029496
604 0.6487932859029496
605 0.6487932859029496
606 1.3236036184883717
607 1.3236036184883717
608 1.3236036184883717
609 1.3236036184883717
610 0.2336388084591715
611 0.2336388084591715
612 0.2336388084591715
613 0.2336388084591715
614 1.8070843204959144
615 1.8070843204959144
616 1.8070843204959144
617 1.8070843204959144
618 1.2694317254462641
619 1.2694317254462641
620 1.2694317254462641
621 1.2694317254462641
622 0.5688737300663597
623 0.5688737300663597
624 0.5688737300663597
625 0.5688737300663597
626 1.2632243460881092
627 1.2632243460881092
628 1.2632243460881092
629 1.2632243460881092
630 0.7184818389817658
631 0.7184818389817658
632 0.7184818389817658
633 0.7184818389817658
634 1.2966705679500041
635 1.2966705679500041
636 1.2966705679500041
637 1.2966705679500041
638 0.4494754003668181
639 0.4494754003668181
640 0.4494754003668181
641 0.4494754003668181
642 0.9140804930120959
643 0.9140804930120959
644 0.9140804930120959
645 0.9140804930120959
646 1.4047028736671971
647 1.4047028736671971
648 1.4047028736671971
649 1.4047028736671971
650 1.7019411025989648
651 1.7019411025989648
652 1.7019411025989648
653 1.7019411025989648
654 1.086318405243437
655 1.086318405243437
656 1.086318405243437
657 1.086318405243437
658 0.4748833394582671
659 0.4748833394582671
660 0.4748833394582671
661 0.4748833394582671
662 1.3716769366377561
663 1.3716769366377561
664 1.3716769366377561
665 1.3716769366377561
666 1.0466037348667185
667 1.0466037348667185
668 1.0466037348667185
669 1.0466037348667185
670 0.5013677091600498
671 0.5013677091600498
672 0.5013677091600498
673 0.5013677091600498
674 0.8624710916072029
675 0.8624710916072029
676 0.8624710916072029
677 0.8624710916072029
678 1.0912779156555414
679 1.0912779156555414
680 1.0912779156555414
681 1.0912779156555414
682 1.0373266588818086
683 1.0373266588818086
684 1.0373266588818086
685 1.0373266588818086
686 0.7892983623204997
687 0.7892983623204997
688 0.7892983623204997
689 0.7892983623204997
690 0.6177962655360304
691 0.6177962655360304
692 0.6177962655360304
693 0.6177962655360304
694 1.3938347112203338
695 1.3938347112203338
696 1.3938347112203338
697 1.3938347112203338
698 1.4703915041465112
699 1.4703915041465112
700 1.4703915041465112
701 1.4703915041465112
702 0.8825207336473745
703 0.8825207336473745
704 0.8825207336473745
705 0.8825207336473745
706 1.8175640220881555
707 1.8175640220881555
708 1.8175640220881555
709 1.8175640220881555
710 0.2543313305678907
711 0.2543313305678907
712 0.2543313305678907
713 0.2543313305678907
714 0.2647219476556309
715 0.2647219476556309
716 0.2647219476556309
717 0.2647219476556309
718 0.2443748450298637
719 0.2443748450298637
720 0.2443748450298637
721 0.2443748450298637
722 1.3393206289795443
723 1.3393206289795443
724 1.3393206289795443
725 1.3393206289795443
726 1.0961954785256118
727 1.0961954785256118
728 1.0961954785256118
729 1.0961954785256118
730 1.179407350736064
731 1.179407350736064
732 1.179407350736064
733 1.179407350736064
734 1.332290865903767
735 1.332290865903767
736 1.332290865903767
737 1.332290865903767
738 1.4907115449947648
739 1.4907115449947648
740 1.4907115449947648
741 1.4907115449947648
742 0.30308931543310835
743 0.30308931543310835
744 0.30308931543310835
745 0.30308931543310835
746 0.2977903319216805
747 0.2977903319216805
748 0.2977903319216805
749 0.2977903319216805
750 1.110284138280159
751 1.110284138280159
752 1.110284138280159
753 1.110284138280159
754 1.180817861599395
755 1.180817861599395
756 1.180817861599395
757 1.180817861599395
758 1.3380109465527454
759 1.3380109465527454
760 1.3380109465527454
761 1.3380109465527454
762 1.6319236641023784
763 1.6319236641023784
764 1.6319236641023784
765 1.6319236641023784
766 0.7390735005324696
767 0.7390735005324696
768 0.7390735005324696
769 0.7390735005324696
770 0.5852961070241993
771 0.5852961070241993
772 0.5852961070241993
773 0.5852961070241993
774 0.7194042619913412
775 0.7194042619913412
776 0.7194042619913412
777 0.7194042619913412
778 1.0304344584800151
779 1.0304344584800151
780 2.0968676107996362
781 2.0968676107996362
782 2.0968676107996362
783 2.0968676107996362
784 5.041332936703693
785 5.041332936703693
786 5.041332936703693
787 5.041332936703693
788 4.161600080071387
789 4.161600080071387
790 4.161600080071387
791 4.161600080071387
792 4.3645304881187235
793 4.3645304881187235
794 4.3645304881187235
795 4.3645304881187235
796 5.104370686712565
797 5.104370686712565
798 5.104370686712565
799 5.104370686712565
800 2.3723919951818817
801 2.3723919951818817
802 2.3723919951818817
803 2.3723919951818817
804 5.425030285094747
805 5.425030285094747
806 5.425030285094747
807 5.425030285094747
808 2.5572484112159506
809 2.5572484112159506
810 2.5572484112159506
811 2.5572484112159506
812 0.142480779771613
813 0.142480779771613
814 0.142480779771613
815 0.142480779771613
816 5.14870384311395
817 5.14870384311395
818 5.14870384311395
819 5.14870384311395
820 3.0809047832983008
821 3.0809047832983008
822 3.0809047832983008
823 3.0809047832983008
824 3.809911577635411
825 3.809911577635411
826 3.809911577635411
827 3.809911577635411
828 3.478314235903365
829 3.478314235903365
830 3.478314235903365
831 3.478314235903365
832 5.966447704171557
833 5.966447704171557
834 5.966447704171557
835 5.966447704171557
836 4.7522115468964605
837 4.7522115468964605
838 4.7522115468964605
839 4.7522115468964605
840 5.239878289206416
841 5.239878289206416
842 5.239878289206416
843 5.239878289206416
844 3.533404930370498
845 3.533404930370498
846 3.533404930370498
847 3.533404930370498
848 2.5813072079333645
849 2.5813072079333645
850 2.5813072079333645
851 2.5813072079333645
852 2.7226982288174626
853 2.7226982288174626
854 2.7226982288174626
855 2.7226982288174626
856 3.4995754387732547
857 0.7028910764116307
858 0.7028910764116307
859 0.7028910764116307
860 0.7028910764116307
861 0.8936306832025178
862 0.8936306832025178
863 0.8936306832025178
864 0.8936306832025178
865 0.7729751654100362
866 0.7729751654100362
867 0.7729751654100362
868 0.7729751654100362
869 2.2463369128925184
870 2.2463369128925184
871 2.2463369128925184
872 2.2463369128925184
873 1.029276963242262
874 1.029276963242262
875 6.285713403389913
876 6.285713403389913
877 6.285713403389913
878 6.285713403389913
879 5.882052503139629
880 5.882052503139629
881 5.882052503139629
882 5.882052503139629
883 2.3840223217666994
884 2.3840223217666994
885 2.3840223217666994
886 2.3840223217666994
887 5.105488790677552
888 5.105488790677552
889 5.105488790677552
890 5.105488790677552
891 6.468575991794158
892 6.468575991794158
893 6.468575991794158
894 6.468575991794158
895 3.530048291243792
896 3.530048291243792
897 3.530048291243792
898 3.530048291243792
899 0.9942222273256305
900 0.9942222273256305
901 0.9942222273256305
902 0.9942222273256305
903 5.120990776031273
904 5.120990776031273
905 5.120990776031273
906 5.120990776031273
907 1.9368068174733257
908 1.9368068174733257
909 1.9368068174733257
910 1.9368068174733257
911 1.5403807556239433
912 1.7798452601529968
913 1.7798452601529968
914 1.7798452601529968
915 1.7798452601529968
916 2.988236744924027
917 2.988236744924027
918 2.988236744924027
919 2.988236744924027
920 3.1504710475431303
921 3.1504710475431303
922 3.1504710475431303
923 3.1504710475431303
924 2.1079027947634503
925 2.1079027947634503
926 2.1079027947634503
927 2.1079027947634503
928 2.0160964569167743
929 2.0160964569167743
930 2.0160964569167743
931 2.0160964569167743
932 2.8896485656612745
933 2.8896485656612745
934 2.8896485656612745
935 2.8896485656612745
936 3.3923516404907272
937 3.3923516404907272
938 3.3923516404907272
939 3.3923516404907272
940 1.4074127454759486
941 1.4074127454759486
942 1.4074127454759486
943 1.4074127454759486
944 1.131984931799232
945 1.131984931799232
946 1.131984931799232
947 1.131984931799232
948 2.3333749844334504
949 2.3333749844334504
950 2.3333749844334504
951 1.636986690888755
952 1.636986690888755
953 1.636986690888755
954 1.636986690888755
955 1.419086738945503
956 1.419086738945503
957 1.419086738945503
958 1.419086738945503
959 0.9142595696901673
960 0.9142595696901673
961 0.9142595696901673
962 0.9142595696901673
963 0.8078286268803119
964 0.8078286268803119
965 0.8078286268803119
966 0.8078286268803119
967 1.7957164440922266
968 4.411768270455481
969 4.411768270455481
970 4.411768270455481
971 4.411768270455481
972 2.545775162909007
973 2.545775162909007
974 2.545775162909007
975 2.545775162909007
976 3.9432251194449695
977 3.9432251194449695
978 3.9432251194449695
979 3.9432251194449695
980 2.494897078822712
981 2.494897078822712
982 2.494897078822712
983 2.494897078822712
984 3.040261231275107
985 3.040261231275107
986 3.040261231275107
987 3.040261231275107
988 4.007258310614043
989 4.007258310614043
990 4.007258310614043
991 4.007258310614043
992 1.3445083414227146
993 1.3445083414227146
994 1.3445083414227146
995 1.3445083414227146
996 2.9920678057452124
997 2.9920678057452124
998 2.9920678057452124
999 2.9920678057452124
1000 1.7646272634566151
1001 1.7646272634566151
1002 1.7646272634566151
1003 1.7646272634566151
1004 5.198337132526972
1005 5.198337132526972
1006 5.198337132526972
1007 5.198337132526972
1008 4.0927448281319005
1009 4.0927448281319005
1010 4.0927448281319005
1011 4.0927448281319005
1012 3.5468390315243457
1013 3.5468390315243457
1014 3.5468390315243457
1015 3.5468390315243457
1016 3.867234555028539
1017 3.867234555028539
1018 3.867234555028539
1019 3.867234555028539
1020 3.73316200029059
1021 3.73316200029059
1022 3.73316200029059
1023 3.73316200029059
1024 6.019271335300856
1025 6.019271335300856
1026 6.019271335300856
1027 6.019271335300856
1028 4.107136285115505
1029 4.107136285115505
1030 4.107136285115505
1031 4.107136285115505
1032 3.454802135921404
1033 3.454802135921404
1034 3.454802135921404
1035 3.454802135921404
1036 5.768320762901658
1037 5.768320762901658
1038 5.768320762901658
1039 5.768320762901658
1040 5.3979235230975
1041 5.3979235230975
1042 5.3979235230975
1043 5.3979235230975
1044 1.9379807744331452
1045 1.9379807744331452
1046 1.9379807744331452
1047 1.9379807744331452
1048 6.2299415979820845
1049 6.2299415979820845
1050 6.2299415979820845
1051 6.2299415979820845
1052 3.0678704626656597
1053 3.0678704626656597
1054 3.0678704626656597
1055 3.0678704626656597
1056 3.6676699970212
1057 3.6676699970212
1058 3.6676699970212
1059 3.6676699970212
1060 4.299734136282122
1061 4.299734136282122
1062 4.299734136282122
1063 4.299734136282122
1064 6.764777389326582
1065 6.764777389326582
1066 6.764777389326582
1067 6.764777389326582
1068 3.1617995995778916
1069 3.1617995995778916
1070 3.1617995995778916
1071 3.1617995995778916
1072 3.81552120895632
1073 3.81552120895632
1074 3.81552120895632
1075 3.81552120895632
1076 2.653917182058471
1077 2.653917182058471
1078 2.653917182058471
1079 2.653917182058471
1080 4.616910310163631
1081 4.616910310163631
1082 0.3281977106250409
1083 0.3281977106250409
1084 0.3281977106250409
1085 0.3281977106250409
1086 3.0514373874637393
1087 3.0514373874637393
1088 3.0514373874637393
1089 3.0514373874637393
1090 3.8262250017152093
1091 3.8262250017152093
1092 3.8262250017152093
1093 3.8262250017152093
1094 5.0504221493491475
1095 5.0504221493491475
1096 5.0504221493491475
1097 5.0504221493491475
1098 3.101548715494907
1099 3.101548715494907
1100 3.101548715494907
1101 3.101548715494907
1102 3.785361935911019
1103 3.785361935911019
1104 3.785361935911019
1105 3.785361935911019
1106 3.6431703306019583
1107 3.6431703306019583
1108 3.6431703306019583
1109 3.6431703306019583
1110 2.706725289534943
1111 2.706725289534943
1112 2.706725289534943
1113 2.706725289534943
1114 1.3092408629082743
1115 1.3092408629082743
1116 1.3092408629082743
1117 1.3092408629082743
1118 3.2027741126125155
1119 3.2027741126125155
1120 3.2027741126125155
1121 3.2027741126125155
1122 0.1
1123 0.1
1124 0.1
1125 0.1
1126 4.344887852634923
1127 4.344887852634923
1128 4.344887852634923
1129 4.344887852634923
1130 0.1280296419505813
1131 0.1280296419505813
1132 0.1280296419505813
1133 0.1280296419505813
1134 2.203209614670298
1135 2.203209614670298
1136 2.203209614670298
1137 2.203209614670298
1138 4.090549384013823
1139 4.090549384013823
1140 4.090549384013823
1141 4.090549384013823
1142 2.4192133321092752
1143 2.4192133321092752
1144 2.4192133321092752
1145 2.4192133321092752
1146 4.50781218488663
1147 4.50781218488663
1148 4.50781218488663
1149 4.50781218488663
1150 2.2746028109773775
1151 2.2746028109773775
1152 2.2746028109773775
1153 2.2746028109773775
1154 0.38789572443534137
1155 0.38789572443534137
1156 0.38789572443534137
1157 0.38789572443534137
1158 2.2629394150635287
1159 2.2629394150635287
1160 2.2629394150635287
1161 2.2629394150635287
1162 3.3292646141644875
1163 3.3292646141644875
1164 3.3292646141644875
1165 3.3292646141644875
1166 3.206024706360425
1167 3.206024706360425
1168 3.206024706360425
1169 3.206024706360425
1170 2.6949462421323847
1171 2.6949462421323847
1172 3.416242126314815
1173 3.416242126314815
1174 3.416242126314815
1175 3.416242126314815
1176 2.761999166425447
1177 2.761999166425447
1178 2.761999166425447
1179 2.761999166425447
1180 2.7795804373333635
1181 2.7795804373333635
1182 2.7795804373333635
1183 2.7795804373333635
1184 3.5620885779996994
1185 3.5620885779996994
1186 3.5620885779996994
1187 3.5620885779996994
1188 1.7645016643606224
1189 1.7645016643606224
1190 1.7645016643606224
1191 1.7645016643606224
1192 4.455153737265175
1193 4.455153737265175
1194 4.455153737265175
1195 4.455153737265175
1196 1.1808875394325558
1197 1.1808875394325558
1198 1.1808875394325558
1199 1.1808875394325558
1200 3.2247177702272722
1201 3.2247177702272722
1202 3.2247177702272722
1203 3.2247177702272722
1204 4.573558391866248
1205 4.573558391866248
1206 4.573558391866248
1207 4.573558391866248
1208 1.1193857960531415
1209 1.1193857960531415
1210 1.1193857960531415
1211 1.1193857960531415
1212 1.9532859717252207
1213 1.9532859717252207
1214 1.9532859717252207
1215 1.9532859717252207
1216 3.630539757522583
1217 3.630539757522583
1218 3.630539757522583
1219 2.8765566277396903
1220 2.8765566277396903
1221 2.8765566277396903
1222 2.8765566277396903
1223 3.0028659057974347
1224 3.0028659057974347
1225 3.0028659057974347
1226 3.0028659057974347
1227 3.228419348055347
1228 3.228419348055347
1229 3.228419348055347
1230 3.228419348055347
1231 2.6067298880614067
1232 4.969211632512261
1233 4.969211632512261
1234 4.969211632512261
1235 4.969211632512261
1236 2.93914165598529
1237 2.93914165598529
1238 2.93914165598529
1239 2.93914165598529
1240 2.1424112539670364
1241 2.1424112539670364
1242 2.1424112539670364
1243 2.1424112539670364
1244 4.588597952014988
1245 4.588597952014988
1246 4.588597952014988
1247 4.588597952014988
1248 3.3119781310871548
1249 3.3119781310871548
1250 3.3119781310871548
1251 3.3119781310871548
1252 3.4475273740267878
1253 3.4475273740267878
1254 3.4475273740267878
1255 3.4475273740267878
1256 1.685214081741118
1257 1.685214081741118
1258 1.685214081741118
1259 1.685214081741118
1260 3.601419151903348
1261 3.601419151903348
1262 3.601419151903348
1263 3.601419151903348
1264 4.445857736369411
1265 4.445857736369411
1266 4.445857736369411
1267 4.445857736369411
1268 4.6175006889134025
1269 4.6175006889134025
1270 4.6175006889134025
1271 4.6175006889134025
1272 4.723960638894894
1273 4.723960638894894
1274 4.723960638894894
1275 4.723960638894894
1276 4.769051457459533
1277 4.769051457459533
1278 4.769051457459533
1279 4.769051457459533
1280 2.9034766901338744
1281 2.9034766901338744
1282 2.9034766901338744
1283 2.9034766901338744
1284 1.2570978333294982
1285 1.2570978333294982
1286 1.2570978333294982
1287 1.2570978333294982
1288 4.180159883644947
1289 4.180159883644947
1290 4.180159883644947
1291 4.180159883644947
1292 4.424176075362128
1293 4.424176075362128
1294 4.424176075362128
1295 4.424176075362128
1296 5.9285125679267185
1297 5.9285125679267185
1298 5.9285125679267185
1299 5.9285125679267185
1300 5.26951366869985
1301 5.26951366869985
1302 5.26951366869985
1303 5.26951366869985
1304 2.932608309539426
1305 2.932608309539426
1306 2.932608309539426
1307 3.287695750946451
1308 3.287695750946451
1309 3.287695750946451
1310 3.287695750946451
1311 1.8536319490390043
1312 1.8536319490390043
1313 1.8536319490390043
1314 1.8536319490390043
1315 2.7980033770808954
1316 2.7980033770808954
1317 2.7980033770808954
1318 2.7980033770808954
1319 4.320475290779263
1320 4.320475290779263
1321 4.320475290779263
1322 4.320475290779263
1323 2.597966062366675
1324 2.597966062366675
1325 2.597966062366675
1326 2.597966062366675
1327 5.836636774037686
1328 5.836636774037686
1329 5.836636774037686
1330 5.836636774037686
1331 3.6409180895234714
1332 3.6409180895234714
1333 3.6409180895234714
1334 3.6409180895234714
1335 5.58047798259772
1336 5.58047798259772
1337 5.58047798259772
1338 5.58047798259772
1339 4.572458582927684
1340 4.572458582927684
1341 4.572458582927684
1342 4.572458582927684
1343 4.655002697770761
1344 4.655002697770761
1345 4.655002697770761
1346 4.655002697770761
1347 3.2108317604197945
1348 3.2108317604197945
1349 3.2108317604197945
1350 3.2108317604197945
1351 5.904716947355569
1352 5.904716947355569
1353 5.904716947355569
1354 5.904716947355569
1355 5.5938335044024186
1356 5.5938335044024186
1357 5.5938335044024186
1358 5.5938335044024186
1359 4.5807926121851885
1360 4.5807926121851885
1361 4.5807926121851885
1362 4.5807926121851885
1363 5.222449711720094
1364 5.222449711720094
1365 5.222449711720094
1366 5.222449711720094
1367 4.747815711778148
1368 4.747815711778148
1369 4.747815711778148
1370 4.747815711778148
1371 2.6822247038698777
1372 2.6822247038698777
1373 2.6822247038698777
1374 2.6822247038698777
1375 2.68773640271666
1376 2.68773640271666
1377 2.68773640271666
1378 2.68773640271666
1379 1.4388389557245902
1380 1.4388389557245902
1381 1.4388389557245902
1382 1.4388389557245902
1383 2.4223956795935266
1384 2.4223956795935266
1385 2.4223956795935266
1386 2.4223956795935266
1387 1.0566998672680503
1388 1.0566998672680503
1389 1.0566998672680503
1390 1.0566998672680503
1391 1.1920789333322508
1392 1.1920789333322508
1393 1.1920789333322508
1394 1.1920789333322508
1395 1.1445493569600937
1396 1.1445493569600937
1397 1.1445493569600937
1398 1.1445493569600937
1399 1.7946571806698473
1400 1.7946571806698473
1401 1.7946571806698473
1402 1.7946571806698473
1403 1.7987907805850976
1404 1.7987907805850976
1405 1.7987907805850976
1406 1.7987907805850976
1407 0.6186935821568559
1408 0.6186935821568559
1409 0.6186935821568559
1410 0.6186935821568559
1411 2.5674312877192715
1412 2.5674312877192715
1413 2.5674312877192715
1414 2.5674312877192715
1415 0.38924361928114415
1416 0.38924361928114415
1417 0.38924361928114415
1418 0.38924361928114415
1419 1.4631076271024168
1420 1.4631076271024168
1421 1.4631076271024168
1422 1.4631076271024168
1423 2.2854827052378504
1424 2.2854827052378504
1425 2.2854827052378504
1426 2.2854827052378504
1427 1.1179328496018663
1428 1.1179328496018663
1429 1.1179328496018663
1430 1.1179328496018663
1431 1.5701905710829969
1432 1.5701905710829969
1433 1.5701905710829969
1434 1.5701905710829969
1435 1.7626457544601737
1436 1.7626457544601737
1437 1.7626457544601737
1438 1.7626457544601737
1439 1.1090101675632125
1440 1.1090101675632125
1441 1.1090101675632125
1442 1.1090101675632125
1443 1.7707844153903227
1444 1.7707844153903227
1445 1.7707844153903227
1446 1.7707844153903227
1447 1.7487960384209174
1448 1.7487960384209174
1449 1.7487960384209174
1450 1.7487960384209174
1451 2.392753828430318
1452 2.392753828430318
1453 2.392753828430318
1454 2.392753828430318
1455 1.474265173433419
1456 1.474265173433419
1457 1.474265173433419
1458 1.474265173433419
1459 2.5424333663714767
1460 2.5424333663714767
1461 2.5424333663714767
1462 2.713863923365886
1463 2.713863923365886
1464 2.713863923365886
1465 2.713863923365886
1466 2.207853115160707
1467 2.207853115160707
1468 2.207853115160707
1469 2.207853115160707
1470 2.1338645148896833
1471 2.1338645148896833
1472 2.1338645148896833
1473 2.1338645148896833
1474 3.74309898659081
1475 3.74309898659081
1476 3.74309898659081
1477 3.74309898659081
1478 2.3456878758022484
1479 2.3456878758022484
1480 2.3456878758022484
1481 2.3456878758022484
1482 1.927748438257167
1483 1.927748438257167
1484 1.927748438257167
1485 1.927748438257167
1486 2.1152741568673625
1487 2.1152741568673625
1488 2.1152741568673625
1489 2.1152741568673625
1490 2.7915365238101537
1491 2.7915365238101537
1492 2.7915365238101537
1493 2.7915365238101537
1494 2.4017386727499943
1495 2.4017386727499943
1496 2.4017386727499943
1497 2.4017386727499943
1498 2.4580078742797076
1499 2.4580078742797076
1500 2.4580078742797076
1501 2.4580078742797076
1502 2.9889120745020925
1503 2.9889120745020925
1504 2.9889120745020925
1505 2.9889120745020925
1506 1.5784069422333395
1507 1.5784069422333395
1508 1.5784069422333395
1509 1.5784069422333395
1510 2.2233800110066637
1511 2.2233800110066637
1512 2.2233800110066637
1513 2.2233800110066637
1514 0.9437786194246709
1515 0.9437786194246709
1516 0.9437786194246709
1517 0.9437786194246709
1518 2.431611213140021
1519 2.431611213140021
1520 2.431611213140021
1521 2.431611213140021
1522 1.363405855479831
1523 1.363405855479831
1524 1.363405855479831
1525 1.363405855479831
1526 4.669540996025117
1527 4.669540996025117
1528 4.669540996025117
1529 4.669540996025117
1530 0.8400845079463826
1531 0.8400845079463826
1532 0.8400845079463826
1533 0.8400845079463826
1534 2.4381581923639204
1535 2.4381581923639204
1536 2.4381581923639204
1537 2.4381581923639204
1538 1.656240917909269
1539 1.656240917909269
1540 1.656240917909269
1541 1.656240917909269
1542 2.963429523711519
1543 2.963429523711519
1544 2.963429523711519
1545 2.963429523711519
1546 1.901892114910779
1547 1.901892114910779
1548 1.901892114910779
1549 1.901892114910779
1550 2.68462448783011
1551 2.68462448783011
1552 2.68462448783011
1553 2.68462448783011
1554 3.489051992639041
1555 3.489051992639041
1556 3.489051992639041
1557 3.489051992639041
1558 3.457848001227665
1559 3.457848001227665
1560 3.457848001227665
1561 3.457848001227665
1562 1.7738690862247073
1563 1.7738690862247073
1564 1.7738690862247073
1565 1.7738690862247073
1566 1.0435268015713397
1567 1.0435268015713397
1568 1.0435268015713397
1569 1.0435268015713397
1570 2.360036467739168
1571 2.360036467739168
1572 2.360036467739168
1573 2.360036467739168
1574 1.9209932467088722
1575 1.9209932467088722
1576 1.9209932467088722
1577 1.9209932467088722
1578 3.0399845625365947
1579 3.0399845625365947
1580 3.0399845625365947
1581 3.0399845625365947
1582 3.2943133280858783
1583 3.2943133280858783
1584 3.2943133280858783
1585 3.2943133280858783
1586 2.994269538229674
1587 2.994269538229674
1588 2.994269538229674
1589 2.994269538229674
1590 2.418794787052138
1591 2.418794787052138
1592 2.418794787052138
1593 2.418794787052138
1594 3.007829580355036
1595 3.007829580355036
1596 3.007829580355036
1597 3.007829580355036
1598 4.352389388181386
1599 4.352389388181386
1600 4.352389388181386
1601 4.352389388181386
1602 2.806094785213421
1603 2.806094785213421
1604 2.806094785213421
1605 2.806094785213421
1606 1.9596352278172136
1607 1.9596352278172136
1608 1.9596352278172136
1609 1.9596352278172136
1610 1.3333800423772673
1611 1.3333800423772673
1612 1.3333800423772673
1613 1.3333800423772673
1614 2.3065873258823
1615 2.3065873258823
1616 2.3065873258823
1617 2.3065873258823
1618 3.634443154611148
1619 3.634443154611148
1620 3.634443154611148
1621 3.634443154611148
1622 1.8126038083679086
1623 1.8126038083679086
1624 1.8126038083679086
1625 1.8126038083679086
1626 2.4763393154122837
1627 2.4763393154122837
1628 2.4763393154122837
1629 2.4763393154122837
1630 2.1253766000525802
1631 2.1253766000525802
1632 2.1253766000525802
1633 2.1253766000525802
1634 2.6399693421513186
1635 2.6399693421513186
1636 2.6399693421513186
1637 3.66767812952763
1638 3.66767812952763
1639 3.66767812952763
1640 3.66767812952763
1641 5.696054410084935
1642 5.696054410084935
1643 5.696054410084935
1644 5.696054410084935
1645 6.121046687993058
1646 6.121046687993058
1647 6.121046687993058
1648 6.121046687993058
1649 4.0135333051144455
1650 4.0135333051144455
1651 4.0135333051144455
1652 4.0135333051144455
1653 3.7436895655545093
1654 3.7436895655545093
1655 3.7436895655545093
1656 3.7436895655545093
1657 1.7756895074712125
1658 1.7756895074712125
1659 1.7756895074712125
1660 1.7756895074712125
1661 2.612390844969738
1662 2.612390844969738
1663 2.612390844969738
1664 2.612390844969738
1665 2.4672422678959394
1666 2.4672422678959394
1667 2.4672422678959394
1668 2.4672422678959394
1669 2.498658504479031
1670 2.498658504479031
1671 2.498658504479031
1672 2.498658504479031
1673 4.216103600406923
1674 4.216103600406923
1675 4.216103600406923
1676 4.216103600406923
1677 2.8616581460725112
1678 6.17451102340041
1679 6.17451102340041
1680 6.17451102340041
1681 6.17451102340041
1682 4.643204790031803
1683 4.643204790031803
1684 4.643204790031803
1685 4.643204790031803
1686 3.2378712111000674
1687 3.2378712111000674
1688 3.2378712111000674
1689 3.2378712111000674
1690 3.5565533030663694
1691 3.5565533030663694
1692 3.5565533030663694
1693 3.5565533030663694
1694 4.772640311627429
1695 4.772640311627429
1696 4.772640311627429
1697 4.772640311627429
1698 2.925355266759377
1699 2.925355266759377
1700 2.925355266759377
1701 2.925355266759377
1702 4.503902928749867
1703 4.503902928749867
1704 4.503902928749867
1705 4.503902928749867
1706 2.079203061627034
1707 2.079203061627034
1708 2.079203061627034
1709 2.079203061627034
1710 3.0013238291469246
1711 3.0013238291469246
1712 3.0013238291469246
1713 3.0013238291469246
1714 2.409110652509802
1715 2.409110652509802
1716 2.409110652509802
1717 2.409110652509802
1718 1.8073071068118591
1719 1.8073071068118591
1720 1.8073071068118591
1721 1.8073071068118591
1722 0.23862469967193167
1723 0.23862469967193167
1724 0.23862469967193167
1725 0.23862469967193167
1726 4.408403839885666
1727 4.408403839885666
1728 4.408403839885666
1729 4.408403839885666
1730 0.34406736752317424
1731 0.34406736752317424
1732 0.34406736752317424
1733 0.34406736752317424
1734 1.5143991708384645
1735 1.5143991708384645
1736 1.5143991708384645
1737 1.5143991708384645
1738 0.6971874097195878
1739 0.6971874097195878
1740 0.6971874097195878
1741 0.6971874097195878
1742 1.3563549758991753
1743 1.3563549758991753
1744 1.3563549758991753
1745 1.3563549758991753
1746 1.2025756748048289
1747 1.2025756748048289
1748 1.2025756748048289
1749 1.2025756748048289
1750 1.378812304536265
1751 1.378812304536265
1752 1.378812304536265
1753 1.378812304536265
1754 0.9487825471650042
1755 0.9487825471650042
1756 0.9487825471650042
1757 0.9487825471650042
1758 1.476284202000663
1759 1.476284202000663
1760 1.476284202000663
1761 1.476284202000663
1762 1.846553493218647
1763 1.846553493218647
1764 1.846553493218647
1765 1.846553493218647
1766 2.716801869195784
1767 2.716801869195784
1768 2.716801869195784
1769 2.716801869195784
1770 1.940984347903071
1771 1.940984347903071
1772 1.940984347903071
1773 1.940984347903071
1774 1.3954459425448176
1775 1.3954459425448176
1776 1.3954459425448176
1777 1.3954459425448176
1778 0.8264922277019033
1779 0.8264922277019033
1780 0.8264922277019033
1781 0.8264922277019033
1782 1.0520761619322743
1783 1.0520761619322743
1784 1.0520761619322743
1785 1.0520761619322743
1786 1.5254630817919372
1787 1.5254630817919372
1788 1.5254630817919372
1789 1.5254630817919372
1790 3.109209528173532
1791 3.109209528173532
1792 3.109209528173532
1793 3.109209528173532
1794 0.7341673937453488
1795 0.7341673937453488
1796 0.7341673937453488
1797 0.7341673937453488
1798 0.5474841283334821
1799 0.5474841283334821
1800 0.5474841283334821
1801 0.5474841283334821
1802 1.4651435731436842
1803 1.4651435731436842
1804 1.4651435731436842
1805 1.4651435731436842
1806 1.0857800329922527
1807 1.0857800329922527
1808 1.0857800329922527
1809 1.0857800329922527
1810 1.6094051691523816
1811 1.6094051691523816
1812 1.6094051691523816
1813 1.6094051691523816
1814 2.1970037879817808
1815 2.1970037879817808
1816 2.1970037879817808
1817 2.1970037879817808
1818 1.1744835390414936
1819 1.1744835390414936
1820 1.1744835390414936
1821 1.1744835390414936
1822 1.3845445503133205
1823 1.3845445503133205
1824 1.3845445503133205
1825 1.3845445503133205
1826 1.3736672640242935
1827 1.3736672640242935
1828 1.3736672640242935
1829 1.3736672640242935
1830 0.24263334188286234
1831 0.24263334188286234
1832 0.24263334188286234
1833 0.24263334188286234
1834 2.9431880769083953
1835 2.9431880769083953
1836 2.9431880769083953
1837 2.9431880769083953
1838 1.4524555024354857
1839 1.4524555024354857
1840 1.4524555024354857
1841 1.4524555024354857
1842 2.108344743327825
1843 2.108344743327825
1844 2.108344743327825
1845 2.108344743327825
1846 1.569989404580623
1847 1.569989404580623
1848 1.569989404580623
1849 1.569989404580623
1850 0.1
1851 0.1
1852 0.1
1853 0.1
1854 2.0381881495188936
1855 2.0381881495188936
1856 2.0381881495188936
1857 2.0381881495188936
1858 1.9867113028957832
1859 1.9867113028957832
1860 1.9867113028957832
1861 1.9867113028957832
1862 2.198562207445876
1863 2.198562207445876
1864 2.198562207445876
1865 2.198562207445876
1866 1.0311598001108098
1867 1.0311598001108098
1868 1.0311598001108098
1869 1.0311598001108098
1870 1.926222423475811
1871 1.926222423475811
1872 1.926222423475811
1873 1.926222423475811
1874 1.4154289443783745
1875 1.4154289443783745
1876 1.4154289443783745
1877 1.4154289443783745
1878 1.4200627161332222
1879 1.4200627161332222
1880 1.4200627161332222
1881 1.4200627161332222
1882 2.8094766498184947
1883 0.13476018753375885
1884 0.13476018753375885
1885 0.13476018753375885
1886 0.13476018753375885
1887 0.13045387906162173
1888 0.13045387906162173
1889 0.13045387906162173
1890 0.13045387906162173
1891 0.1783517010710665
1892 0.1783517010710665
1893 1.3569123898654574
1894 1.3569123898654574
1895 1.3569123898654574
1896 1.3569123898654574
1897 1.5820226185944306
1898 1.5820226185944306
1899 1.5820226185944306
1900 1.5820226185944306
1901 1.4532504229299033
1902 1.4532504229299033
1903 1.4532504229299033
1904 1.4532504229299033
1905 1.2365575793129366
1906 1.2365575793129366
1907 1.2365575793129366
1908 1.2365575793129366
1909 1.163790447916796
1910 1.163790447916796
1911 1.163790447916796
1912 1.163790447916796
1913 1.262413617305283
1914 1.262413617305283
1915 1.262413617305283
1916 3.4245244813156837
1917 3.4245244813156837
1918 3.4245244813156837
1919 3.4245244813156837
1920 6.317784887150722
1921 6.317784887150722
1922 6.317784887150722
1923 6.317784887150722
1924 3.387840410299113
1925 3.387840410299113
1926 3.387840410299113
1927 3.387840410299113
1928 4.102168744023919
1929 4.102168744023919
1930 4.102168744023919
1931 4.102168744023919
1932 6.66379953603419
1933 6.66379953603419
1934 6.66379953603419
1935 6.66379953603419
1936 3.6040239736644306
1937 3.6040239736644306
1938 3.6040239736644306
1939 3.6040239736644306
1940 5.2967770263701075
1941 5.2967770263701075
1942 5.2967770263701075
1943 5.2967770263701075
1944 4.456038943905669
1945 4.456038943905669
1946 4.456038943905669
1947 4.456038943905669
1948 2.9584941012604293
1949 2.9584941012604293
1950 2.9584941012604293
1951 5.27800209887511
1952 5.27800209887511
1953 5.27800209887511
1954 5.27800209887511
1955 3.5894391253195552
1956 3.5894391253195552
1957 3.5894391253195552
1958 3.5894391253195552
1959 4.3161491020505895
1960 4.3161491020505895
1961 4.3161491020505895
1962 4.3161491020505895
1963 5.685082487409222
1964 5.685082487409222
1965 5.685082487409222
1966 5.685082487409222
1967 3.186809919000702
1968 3.186809919000702
1969 3.186809919000702
1970 3.186809919000702
1971 5.069270816638489
1972 5.069270816638489
1973 5.069270816638489
1974 5.069270816638489
1975 3.497985915759207
1976 3.497985915759207
1977 3.497985915759207
1978 3.497985915759207
1979 5.553391941361864
1980 5.553391941361864
1981 5.553391941361864
1982 5.553391941361864
1983 5.840931061865797
1984 5.840931061865797
1985 5.840931061865797
1986 5.840931061865797
1987 4.734344723281632
1988 0.5179321356985997
1989 0.5179321356985997
1990 0.5179321356985997
1991 0.5179321356985997
1992 2.2618112681150384
1993 2.2618112681150384
1994 2.2618112681150384
1995 2.2618112681150384
1996 1.7660829878068256
1997 4.932035557935827
1998 4.932035557935827
1999 4.932035557935827
