0 0.18971757930078817
1 0.18971757930078817
2 0.18971757930078817
3 0.18971757930078817
4 0.18971757930078817
5 0.17685474643553514
6 0.17685474643553514
7 0.17685474643553514
8 0.17685474643553514
9 0.17685474643553514
10 0.17875903799034165
11 0.17875903799034165
12 0.17875903799034165
13 0.17875903799034165
14 0.17875903799034165
15 0.18822881802903835
16 0.18822881802903835
17 0.18822881802903835
18 0.18822881802903835
19 0.18822881802903835
20 0.19385992145948092
21 0.19385992145948092
22 0.19385992145948092
23 0.19385992145948092
24 0.19385992145948092
25 0.21450353166533911
26 0.21450353166533911
27 0.21450353166533911
28 0.21450353166533911
29 0.21450353166533911
30 0.22505470357975751
31 0.22505470357975751
32 0.22505470357975751
33 0.22505470357975751
34 0.22505470357975751
35 0.2305772502004043
36 0.2305772502004043
37 0.2305772502004043
38 0.2305772502004043
39 0.2305772502004043
40 0.18339454985844744
41 0.18339454985844744
42 0.18339454985844744
43 0.18339454985844744
44 0.18339454985844744
45 0.16412270864256367
46 0.16412270864256367
47 0.16412270864256367
48 0.16412270864256367
49 0.16412270864256367
50 0.19706482996151065
51 0.19706482996151065
52 0.19706482996151065
53 0.19706482996151065
54 0.19706482996151065
55 0.18114239245129302
56 0.18114239245129302
57 0.18114239245129302
58 0.18114239245129302
59 0.18114239245129302
60 0.22075436733833348
61 0.22075436733833348
62 0.22075436733833348
63 0.22075436733833348
64 0.22075436733833348
65 0.18699548511370573
66 0.18699548511370573
67 0.18699548511370573
68 0.18699548511370573
69 0.18699548511370573
70 0.1942323615300597
71 0.1942323615300597
72 0.1942323615300597
73 0.1942323615300597
74 0.1942323615300597
75 0.24861907487370033
76 0.24861907487370033
77 0.24861907487370033
78 0.24861907487370033
79 0.24861907487370033
80 0.18904684259737586
81 0.18904684259737586
82 0.18904684259737586
83 0.18904684259737586
84 0.18904684259737586
85 0.21977596344954417
86 0.21977596344954417
87 0.21977596344954417
88 0.21977596344954417
89 0.21977596344954417
90 0.20300707847625574
91 0.20300707847625574
92 0.20300707847625574
93 0.20300707847625574
94 0.20300707847625574
95 0.22835419426644915
96 0.22835419426644915
97 0.22835419426644915
98 0.22835419426644915
99 0.22835419426644915
100 0.19718770488398882
101 0.19718770488398882
102 0.19718770488398882
103 0.19718770488398882
104 0.19718770488398882
105 0.19387408428555641
106 0.19387408428555641
107 0.19387408428555641
108 0.19387408428555641
109 0.19387408428555641
110 0.19529587900402431
111 0.19529587900402431
112 0.19529587900402431
113 0.19529587900402431
114 0.19529587900402431
115 0.23534867338777923
116 0.23534867338777923
117 0.23534867338777923
118 0.23534867338777923
119 0.23534867338777923
120 0.18447226763837213
121 0.18447226763837213
122 0.18447226763837213
123 0.18447226763837213
124 0.18447226763837213
125 0.21873700833880622
126 0.21873700833880622
127 0.21873700833880622
128 0.21873700833880622
129 0.21873700833880622
130 0.19188379525469268
131 0.19188379525469268
132 0.19188379525469268
133 0.19188379525469268
134 0.19188379525469268
135 0.18416051883325807
136 0.18416051883325807
137 0.18416051883325807
138 0.18416051883325807
139 0.18416051883325807
140 0.19316372217145922
141 0.19316372217145922
142 0.19316372217145922
143 0.19316372217145922
144 0.19316372217145922
145 0.24686492252855033
146 0.24686492252855033
147 0.24686492252855033
148 0.24686492252855033
149 0.24686492252855033
150 0.20108114373492889
151 0.20108114373492889
152 0.20108114373492889
153 0.20108114373492889
154 0.20108114373492889
155 0.17530209843881728
156 0.17530209843881728
157 0.17530209843881728
158 0.17530209843881728
159 0.17530209843881728
160 0.2112044580179916
161 0.2112044580179916
162 0.2112044580179916
163 0.2112044580179916
164 0.2112044580179916
165 0.21264132020638027
166 0.21264132020638027
167 0.21264132020638027
168 0.21264132020638027
169 0.21264132020638027
170 0.18540754931801837
171 0.18540754931801837
172 0.18540754931801837
173 0.5047541197164637
174 0.5047541197164637
175 0.5047541197164637
176 0.5047541197164637
177 0.5047541197164637
178 0.7809724154396469
179 0.7809724154396469
180 0.7809724154396469
181 0.7809724154396469
182 0.7809724154396469
183 0.6934960729418984
184 0.6934960729418984
185 0.6934960729418984
186 0.6934960729418984
187 0.6934960729418984
188 2.0675807805769706
189 2.0675807805769706
190 2.0675807805769706
191 2.0675807805769706
192 2.0675807805769706
193 3.030616678391822
194 3.030616678391822
195 3.030616678391822
196 3.030616678391822
197 3.030616678391822
198 2.524488059822025
199 2.524488059822025
200 2.524488059822025
201 2.524488059822025
202 2.524488059822025
203 2.3556568810744025
204 2.3556568810744025
205 2.3556568810744025
206 2.3556568810744025
207 2.3556568810744025
208 2.253404829245197
209 2.253404829245197
210 2.253404829245197
211 2.253404829245197
212 2.253404829245197
213 2.6682478131602254
214 2.6682478131602254
215 2.6682478131602254
216 2.6682478131602254
217 2.6682478131602254
218 1.9494845587969463
219 1.9494845587969463
220 1.9494845587969463
221 1.9494845587969463
222 1.9494845587969463
223 2.5906306400155015
224 2.5906306400155015
225 2.5906306400155015
226 2.5906306400155015
227 2.5906306400155015
228 2.8506214041905933
229 2.8506214041905933
230 2.8506214041905933
231 2.8506214041905933
232 2.8506214041905933
233 2.2217111561440186
234 2.2217111561440186
235 2.2217111561440186
236 2.2217111561440186
237 2.2217111561440186
238 2.058412594962209
239 2.058412594962209
240 2.058412594962209
241 2.058412594962209
242 2.058412594962209
243 3.4055698864448627
244 3.4055698864448627
245 3.4055698864448627
246 3.4055698864448627
247 3.4055698864448627
248 4.515739768244398
249 4.515739768244398
250 4.515739768244398
251 4.515739768244398
252 4.515739768244398
253 3.337535963903466
254 3.337535963903466
255 3.337535963903466
256 3.337535963903466
257 3.337535963903466
258 3.926611228014672
259 3.926611228014672
260 3.926611228014672
261 3.926611228014672
262 2.1016257806892407
263 2.1016257806892407
264 2.1016257806892407
265 2.1016257806892407
266 2.1016257806892407
267 2.085181753927365
268 2.085181753927365
269 2.085181753927365
270 2.085181753927365
271 2.085181753927365
272 1.6340799007921334
273 1.6340799007921334
274 1.6340799007921334
275 1.6340799007921334
276 1.6340799007921334
277 1.7805000801249582
278 1.7805000801249582
279 1.7805000801249582
280 1.7805000801249582
281 1.7805000801249582
282 2.0424322264617794
283 2.0424322264617794
284 2.0424322264617794
285 2.0424322264617794
286 2.0424322264617794
287 2.0913106899833496
288 2.0913106899833496
289 2.0913106899833496
290 2.0913106899833496
291 2.0913106899833496
292 1.9200588383681467
293 1.9200588383681467
294 1.9200588383681467
295 1.9200588383681467
296 1.9200588383681467
297 1.9505396820236203
298 1.9505396820236203
299 1.9505396820236203
300 1.9505396820236203
301 1.9505396820236203
302 1.9339725893732391
303 1.9339725893732391
304 1.9339725893732391
305 1.9339725893732391
306 1.9339725893732391
307 1.8707823648421362
308 1.8707823648421362
309 1.8707823648421362
310 1.8707823648421362
311 1.8707823648421362
312 1.9907455901305597
313 1.9907455901305597
314 1.9907455901305597
315 1.9907455901305597
316 1.9907455901305597
317 2.1481625763672216
318 2.1481625763672216
319 2.1481625763672216
320 2.1481625763672216
321 2.1481625763672216
322 1.726391203882276
323 1.726391203882276
324 1.726391203882276
325 1.726391203882276
326 1.726391203882276
327 2.050981457504926
328 2.050981457504926
329 2.050981457504926
330 2.050981457504926
331 2.050981457504926
332 2.057802771510814
333 2.057802771510814
334 2.057802771510814
335 2.057802771510814
336 2.057802771510814
337 2.102728756442185
338 2.102728756442185
339 2.102728756442185
340 2.102728756442185
341 2.102728756442185
342 1.8793149710657382
343 1.8793149710657382
344 1.8793149710657382
345 1.8793149710657382
346 1.8793149710657382
347 1.7453651135793589
348 1.7453651135793589
349 1.7453651135793589
350 1.7453651135793589
351 1.7453651135793589
352 1.8735988343728653
353 1.8735988343728653
354 1.8735988343728653
355 1.8735988343728653
356 1.8735988343728653
357 2.250549648612373
358 2.250549648612373
359 2.250549648612373
360 2.250549648612373
361 2.250549648612373
362 1.8396193398647034
363 1.8396193398647034
364 1.8396193398647034
365 1.8396193398647034
366 1.8396193398647034
367 1.7337700577913933
368 1.7337700577913933
369 1.7337700577913933
370 1.7337700577913933
371 1.7337700577913933
372 2.1952355095482803
373 2.1952355095482803
374 2.1952355095482803
375 2.1952355095482803
376 2.1952355095482803
377 1.5807707222644376
378 1.5807707222644376
379 1.5807707222644376
380 1.5807707222644376
381 1.5807707222644376
382 2.2134115302312436
383 2.2134115302312436
384 2.2134115302312436
385 2.2134115302312436
386 2.2134115302312436
387 1.8300331586427396
388 1.8300331586427396
389 1.8300331586427396
390 1.8300331586427396
391 1.8300331586427396
392 1.7600127334800313
393 1.7600127334800313
394 1.7600127334800313
395 1.7600127334800313
396 1.7600127334800313
397 2.05298893763944
398 2.05298893763944
399 2.05298893763944
400 2.05298893763944
401 3.2608616976767224
402 3.2608616976767224
403 3.2608616976767224
404 3.2608616976767224
405 3.2608616976767224
406 3.9363805430751158
407 3.9363805430751158
408 3.9363805430751158
409 3.9363805430751158
410 3.9363805430751158
411 3.4459028653612607
412 3.4459028653612607
413 3.4459028653612607
414 3.4459028653612607
415 0.6041660518046074
416 0.6041660518046074
417 0.6041660518046074
418 0.6041660518046074
419 0.6041660518046074
420 0.65876460943139
421 0.65876460943139
422 0.65876460943139
423 0.65876460943139
424 0.65876460943139
425 0.5758452460669561
426 0.5758452460669561
427 0.5758452460669561
428 0.5758452460669561
429 0.5758452460669561
430 0.6571959442355515
431 0.6571959442355515
432 0.6571959442355515
433 0.6571959442355515
434 0.6571959442355515
435 0.8082038474992005
436 0.8082038474992005
437 0.8082038474992005
438 0.8082038474992005
439 0.8082038474992005
440 0.4718848276207013
441 0.4718848276207013
442 0.4718848276207013
443 0.4718848276207013
444 0.4718848276207013
445 0.8596082562094005
446 0.8596082562094005
447 0.8596082562094005
448 0.8596082562094005
449 0.8596082562094005
450 0.5502887857383614
451 0.5502887857383614
452 0.5502887857383614
453 0.5502887857383614
454 0.5502887857383614
455 0.6130790606066043
456 0.6130790606066043
457 0.6130790606066043
458 0.6130790606066043
459 0.6130790606066043
460 0.46404173109011654
461 0.46404173109011654
462 0.46404173109011654
463 0.46404173109011654
464 0.46404173109011654
465 0.6034098581282383
466 0.6034098581282383
467 0.6034098581282383
468 0.6034098581282383
469 0.6034098581282383
470 0.7625853155017412
471 0.7625853155017412
472 0.7625853155017412
473 0.7625853155017412
474 0.7625853155017412
475 0.6269534856375472
476 0.6269534856375472
477 0.6269534856375472
478 3.432219429770977
479 3.432219429770977
480 3.432219429770977
481 3.432219429770977
482 3.432219429770977
483 3.560239816740795
484 3.560239816740795
485 3.560239816740795
486 3.560239816740795
487 3.560239816740795
488 4.631354371123
489 4.631354371123
490 4.631354371123
491 4.631354371123
492 4.631354371123
493 3.3867622979349954
494 3.3867622979349954
495 3.3867622979349954
496 3.3867622979349954
497 3.3867622979349954
498 2.7483692520871053
499 2.7483692520871053
500 2.7483692520871053
501 2.7483692520871053
502 2.7483692520871053
503 4.550501301860211
504 4.550501301860211
505 4.550501301860211
506 4.550501301860211
507 4.550501301860211
508 3.288929327188988
509 3.288929327188988
510 3.288929327188988
511 3.288929327188988
512 3.288929327188988
513 4.083571789062576
514 4.083571789062576
515 4.083571789062576
516 4.083571789062576
517 4.083571789062576
518 4.180669932705205
519 4.180669932705205
520 4.180669932705205
521 4.180669932705205
522 4.180669932705205
523 4.273137153123663
524 4.273137153123663
525 4.273137153123663
526 4.273137153123663
527 4.273137153123663
528 4.294049581605067
529 4.294049581605067
530 4.294049581605067
531 4.294049581605067
532 4.294049581605067
533 4.321824937456133
534 4.321824937456133
535 4.321824937456133
536 4.321824937456133
537 0.491650372833531
538 0.491650372833531
539 0.491650372833531
540 0.491650372833531
541 0.491650372833531
542 0.5826134399945656
543 0.5826134399945656
544 0.5826134399945656
545 0.5826134399945656
546 0.5826134399945656
547 0.60172251209296
548 0.60172251209296
549 0.60172251209296
550 0.60172251209296
551 0.60172251209296
552 0.747720182176054
553 3.749654360960437
554 3.749654360960437
555 3.749654360960437
556 3.749654360960437
557 3.749654360960437
558 4.132526549603118
559 4.132526549603118
560 4.132526549603118
561 4.132526549603118
562 4.132526549603118
563 3.0818988253384134
564 3.0818988253384134
565 3.0818988253384134
566 3.0818988253384134
567 3.0818988253384134
568 3.7862985832837417
569 3.7862985832837417
570 3.7862985832837417
571 3.7862985832837417
572 3.7862985832837417
573 3.8318293925738423
574 3.8318293925738423
575 3.8318293925738423
576 3.8318293925738423
577 3.8318293925738423
578 3.3774844497700354
579 3.3774844497700354
580 3.3774844497700354
581 3.3774844497700354
582 3.3774844497700354
583 3.7401722942250384
584 3.7401722942250384
585 3.7401722942250384
586 3.7401722942250384
587 3.7401722942250384
588 3.863247722575002
589 3.863247722575002
590 3.863247722575002
591 3.863247722575002
592 3.863247722575002
593 4.43057503184631
594 4.43057503184631
595 4.43057503184631
596 4.43057503184631
597 4.43057503184631
598 3.7138785789274342
599 3.7138785789274342
600 3.7138785789274342
601 3.7138785789274342
602 3.7138785789274342
603 2.8380563196857214
604 2.8380563196857214
605 2.8380563196857214
606 2.8380563196857214
607 2.8380563196857214
608 4.073250631771814
609 4.073250631771814
610 4.073250631771814
611 4.073250631771814
612 4.073250631771814
613 3.59960880585578
614 3.59960880585578
615 3.59960880585578
616 3.59960880585578
617 3.59960880585578
618 3.1786147752604634
619 3.1786147752604634
620 3.1786147752604634
621 3.1786147752604634
622 3.1786147752604634
623 4.158513808452326
624 4.158513808452326
625 4.158513808452326
626 4.158513808452326
627 4.158513808452326
628 4.251084477874928
629 4.251084477874928
630 4.251084477874928
631 4.251084477874928
632 4.251084477874928
633 4.007836969424275
634 1.8914382276146975
635 1.8914382276146975
636 1.8914382276146975
637 1.8914382276146975
638 1.8914382276146975
639 1.898299986137745
640 1.898299986137745
641 1.898299986137745
642 1.898299986137745
643 1.898299986137745
644 2.411490099060898
645 2.411490099060898
646 2.411490099060898
647 2.411490099060898
648 2.411490099060898
649 1.7273312172442328
650 1.7273312172442328
651 1.7273312172442328
652 1.7273312172442328
653 1.7273312172442328
654 2.039364008752919
655 2.039364008752919
656 2.039364008752919
657 2.039364008752919
658 2.039364008752919
659 1.9191372226229637
660 1.9191372226229637
661 1.9191372226229637
662 1.9191372226229637
663 1.9191372226229637
664 2.071377711200103
665 2.071377711200103
666 2.071377711200103
667 2.071377711200103
668 2.071377711200103
669 2.208831480292172
670 2.208831480292172
671 2.208831480292172
672 2.208831480292172
673 2.208831480292172
674 2.3137211323823355
675 2.3137211323823355
676 2.3137211323823355
677 2.3137211323823355
678 2.3137211323823355
679 1.7528816198535058
680 1.7528816198535058
681 1.7528816198535058
682 1.7528816198535058
683 1.7528816198535058
684 2.1347885732976266
685 2.1347885732976266
686 2.1347885732976266
687 2.1347885732976266
688 2.1347885732976266
689 2.200489621823312
690 2.200489621823312
691 2.200489621823312
692 2.200489621823312
693 2.200489621823312
694 1.664560974445758
695 1.664560974445758
696 1.664560974445758
697 1.664560974445758
698 1.664560974445758
699 1.8801512418817872
700 1.8801512418817872
701 1.8801512418817872
702 1.8801512418817872
703 1.8801512418817872
704 1.9259218247956094
705 1.9259218247956094
706 1.9259218247956094
707 1.9259218247956094
708 1.9259218247956094
709 1.8239461342652286
710 1.8239461342652286
711 1.8239461342652286
712 1.8239461342652286
713 1.8239461342652286
714 2.022999518339666
715 2.022999518339666
716 2.022999518339666
717 2.022999518339666
718 2.022999518339666
719 1.8424814741442745
720 1.8424814741442745
721 1.8424814741442745
722 1.8424814741442745
723 1.8424814741442745
724 2.310435162983553
725 2.310435162983553
726 2.310435162983553
727 2.310435162983553
728 2.310435162983553
729 2.0255322317103737
730 2.0255322317103737
731 2.0255322317103737
732 2.0255322317103737
733 2.0255322317103737
734 1.7796190559544711
735 1.7796190559544711
736 1.7796190559544711
737 1.7796190559544711
738 1.7796190559544711
739 2.0531201413484417
740 2.0531201413484417
741 3.0661566944786753
742 3.0661566944786753
743 3.0661566944786753
744 3.0661566944786753
745 3.0661566944786753
746 3.1393064594127704
747 1.421961370213575
748 1.421961370213575
749 1.421961370213575
750 1.421961370213575
751 1.421961370213575
752 1.7833371439855132
753 1.7833371439855132
754 1.7833371439855132
755 1.7833371439855132
756 1.7833371439855132
757 1.6999820268959782
758 1.6999820268959782
759 1.6999820268959782
760 1.6999820268959782
761 1.6999820268959782
762 3.4108511727401103
763 3.4108511727401103
764 3.4108511727401103
765 3.4108511727401103
766 3.4108511727401103
767 2.8557676317659695
768 2.8557676317659695
769 2.8557676317659695
770 2.8557676317659695
771 2.8557676317659695
772 4.1282991551033925
773 4.1282991551033925
774 4.1282991551033925
775 4.1282991551033925
776 4.1282991551033925
777 3.73364541815562
778 3.73364541815562
779 3.73364541815562
780 3.73364541815562
781 3.73364541815562
782 3.1841550003474435
783 3.1841550003474435
784 3.1841550003474435
785 3.1841550003474435
786 3.1841550003474435
787 3.255474834986607
788 3.255474834986607
789 3.255474834986607
790 3.255474834986607
791 3.255474834986607
792 3.4955572425774872
793 3.4955572425774872
794 3.4955572425774872
795 3.4955572425774872
796 3.4955572425774872
797 3.3418297054502193
798 3.3418297054502193
799 3.3418297054502193
800 3.3418297054502193
801 3.3418297054502193
802 3.625923673112504
803 3.625923673112504
804 1.1492297571651178
805 1.1492297571651178
806 1.1492297571651178
807 1.1492297571651178
808 1.1492297571651178
809 1.1407542024838084
810 1.1407542024838084
811 1.1407542024838084
812 1.1407542024838084
813 4.4000427598983345
814 4.4000427598983345
815 4.4000427598983345
816 4.4000427598983345
817 4.4000427598983345
818 4.994634075399253
819 4.994634075399253
820 4.994634075399253
821 4.994634075399253
822 4.994634075399253
823 3.9674951281073096
824 3.9674951281073096
825 3.9674951281073096
826 3.9674951281073096
827 3.9674951281073096
828 3.675476303293584
829 3.675476303293584
830 3.675476303293584
831 3.675476303293584
832 3.675476303293584
833 4.589882611366195
834 4.589882611366195
835 4.589882611366195
836 4.589882611366195
837 4.589882611366195
838 4.511360591813572
839 4.511360591813572
840 4.511360591813572
841 4.511360591813572
842 4.511360591813572
843 4.248460316368639
844 4.248460316368639
845 4.248460316368639
846 4.248460316368639
847 4.248460316368639
848 3.944142395503316
849 3.944142395503316
850 3.944142395503316
851 3.944142395503316
852 3.944142395503316
853 4.135550361155046
854 4.135550361155046
855 4.135550361155046
856 4.135550361155046
857 4.135550361155046
858 3.702519564185833
859 3.702519564185833
860 3.702519564185833
861 3.702519564185833
862 3.702519564185833
863 4.195397461009689
864 4.195397461009689
865 4.195397461009689
866 4.195397461009689
867 4.195397461009689
868 3.980662140081484
869 3.980662140081484
870 3.980662140081484
871 3.980662140081484
872 3.980662140081484
873 3.414446282945373
874 3.414446282945373
875 3.414446282945373
876 3.414446282945373
877 3.414446282945373
878 3.7984716005158554
879 3.7984716005158554
880 3.7984716005158554
881 3.7984716005158554
882 3.7984716005158554
883 4.288618354256338
884 4.288618354256338
885 4.288618354256338
886 4.288618354256338
887 4.288618354256338
888 3.679405371022364
889 3.679405371022364
890 3.679405371022364
891 3.679405371022364
892 3.679405371022364
893 3.51088045122001
894 3.51088045122001
895 3.51088045122001
896 3.51088045122001
897 3.51088045122001
898 3.8197293213225545
899 3.8197293213225545
900 3.8197293213225545
901 3.8197293213225545
902 3.8197293213225545
903 4.104129087792018
904 1.1301563064409077
905 1.1301563064409077
906 1.1301563064409077
907 1.1301563064409077
908 1.1301563064409077
909 1.027835649450223
910 1.027835649450223
911 1.027835649450223
912 1.027835649450223
913 1.027835649450223
914 1.0862541632085732
915 1.0862541632085732
916 1.0862541632085732
917 1.0862541632085732
918 1.0862541632085732
919 1.0284641227047624
920 1.0284641227047624
921 1.0284641227047624
922 1.0284641227047624
923 1.0284641227047624
924 0.9343620614961924
925 0.9343620614961924
926 0.9343620614961924
927 0.9343620614961924
928 0.9343620614961924
929 1.0526491830542857
930 1.0526491830542857
931 1.0526491830542857
932 1.0526491830542857
933 1.0526491830542857
934 1.2817256686495921
935 1.2817256686495921
936 1.2817256686495921
937 1.2817256686495921
938 1.2817256686495921
939 1.0588662466242524
940 1.0588662466242524
941 1.0588662466242524
942 1.0588662466242524
943 1.0588662466242524
944 1.232794186173297
945 1.232794186173297
946 1.232794186173297
947 4.123061489220687
948 4.123061489220687
949 4.123061489220687
950 4.123061489220687
951 4.123061489220687
952 4.4685092963799
953 2.493526909627382
954 2.493526909627382
955 2.493526909627382
956 2.493526909627382
957 2.493526909627382
958 2.7947267791523283
959 2.7947267791523283
960 2.7947267791523283
961 2.7947267791523283
962 2.7947267791523283
963 2.760763990784628
964 2.760763990784628
965 2.760763990784628
966 2.760763990784628
967 2.760763990784628
968 2.7653057269354866
969 2.7653057269354866
970 2.7653057269354866
971 2.7653057269354866
972 2.7653057269354866
973 2.717697217185366
974 2.717697217185366
975 2.717697217185366
976 2.717697217185366
977 2.717697217185366
978 2.4564261369243114
979 2.4564261369243114
980 2.4564261369243114
981 2.4564261369243114
982 2.4564261369243114
983 2.2345893542761495
984 2.2345893542761495
985 2.2345893542761495
986 2.2345893542761495
987 2.2345893542761495
988 2.393502468440539
989 2.393502468440539
990 2.393502468440539
991 2.393502468440539
992 2.393502468440539
993 1.9685156677158417
994 1.9685156677158417
995 1.9685156677158417
996 1.9685156677158417
997 1.9685156677158417
998 2.440514754133137
999 2.440514754133137
1000 2.440514754133137
1001 2.440514754133137
1002 2.440514754133137
1003 2.6910491761181197
1004 2.6910491761181197
1005 2.6910491761181197
1006 2.6910491761181197
1007 2.6910491761181197
1008 1.9241467345403798
1009 1.9241467345403798
1010 1.9241467345403798
1011 1.9241467345403798
1012 1.9241467345403798
1013 2.5854636340874824
1014 2.5854636340874824
1015 2.5854636340874824
1016 2.5854636340874824
1017 2.5854636340874824
1018 2.5616624564304415
1019 2.5616624564304415
1020 2.5616624564304415
1021 2.5616624564304415
1022 2.5616624564304415
1023 2.5205510202965513
1024 2.5205510202965513
1025 2.5205510202965513
1026 2.5205510202965513
1027 2.5205510202965513
1028 2.769188066994509
1029 2.769188066994509
1030 2.769188066994509
1031 2.769188066994509
1032 2.769188066994509
1033 2.062783232791798
1034 2.062783232791798
1035 2.062783232791798
1036 2.062783232791798
1037 2.062783232791798
1038 2.2776195956838783
1039 2.2776195956838783
1040 2.2776195956838783
1041 2.2776195956838783
1042 2.2776195956838783
1043 2.9147907542517006
1044 2.9147907542517006
1045 2.9147907542517006
1046 2.9147907542517006
1047 2.9147907542517006
1048 2.2947855668221675
1049 2.2947855668221675
1050 2.2947855668221675
1051 2.2947855668221675
1052 2.2947855668221675
1053 2.458545068472298
1054 2.458545068472298
1055 2.458545068472298
1056 2.458545068472298
1057 2.458545068472298
1058 2.4325421604765096
1059 2.4325421604765096
1060 2.4325421604765096
1061 2.4325421604765096
1062 2.4325421604765096
1063 2.5400836061808865
1064 2.5400836061808865
1065 2.5400836061808865
1066 2.5400836061808865
1067 2.5400836061808865
1068 3.2149164567042083
1069 3.2149164567042083
1070 3.2149164567042083
1071 3.2149164567042083
1072 3.2149164567042083
1073 2.4854399925835353
1074 2.4854399925835353
1075 2.4854399925835353
1076 2.4854399925835353
1077 2.4854399925835353
1078 2.7884452973935705
1079 2.7884452973935705
1080 2.7884452973935705
1081 2.7884452973935705
1082 2.7884452973935705
1083 1.941726614463274
1084 1.941726614463274
1085 3.3846871634292386
1086 3.3846871634292386
1087 3.3846871634292386
1088 3.3846871634292386
1089 3.3846871634292386
1090 2.7623478551884983
1091 2.7623478551884983
1092 2.7623478551884983
1093 2.7623478551884983
1094 2.7623478551884983
1095 2.805808016827657
1096 2.805808016827657
1097 2.805808016827657
1098 2.805808016827657
1099 2.805808016827657
1100 3.0803204755058156
1101 3.0803204755058156
1102 3.0803204755058156
1103 3.0803204755058156
1104 3.0803204755058156
1105 2.010511252458281
1106 2.010511252458281
1107 2.010511252458281
1108 2.010511252458281
1109 2.010511252458281
1110 2.8090607275181068
1111 2.8090607275181068
1112 2.8090607275181068
1113 2.8090607275181068
1114 2.8090607275181068
1115 2.955644134822616
1116 2.955644134822616
1117 2.955644134822616
1118 2.955644134822616
1119 2.955644134822616
1120 2.700786687249458
1121 2.700786687249458
1122 2.700786687249458
1123 2.700786687249458
1124 2.700786687249458
1125 3.0239245410227813
1126 3.0239245410227813
1127 3.0239245410227813
1128 3.0239245410227813
1129 3.0239245410227813
1130 3.1849281542663777
1131 3.1849281542663777
1132 3.1849281542663777
1133 3.1849281542663777
1134 3.1849281542663777
1135 2.7134178281580486
1136 2.7134178281580486
1137 2.7134178281580486
1138 2.7134178281580486
1139 2.7134178281580486
1140 3.1367903695929145
1141 3.1367903695929145
1142 3.1367903695929145
1143 3.1367903695929145
1144 3.1367903695929145
1145 2.7733057771887792
1146 2.7733057771887792
1147 2.7733057771887792
1148 2.7733057771887792
1149 2.7733057771887792
1150 2.6000432877009576
1151 2.6000432877009576
1152 2.6000432877009576
1153 2.6000432877009576
1154 2.6000432877009576
1155 3.00140471789659
1156 3.00140471789659
1157 3.00140471789659
1158 3.00140471789659
1159 3.00140471789659
1160 3.0155862918123537
1161 4.425083070552486
1162 4.425083070552486
1163 4.425083070552486
1164 4.425083070552486
1165 4.425083070552486
1166 3.8008603095550435
1167 3.8008603095550435
1168 3.8008603095550435
1169 3.8008603095550435
1170 3.8008603095550435
1171 3.7440339728972343
1172 3.7440339728972343
1173 3.7440339728972343
1174 3.7440339728972343
1175 3.7440339728972343
1176 4.3945572611651125
1177 4.3945572611651125
1178 4.3945572611651125
1179 4.3945572611651125
1180 4.3945572611651125
1181 4.155183249514959
1182 4.155183249514959
1183 4.155183249514959
1184 4.155183249514959
1185 4.155183249514959
1186 2.239811166908632
1187 2.239811166908632
1188 2.239811166908632
1189 2.239811166908632
1190 2.239811166908632
1191 2.5673425520682
1192 2.5673425520682
1193 2.5673425520682
1194 2.5673425520682
1195 2.5673425520682
1196 2.5168178332709745
1197 2.5168178332709745
1198 2.5168178332709745
1199 2.5168178332709745
1200 2.5168178332709745
1201 2.3028404173560784
1202 2.3028404173560784
1203 2.3028404173560784
1204 2.3028404173560784
1205 2.3028404173560784
1206 2.2014175732972
1207 2.2014175732972
1208 2.2014175732972
1209 2.2014175732972
1210 2.2014175732972
1211 2.138058201028937
1212 2.138058201028937
1213 2.138058201028937
1214 2.138058201028937
1215 2.138058201028937
1216 2.551571832704325
1217 2.551571832704325
1218 2.551571832704325
1219 2.551571832704325
1220 2.551571832704325
1221 2.71940036214629
1222 2.71940036214629
1223 2.71940036214629
1224 2.71940036214629
1225 2.71940036214629
1226 2.7093183249673296
1227 2.7093183249673296
1228 2.7093183249673296
1229 2.7093183249673296
1230 2.7093183249673296
1231 2.221362800053172
1232 2.221362800053172
1233 2.221362800053172
1234 2.221362800053172
1235 2.221362800053172
1236 1.9887729620613952
1237 1.9887729620613952
1238 1.9887729620613952
1239 1.9887729620613952
1240 1.9887729620613952
1241 2.4090897436435523
1242 2.4090897436435523
1243 2.4090897436435523
1244 2.4090897436435523
1245 2.4090897436435523
1246 2.974343527573442
1247 2.974343527573442
1248 2.974343527573442
1249 2.974343527573442
1250 2.974343527573442
1251 1.9245301090047868
1252 1.9245301090047868
1253 1.9245301090047868
1254 1.9245301090047868
1255 1.9245301090047868
1256 2.8543541186076666
1257 2.8543541186076666
1258 2.8543541186076666
1259 2.8543541186076666
1260 2.8543541186076666
1261 2.577280588285651
1262 2.577280588285651
1263 2.577280588285651
1264 2.577280588285651
1265 2.577280588285651
1266 1.6650921593382797
1267 1.6650921593382797
1268 1.6650921593382797
1269 1.6650921593382797
1270 1.6650921593382797
1271 3.168234304376859
1272 3.168234304376859
1273 3.168234304376859
1274 3.168234304376859
1275 3.168234304376859
1276 3.1485431593592526
1277 3.1485431593592526
1278 3.1485431593592526
1279 3.1485431593592526
1280 3.1485431593592526
1281 4.4383853798044886
1282 4.4383853798044886
1283 4.4383853798044886
1284 4.4383853798044886
1285 4.4383853798044886
1286 4.55716100701656
1287 4.55716100701656
1288 4.55716100701656
1289 4.55716100701656
1290 4.55716100701656
1291 4.151362925171978
1292 4.151362925171978
1293 4.151362925171978
1294 4.151362925171978
1295 4.151362925171978
1296 4.482285823693894
1297 4.482285823693894
1298 4.482285823693894
1299 4.482285823693894
1300 4.482285823693894
1301 2.8675252538892506
1302 2.8675252538892506
1303 2.8675252538892506
1304 2.8675252538892506
1305 2.8675252538892506
1306 3.3782913421637
1307 3.3782913421637
1308 3.3782913421637
1309 3.3782913421637
1310 3.3782913421637
1311 3.7590417505691804
1312 3.7590417505691804
1313 3.7590417505691804
1314 3.7590417505691804
1315 3.7590417505691804
1316 4.058071949196105
1317 4.058071949196105
1318 4.058071949196105
1319 4.058071949196105
1320 4.058071949196105
1321 3.5957371181327322
1322 3.5957371181327322
1323 3.5957371181327322
1324 3.5957371181327322
1325 3.5957371181327322
1326 3.69876144424568
1327 3.69876144424568
1328 3.69876144424568
1329 3.69876144424568
1330 3.69876144424568
1331 4.468348483598378
1332 4.468348483598378
1333 4.468348483598378
1334 4.468348483598378
1335 4.468348483598378
1336 3.3497611216934065
1337 3.3497611216934065
1338 3.3497611216934065
1339 3.3497611216934065
1340 3.3497611216934065
1341 3.8512645639077467
1342 3.8512645639077467
1343 3.8512645639077467
1344 3.8512645639077467
1345 3.8512645639077467
1346 3.443719157784206
1347 3.443719157784206
1348 3.443719157784206
1349 3.443719157784206
1350 3.443719157784206
1351 3.982549199561544
1352 3.982549199561544
1353 3.982549199561544
1354 3.982549199561544
1355 3.982549199561544
1356 3.413044551446125
1357 3.413044551446125
1358 3.413044551446125
1359 3.413044551446125
1360 3.413044551446125
1361 3.7593459953188355
1362 3.7593459953188355
1363 3.7593459953188355
1364 3.7593459953188355
1365 3.7593459953188355
1366 3.4416269828781885
1367 3.4416269828781885
1368 3.4416269828781885
1369 3.4416269828781885
1370 3.4416269828781885
1371 3.840685269710557
1372 3.840685269710557
1373 3.840685269710557
1374 3.840685269710557
1375 3.840685269710557
1376 4.039202563046873
1377 4.039202563046873
1378 4.039202563046873
1379 4.039202563046873
1380 4.039202563046873
1381 3.6165946028254154
1382 3.6165946028254154
1383 3.6165946028254154
1384 3.6165946028254154
1385 3.6165946028254154
1386 3.090423437021756
1387 3.090423437021756
1388 3.090423437021756
1389 3.090423437021756
1390 3.090423437021756
1391 3.840117869533694
1392 3.840117869533694
1393 3.840117869533694
1394 3.840117869533694
1395 3.840117869533694
1396 3.3310528990276977
1397 3.3310528990276977
1398 3.3310528990276977
1399 3.3310528990276977
1400 3.3310528990276977
1401 4.42567112465895
1402 4.42567112465895
1403 4.42567112465895
1404 4.42567112465895
1405 4.42567112465895
1406 3.815534789802624
1407 3.815534789802624
1408 3.815534789802624
1409 3.815534789802624
1410 3.815534789802624
1411 3.7854183166306843
1412 3.7854183166306843
1413 3.7854183166306843
1414 3.7854183166306843
1415 3.7854183166306843
1416 5.0033577625433345
1417 5.0033577625433345
1418 5.0033577625433345
1419 5.0033577625433345
1420 5.0033577625433345
1421 3.9969592219955468
1422 3.9969592219955468
1423 3.9969592219955468
1424 3.9969592219955468
1425 3.9969592219955468
1426 3.837286742441625
1427 3.837286742441625
1428 3.837286742441625
1429 3.837286742441625
1430 3.837286742441625
1431 3.144591786936032
1432 3.144591786936032
1433 3.144591786936032
1434 3.144591786936032
1435 3.144591786936032
1436 3.1880937583175966
1437 3.1880937583175966
1438 3.1880937583175966
1439 3.1880937583175966
1440 3.1880937583175966
1441 4.080761947631252
1442 4.080761947631252
1443 4.080761947631252
1444 4.080761947631252
1445 4.080761947631252
1446 3.793727486871166
1447 3.793727486871166
1448 3.793727486871166
1449 3.793727486871166
1450 3.793727486871166
1451 4.063846021184828
1452 4.063846021184828
1453 4.063846021184828
1454 4.063846021184828
1455 4.063846021184828
1456 3.2096964220314264
1457 3.2096964220314264
1458 3.2096964220314264
1459 3.2096964220314264
1460 3.2096964220314264
1461 4.0141052047407815
1462 4.0141052047407815
1463 4.0141052047407815
1464 4.0141052047407815
1465 4.0141052047407815
1466 3.396387201159007
1467 3.396387201159007
1468 3.396387201159007
1469 3.396387201159007
1470 3.396387201159007
1471 3.1821369447283687
1472 3.1821369447283687
1473 3.1821369447283687
1474 3.1821369447283687
1475 3.1821369447283687
1476 3.3167563719698365
1477 3.3167563719698365
1478 3.3167563719698365
1479 3.3167563719698365
1480 3.3167563719698365
1481 2.3364085133062518
1482 2.3364085133062518
1483 2.3364085133062518
1484 2.3364085133062518
1485 2.3364085133062518
1486 2.9765860825507793
1487 2.9765860825507793
1488 2.9765860825507793
1489 2.9765860825507793
1490 2.9765860825507793
1491 3.1521476427821624
1492 3.1521476427821624
1493 3.1521476427821624
1494 3.1521476427821624
1495 3.1521476427821624
1496 2.978018989182916
1497 2.978018989182916
1498 2.978018989182916
1499 2.978018989182916
1500 2.978018989182916
1501 3.2286774091263886
1502 3.2286774091263886
1503 3.2286774091263886
1504 3.2286774091263886
1505 3.2286774091263886
1506 2.7156066325940635
1507 2.7156066325940635
1508 2.7156066325940635
1509 2.7156066325940635
1510 2.7156066325940635
1511 2.953769745928951
1512 2.953769745928951
1513 2.953769745928951
1514 2.953769745928951
1515 2.953769745928951
1516 2.9614244935419345
1517 2.9614244935419345
1518 2.9614244935419345
1519 2.9614244935419345
1520 2.9614244935419345
1521 2.25309797231897
1522 2.25309797231897
1523 2.25309797231897
1524 1.2074629849328586
1525 1.2074629849328586
1526 1.2074629849328586
1527 1.2074629849328586
1528 1.2074629849328586
1529 1.087955845893835
1530 2.871291255527169
1531 2.871291255527169
1532 2.871291255527169
1533 2.871291255527169
1534 2.871291255527169
1535 2.1205227106852518
1536 2.1205227106852518
1537 2.1205227106852518
1538 2.1205227106852518
1539 2.1205227106852518
1540 2.2396561453395467
1541 2.2396561453395467
1542 2.2396561453395467
1543 2.2396561453395467
1544 2.2396561453395467
1545 2.657280278339802
1546 2.657280278339802
1547 2.657280278339802
1548 2.657280278339802
1549 2.657280278339802
1550 2.3679026636278357
1551 2.3679026636278357
1552 2.3679026636278357
1553 2.3679026636278357
1554 2.3679026636278357
1555 2.6708146428421
1556 2.6708146428421
1557 2.6708146428421
1558 2.6708146428421
1559 2.6708146428421
1560 2.7969104472252466
1561 2.7969104472252466
1562 2.7969104472252466
1563 2.7969104472252466
1564 2.7969104472252466
1565 2.194469406434438
1566 2.194469406434438
1567 2.194469406434438
1568 2.194469406434438
1569 2.194469406434438
1570 2.13042870686399
1571 2.13042870686399
1572 2.13042870686399
1573 2.13042870686399
1574 2.13042870686399
1575 2.4211293060895867
1576 2.4211293060895867
1577 2.4211293060895867
1578 2.4211293060895867
1579 2.4211293060895867
1580 2.6244277672602796
1581 2.6244277672602796
1582 2.6244277672602796
1583 2.6244277672602796
1584 2.6244277672602796
1585 2.0902536094078625
1586 2.0902536094078625
1587 2.0902536094078625
1588 2.0902536094078625
1589 2.0902536094078625
1590 1.9924825033250306
1591 1.9924825033250306
1592 1.9924825033250306
1593 1.9924825033250306
1594 1.9924825033250306
1595 2.338356725123025
1596 2.338356725123025
1597 2.338356725123025
1598 2.338356725123025
1599 2.338356725123025
1600 2.6867470464673575
1601 2.6867470464673575
1602 2.6867470464673575
1603 2.6867470464673575
1604 2.6867470464673575
1605 3.2463607492108215
1606 3.2463607492108215
1607 3.2463607492108215
1608 3.2463607492108215
1609 3.2463607492108215
1610 2.4706502567480424
1611 2.4706502567480424
1612 2.4706502567480424
1613 2.4706502567480424
1614 2.4706502567480424
1615 2.034609045587716
1616 2.034609045587716
1617 2.034609045587716
1618 2.034609045587716
1619 2.034609045587716
1620 2.450793284366402
1621 2.450793284366402
1622 4.3431775519461056
1623 4.3431775519461056
1624 4.3431775519461056
1625 4.3431775519461056
1626 4.3431775519461056
1627 4.8250280003868635
1628 4.8250280003868635
1629 4.8250280003868635
1630 4.8250280003868635
1631 4.8250280003868635
1632 3.9793729217388987
1633 3.9793729217388987
1634 3.9793729217388987
1635 3.9793729217388987
1636 3.9793729217388987
1637 3.435828955199987
1638 3.435828955199987
1639 3.435828955199987
1640 3.435828955199987
1641 3.435828955199987
1642 3.4418006096711617
1643 3.4418006096711617
1644 3.4418006096711617
1645 3.4418006096711617
1646 3.4418006096711617
1647 4.077942817828674
1648 4.077942817828674
1649 4.077942817828674
1650 4.077942817828674
1651 4.077942817828674
1652 4.188383644877162
1653 4.188383644877162
1654 4.188383644877162
1655 4.188383644877162
1656 4.188383644877162
1657 3.8850375070795007
1658 3.8850375070795007
1659 3.8850375070795007
1660 3.8850375070795007
1661 3.8850375070795007
1662 4.820090109103628
1663 4.820090109103628
1664 4.820090109103628
1665 4.820090109103628
1666 4.820090109103628
1667 4.300866815955298
1668 4.300866815955298
1669 4.300866815955298
1670 4.300866815955298
1671 4.300866815955298
1672 3.7352465781521706
1673 3.7352465781521706
1674 1.8037074933584223
1675 3.2204234098393494
1676 3.2204234098393494
1677 3.2204234098393494
1678 3.2204234098393494
1679 0.7105747203564862
1680 0.7105747203564862
1681 0.7105747203564862
1682 0.7105747203564862
1683 0.7105747203564862
1684 0.7670637920045759
1685 0.7670637920045759
1686 0.7670637920045759
1687 0.7670637920045759
1688 0.7670637920045759
1689 0.7334312922241708
1690 0.7334312922241708
1691 0.7334312922241708
1692 0.7334312922241708
1693 0.7334312922241708
1694 0.6959441422072885
1695 0.6959441422072885
1696 0.6959441422072885
1697 0.6959441422072885
1698 0.6959441422072885
1699 0.5842418690842763
1700 0.5842418690842763
1701 0.5842418690842763
1702 0.5842418690842763
1703 0.5842418690842763
1704 0.6329386117258958
1705 0.6329386117258958
1706 0.6329386117258958
1707 1.8519533113711792
1708 1.8519533113711792
1709 1.8519533113711792
1710 1.8519533113711792
1711 1.8519533113711792
1712 2.2625879163184544
1713 2.2625879163184544
1714 2.2625879163184544
1715 2.2625879163184544
1716 2.2625879163184544
1717 1.7341422265244375
1718 1.0069953270205447
1719 1.0069953270205447
1720 1.0069953270205447
1721 2.165726091535022
1722 2.165726091535022
1723 2.165726091535022
1724 2.165726091535022
1725 2.165726091535022
1726 2.2015917109843035
1727 2.2015917109843035
1728 2.2015917109843035
1729 2.2015917109843035
1730 2.2015917109843035
1731 2.486227137587464
1732 2.486227137587464
1733 2.486227137587464
1734 2.486227137587464
1735 2.486227137587464
1736 2.3432117981055933
1737 2.3432117981055933
1738 2.3432117981055933
1739 2.3432117981055933
1740 2.3432117981055933
1741 2.5574348229399027
1742 2.5574348229399027
1743 2.5574348229399027
1744 2.5574348229399027
1745 2.5574348229399027
1746 1.9011836095652792
1747 1.9011836095652792
1748 1.9011836095652792
1749 1.9011836095652792
1750 1.9011836095652792
1751 1.9880748814759686
1752 1.9880748814759686
1753 1.9880748814759686
1754 1.9880748814759686
1755 1.9880748814759686
1756 2.534307515806042
1757 2.534307515806042
1758 2.534307515806042
1759 2.534307515806042
1760 2.534307515806042
1761 2.655181533420451
1762 2.655181533420451
1763 2.655181533420451
1764 2.655181533420451
1765 2.655181533420451
1766 2.561444989622202
1767 2.561444989622202
1768 2.561444989622202
1769 2.561444989622202
1770 2.561444989622202
1771 2.2375108988533268
1772 2.2375108988533268
1773 2.2375108988533268
1774 2.2375108988533268
1775 2.2375108988533268
1776 2.16349796873664
1777 2.16349796873664
1778 2.16349796873664
1779 2.16349796873664
1780 2.16349796873664
1781 2.795096701282379
1782 2.795096701282379
1783 2.795096701282379
1784 2.795096701282379
1785 2.795096701282379
1786 2.2389891014515513
1787 2.2389891014515513
1788 2.2389891014515513
1789 2.2389891014515513
1790 2.2389891014515513
1791 2.521867471930779
1792 2.521867471930779
1793 2.521867471930779
1794 2.521867471930779
1795 2.521867471930779
1796 2.4228762735430567
1797 2.4228762735430567
1798 2.4228762735430567
1799 2.4228762735430567
1800 2.4228762735430567
1801 2.0957890642771413
1802 2.0957890642771413
1803 2.0957890642771413
1804 2.0957890642771413
1805 2.0957890642771413
1806 0.9845912105917147
1807 0.9845912105917147
1808 0.9845912105917147
1809 0.9845912105917147
1810 0.9845912105917147
1811 1.0646371933033405
1812 1.0646371933033405
1813 1.0646371933033405
1814 1.0646371933033405
1815 1.0646371933033405
1816 1.3611501316430927
1817 1.3611501316430927
1818 1.3611501316430927
1819 1.3611501316430927
1820 1.3611501316430927
1821 1.3671656661774108
1822 1.3671656661774108
1823 1.3671656661774108
1824 1.3671656661774108
1825 1.3671656661774108
1826 1.0599140741658937
1827 1.0599140741658937
1828 1.0599140741658937
1829 1.0599140741658937
1830 1.0599140741658937
1831 1.0995862289171632
1832 1.0995862289171632
1833 1.0995862289171632
1834 1.0995862289171632
1835 1.0995862289171632
1836 1.1042795813790078
1837 1.1042795813790078
1838 1.1042795813790078
1839 1.1042795813790078
1840 1.1042795813790078
1841 1.16218796583941
1842 1.16218796583941
1843 1.16218796583941
1844 1.16218796583941
1845 1.16218796583941
1846 0.9990752409684486
1847 0.9990752409684486
1848 0.9990752409684486
1849 0.9990752409684486
1850 0.9990752409684486
1851 1.0420831908140322
1852 1.0420831908140322
1853 1.0420831908140322
1854 1.0420831908140322
1855 3.424889622154273
1856 3.424889622154273
1857 3.424889622154273
1858 3.424889622154273
1859 3.424889622154273
1860 3.0690506194208873
1861 3.0690506194208873
1862 3.0690506194208873
1863 3.0690506194208873
1864 3.0690506194208873
1865 3.15522792841604
1866 3.15522792841604
1867 3.15522792841604
1868 3.15522792841604
1869 3.15522792841604
1870 2.435609573749861
1871 2.435609573749861
1872 2.435609573749861
1873 2.435609573749861
1874 2.435609573749861
1875 2.9620390634044296
1876 2.9620390634044296
1877 2.9620390634044296
1878 2.9620390634044296
1879 2.9620390634044296
1880 3.407495326319256
1881 3.407495326319256
1882 3.407495326319256
1883 3.407495326319256
1884 3.407495326319256
1885 3.6953189933666053
1886 3.6953189933666053
1887 3.6953189933666053
1888 3.6953189933666053
1889 3.6953189933666053
1890 2.9872430896473707
1891 2.9872430896473707
1892 5.237114384308214
1893 5.237114384308214
1894 5.237114384308214
1895 5.237114384308214
1896 5.237114384308214
1897 5.7435885731671625
1898 5.7435885731671625
1899 5.7435885731671625
1900 5.7435885731671625
1901 5.7435885731671625
1902 4.501601803019507
1903 1.8673323436247604
1904 1.8673323436247604
1905 1.8673323436247604
1906 1.8673323436247604
1907 1.8673323436247604
1908 1.8624901639305578
1909 1.8624901639305578
1910 1.8624901639305578
1911 1.8624901639305578
1912 1.8624901639305578
1913 2.068587943717333
1914 2.068587943717333
1915 2.068587943717333
1916 2.068587943717333
1917 2.068587943717333
1918 1.9879848325037714
1919 1.9879848325037714
1920 1.9879848325037714
1921 1.9879848325037714
1922 1.9879848325037714
1923 2.089722916807851
1924 2.089722916807851
1925 2.089722916807851
1926 2.089722916807851
1927 2.089722916807851
1928 1.7657786005949148
1929 1.7657786005949148
1930 1.7657786005949148
1931 1.7657786005949148
1932 1.7657786005949148
1933 2.156487290949303
1934 2.156487290949303
1935 2.156487290949303
1936 2.156487290949303
1937 2.156487290949303
1938 2.1239383272519534
1939 2.1239383272519534
1940 2.1239383272519534
1941 2.1239383272519534
1942 2.1239383272519534
1943 1.9023933371814439
1944 1.9023933371814439
1945 1.9023933371814439
1946 1.9023933371814439
1947 1.9023933371814439
1948 1.7343879043599009
1949 1.7343879043599009
1950 1.7343879043599009
1951 1.7343879043599009
1952 1.7343879043599009
1953 1.8835941940336627
1954 1.8835941940336627
1955 1.8835941940336627
1956 1.8835941940336627
1957 1.8835941940336627
1958 2.063399080489159
1959 2.063399080489159
1960 2.063399080489159
1961 2.063399080489159
1962 2.063399080489159
1963 1.9343397317587803
1964 1.9343397317587803
1965 1.9343397317587803
1966 1.9343397317587803
1967 1.9343397317587803
1968 2.321721431810269
1969 2.321721431810269
1970 2.321721431810269
1971 2.321721431810269
1972 2.321721431810269
1973 0.1998566389571192
1974 0.1998566389571192
1975 0.1998566389571192
1976 0.1998566389571192
1977 0.1998566389571192
1978 0.22434600951602465
1979 0.22434600951602465
1980 0.22434600951602465
1981 0.22434600951602465
1982 0.22434600951602465
1983 0.17065221742195513
1984 0.17065221742195513
1985 0.17065221742195513
1986 0.17065221742195513
1987 0.17065221742195513
1988 0.15763296743536934
1989 0.15763296743536934
1990 0.15763296743536934
1991 0.15763296743536934
1992 0.15763296743536934
1993 0.20732198472467028
1994 0.20732198472467028
1995 0.20732198472467028
1996 0.20732198472467028
1997 0.20732198472467028
1998 0.20399156879943026
1999 0.20399156879943026
