0 3.1571313028100247
1 3.1571313028100247
2 5.3450521285071915
3 5.3450521285071915
4 2.8901512766523645
5 2.8901512766523645
6 3.823912678828775
7 3.823912678828775
8 4.465693486102941
9 4.465693486102941
10 3.0791360946854045
11 3.0791360946854045
12 4.507033148847853
13 4.507033148847853
14 0.1
15 0.1
16 2.8622046760708
17 2.8622046760708
18 2.6539810116152656
19 2.6539810116152656
20 1.67627298447756
21 1.67627298447756
22 2.5550990832428724
23 2.5550990832428724
24 3.5409301357329035
25 3.5409301357329035
26 2.764506651131976
27 2.764506651131976
28 4.444680727123936
29 4.444680727123936
30 2.8449136097142
31 2.8449136097142
32 3.114668238262291
33 3.114668238262291
34 4.630419100675592
35 4.630419100675592
36 3.1739293313761894
37 3.1739293313761894
38 1.9493938454951758
39 1.9493938454951758
40 3.1199123082790097
41 3.1199123082790097
42 2.6318399143334847
43 2.6318399143334847
44 2.749925383947656
45 2.749925383947656
46 2.1684325876946042
47 2.1684325876946042
48 3.009550953354899
49 3.009550953354899
50 2.740543549590555
51 2.740543549590555
52 1.9610863545104222
53 1.9610863545104222
54 2.9599528061904286
55 2.9599528061904286
56 3.0636930628481998
57 3.0636930628481998
58 1.401862559446099
59 1.401862559446099
60 4.068063902653226
61 4.068063902653226
62 4.260190133175921
63 4.260190133175921
64 2.408413752720018
65 2.408413752720018
66 3.62186274976557
67 3.62186274976557
68 4.206488263310091
69 4.206488263310091
70 2.923287885711941
71 2.923287885711941
72 2.1363555098479456
73 2.1363555098479456
74 2.2961707820911688
75 2.2961707820911688
76 2.3401623262030893
77 2.3401623262030893
78 2.1721068200843425
79 2.1721068200843425
80 3.1353087173563816
81 3.1353087173563816
82 1.649420804238141
83 1.083800300460737
84 1.083800300460737
85 1.8186774846136586
86 1.8186774846136586
87 1.9910413764866488
88 1.9910413764866488
89 2.4003142403086226
90 2.4003142403086226
91 0.7410794039815942
92 0.7410794039815942
93 3.160909370222119
94 3.160909370222119
95 1.835259661100294
96 1.835259661100294
97 1.0475922996396436
98 1.0475922996396436
99 1.1912766843276157
100 1.1912766843276157
101 2.2787498537297073
102 2.2787498537297073
103 1.2003801584348173
104 1.2003801584348173
105 2.0637224937091814
106 2.0637224937091814
107 1.8578037760524055
108 1.8578037760524055
109 2.4733151068036063
110 2.4733151068036063
111 1.8272517906117938
112 1.8272517906117938
113 2.960725820280067
114 2.960725820280067
115 1.6175966708169682
116 1.6175966708169682
117 2.3189991963411565
118 2.3189991963411565
119 2.0931376106243786
120 2.0931376106243786
121 2.763538023305711
122 2.763538023305711
123 3.0138655616737315
124 3.0138655616737315
125 1.1832919360024956
126 1.1832919360024956
127 1.3772372037628946
128 1.3772372037628946
129 3.7228159741812252
130 3.7228159741812252
131 0.6015818533431978
132 0.6015818533431978
133 2.025086231125583
134 2.025086231125583
135 2.3667496768869656
136 2.3667496768869656
137 0.8255564178091013
138 1.848127456156524
139 1.848127456156524
140 1.5268290474271966
141 1.5268290474271966
142 1.2117563159276188
143 1.2117563159276188
144 1.5917689348348663
145 1.5917689348348663
146 0.8461498377342913
147 0.8461498377342913
148 1.2327579608452812
149 1.2327579608452812
150 0.1
151 0.1
152 1.4205763013449606
153 1.4205763013449606
154 0.34712510786252393
155 0.34712510786252393
156 1.2115280166123277
157 1.2115280166123277
158 2.241256548333023
159 2.241256548333023
160 2.022555113487325
161 2.022555113487325
162 0.7811307661172553
163 0.7811307661172553
164 2.818988305839469
165 2.818988305839469
166 1.751931385833963
167 1.751931385833963
168 2.134636974459138
169 2.134636974459138
170 1.5875626599143895
171 1.5875626599143895
172 0.4877825517701808
173 0.4877825517701808
174 1.0609236888601967
175 1.0609236888601967
176 1.5857896531000937
177 1.5857896531000937
178 1.9935549566208244
179 1.9935549566208244
180 0.8551052707295139
181 0.8551052707295139
182 1.1649529200728792
183 1.1649529200728792
184 1.1333802674890647
185 1.1333802674890647
186 1.1803440744811051
187 1.1803440744811051
188 0.202545154226359
189 0.202545154226359
190 3.544366976949894
191 3.544366976949894
192 1.0133267179496035
193 1.0133267179496035
194 2.3170537030120886
195 2.3170537030120886
196 2.0390629556659916
197 2.0390629556659916
198 1.4223841208493668
199 1.4223841208493668
200 0.6951142023060652
201 0.6951142023060652
202 1.5425841260788693
203 1.5425841260788693
204 2.278882368015831
205 2.278882368015831
206 0.6558383341057477
207 0.6558383341057477
208 0.7729856687530833
209 0.7729856687530833
210 1.2936172064818372
211 1.2936172064818372
212 0.9093784665384721
213 0.9093784665384721
214 0.1
215 0.1
216 2.8702511995498434
217 2.8702511995498434
218 2.4030033054557594
219 2.4030033054557594
220 1.7517198947133739
221 1.7517198947133739
222 0.7308899069574528
223 0.7308899069574528
224 1.3595071445158387
225 1.3595071445158387
226 1.1598468424730708
227 1.1598468424730708
228 1.3081276543005793
229 1.3081276543005793
230 0.1
231 0.1
232 1.19324443367847
233 1.19324443367847
234 0.9821804579673894
235 0.9821804579673894
236 2.244757088767334
237 2.244757088767334
238 1.7067317485721423
239 1.7067317485721423
240 2.2699032435530047
241 2.2699032435530047
242 3.0977099096100646
243 3.0977099096100646
244 1.004542247692286
245 1.004542247692286
246 2.0875822277867426
247 2.0875822277867426
248 2.8283033626025693
249 2.8283033626025693
250 2.2395656667913264
251 2.2395656667913264
252 1.3997297516515612
253 1.3997297516515612
254 1.8147409930168106
255 1.8147409930168106
256 1.998755371831109
257 1.998755371831109
258 1.2064693963200255
259 1.2064693963200255
260 1.1676245157208056
261 1.1676245157208056
262 3.174771139146045
263 3.174771139146045
264 1.71843375495896
265 1.71843375495896
266 3.0086419089278875
267 3.0086419089278875
268 2.610723900554031
269 2.610723900554031
270 1.6689025130543604
271 1.6689025130543604
272 2.2223172735507535
273 2.2223172735507535
274 0.9750004901290221
275 0.9750004901290221
276 1.168540849844499
277 1.168540849844499
278 3.250805288447295
279 3.250805288447295
280 1.2520005913853303
281 1.2520005913853303
282 1.2200006356695512
283 1.2200006356695512
284 1.101212951532607
285 1.101212951532607
286 1.4121187125851238
287 1.4121187125851238
288 1.8102948184470817
289 1.8102948184470817
290 1.5802401473435392
291 1.5802401473435392
292 1.7949660278796031
293 1.7949660278796031
294 1.609142220315188
295 1.609142220315188
296 2.8054981440337543
297 2.8054981440337543
298 1.2650645889207028
299 1.2650645889207028
300 3.5473466037691104
301 3.5473466037691104
302 3.026508067098558
303 3.026508067098558
304 2.6747550164249736
305 2.6747550164249736
306 0.1
307 0.1
308 1.9989114287489471
309 1.9989114287489471
310 2.774774984647006
311 2.774774984647006
312 4.612981726910362
313 4.612981726910362
314 2.6340932579898944
315 2.6340932579898944
316 3.2687998163545484
317 3.2687998163545484
318 2.8916669469082596
319 2.8916669469082596
320 1.4208231778312839
321 1.4208231778312839
322 4.811138888154382
323 4.811138888154382
324 3.590282076947709
325 3.590282076947709
326 3.763742058375686
327 3.763742058375686
328 2.5112417891465624
329 2.5112417891465624
330 4.467329811310126
331 4.467329811310126
332 1.6300829400008867
333 1.6300829400008867
334 3.7107864810218447
335 3.7107864810218447
336 2.2782554341435683
337 2.2782554341435683
338 1.577609841220966
339 1.577609841220966
340 3.991366746093049
341 3.991366746093049
342 3.3264483110306546
343 3.3264483110306546
344 4.62326804992146
345 4.62326804992146
346 3.7482976931418137
347 3.7482976931418137
348 2.995210097254731
349 2.995210097254731
350 2.4172975793661706
351 2.4172975793661706
352 2.2380146471200675
353 2.2380146471200675
354 2.763764587603604
355 2.763764587603604
356 3.7391279412950245
357 3.7391279412950245
358 3.4228041159344507
359 3.4228041159344507
360 4.7579065025478045
361 4.7579065025478045
362 2.824684092570015
363 2.824684092570015
364 0.46668425062511876
365 0.46668425062511876
366 1.793199700848744
367 1.793199700848744
368 2.443111702398433
369 2.443111702398433
370 2.8792771434088222
371 2.8792771434088222
372 2.047092183427494
373 2.047092183427494
374 3.2254635883747644
375 3.2254635883747644
376 3.5641182261473676
377 3.5641182261473676
378 1.7840548075511906
379 1.7840548075511906
380 1.9282773338373413
381 1.9282773338373413
382 3.167771590107534
383 3.167771590107534
384 3.651776139486137
385 3.651776139486137
386 2.5540465042125664
387 2.5540465042125664
388 2.1250060132653315
389 2.1250060132653315
390 2.2662449857626097
391 2.2662449857626097
392 1.8679461919465994
393 1.8679461919465994
394 1.2745466149995865
395 1.2745466149995865
396 6.594824689512058
397 6.594824689512058
398 2.3319078901528245
399 2.3319078901528245
400 1.4532683985881785
401 5.117359399222558
402 5.117359399222558
403 3.148683846373996
404 3.148683846373996
405 2.6672753927786688
406 2.6672753927786688
407 5.40102401564951
408 5.40102401564951
409 1.948303451437461
410 1.948303451437461
411 1.232970767324335
412 1.232970767324335
413 3.8045130373549765
414 3.8045130373549765
415 4.016275305034315
416 4.016275305034315
417 2.4337340279199298
418 2.4337340279199298
419 3.4508345667585445
420 3.4508345667585445
421 4.0935266829573
422 4.0935266829573
423 4.2408330105702285
424 4.2408330105702285
425 5.310344021080165
426 5.310344021080165
427 5.495793674515364
428 5.495793674515364
429 4.862872179877101
430 4.862872179877101
431 1.9896504573107414
432 1.9896504573107414
433 7.417747753638067
434 7.417747753638067
435 5.063755075556575
436 5.063755075556575
437 2.7181520737724068
438 2.7181520737724068
439 4.6481817344899286
440 4.6481817344899286
441 2.0235960286261196
442 2.0235960286261196
443 5.865392818614284
444 5.865392818614284
445 4.51217746990654
446 4.51217746990654
447 3.081909462641806
448 3.081909462641806
449 1.2125723665357122
450 1.2125723665357122
451 3.92115963474068
452 3.92115963474068
453 5.852847090664715
454 5.852847090664715
455 4.102056369439761
456 4.102056369439761
457 3.56148693488825
458 3.56148693488825
459 1.3915320883894151
460 1.3915320883894151
461 3.1761159030713615
462 3.1761159030713615
463 1.6794421313580856
464 1.6794421313580856
465 1.3422989399188592
466 1.3422989399188592
467 2.3524269576622694
468 2.3524269576622694
469 2.2385019390062757
470 2.2385019390062757
471 2.760576085404685
472 2.760576085404685
473 4.045504066855934
474 4.045504066855934
475 5.874026923776185
476 5.874026923776185
477 3.936422024722317
478 3.936422024722317
479 3.971770893247547
480 3.971770893247547
481 3.870084118448627
482 3.870084118448627
483 4.281956666849547
484 4.281956666849547
485 6.43372572386836
486 6.43372572386836
487 4.545003975515937
488 4.545003975515937
489 3.433648503994391
490 3.433648503994391
491 2.6174952536310947
492 2.6174952536310947
493 4.88337551756875
494 4.88337551756875
495 3.553012454915424
496 3.553012454915424
497 1.4729974760493736
498 1.4729974760493736
499 0.8046802761453575
500 0.8046802761453575
501 3.134439813716546
502 3.134439813716546
503 3.92591934157475
504 3.92591934157475
505 3.296388937244335
506 3.296388937244335
507 3.4048719986836855
508 3.4048719986836855
509 3.5994802485290713
510 3.5994802485290713
511 2.708834088995227
512 2.708834088995227
513 0.1
514 0.1
515 2.786765390600834
516 2.786765390600834
517 4.937101472328855
518 4.937101472328855
519 3.5442943212958467
520 3.5442943212958467
521 3.9993938676829823
522 3.9993938676829823
523 1.873587942575838
524 1.873587942575838
525 1.6723474172360484
526 1.6723474172360484
527 1.9203595166386385
528 1.9203595166386385
529 3.6580611364887696
530 3.6580611364887696
531 2.917966912848525
532 2.917966912848525
533 1.9986514169498575
534 1.9986514169498575
535 3.5467428231937523
536 1.3360424995426428
537 1.3360424995426428
538 0.9325592691603086
539 0.9325592691603086
540 1.0650538082332845
541 1.0650538082332845
542 1.8074037776565346
543 1.8074037776565346
544 1.6322100216469984
545 1.6322100216469984
546 0.12697612447845352
547 0.12697612447845352
548 0.1
549 0.1
550 0.21163736063812114
551 0.21163736063812114
552 0.1
553 0.1
554 0.16275206681204654
555 0.16275206681204654
556 0.23960665772107426
557 0.23960665772107426
558 0.22631357788940556
559 0.22631357788940556
560 0.128316546429988
561 0.128316546429988
562 0.28496199118367826
563 0.28496199118367826
564 0.11963181075066232
565 0.11963181075066232
566 0.24249065954683996
567 0.24249065954683996
568 0.1666909369176307
569 0.1666909369176307
570 0.2643025247461677
571 0.2643025247461677
572 1.1509021611853925
573 1.1509021611853925
574 1.1620387441372995
575 1.1620387441372995
576 2.1602216525728912
577 2.1602216525728912
578 1.466629119140967
579 1.466629119140967
580 1.3936360168023756
581 1.3936360168023756
582 1.0722241788432958
583 1.0722241788432958
584 0.7686575038925916
585 0.7686575038925916
586 0.6176807706702669
587 0.6176807706702669
588 1.256244562593408
589 1.256244562593408
590 0.9618886290981749
591 0.9618886290981749
592 1.2014422520697305
593 1.2014422520697305
594 1.514714211705788
595 1.514714211705788
596 0.6727942171978856
597 0.6727942171978856
598 0.8892549257419182
599 0.8892549257419182
600 1.6675474469582443
601 1.6675474469582443
602 1.0177980526757442
603 1.0177980526757442
604 1.399181170391418
605 1.399181170391418
606 1.2366258080351407
607 1.2366258080351407
608 1.2316857967173354
609 1.2316857967173354
610 1.531289527346174
611 1.531289527346174
612 0.9246277567623056
613 0.9246277567623056
614 0.3293813738619782
615 0.3293813738619782
616 1.4066795430218857
617 1.4066795430218857
618 0.30530244910667814
619 0.30530244910667814
620 0.8385166840894309
621 0.8385166840894309
622 0.44842885263887267
623 0.44842885263887267
624 0.4449906843038849
625 0.4449906843038849
626 1.423826835193308
627 1.423826835193308
628 1.4588328596916031
629 1.4588328596916031
630 1.6573081138980967
631 1.6573081138980967
632 1.680792170869491
633 1.680792170869491
634 1.477153797063437
635 1.477153797063437
636 1.0106735279148888
637 1.0106735279148888
638 1.1426595780708144
639 1.1426595780708144
640 1.7053021073034986
641 1.7053021073034986
642 1.1590218055997155
643 1.1590218055997155
644 0.3358038341025831
645 0.3358038341025831
646 0.7251255048348388
647 0.7251255048348388
648 0.5241027693821854
649 0.1532401156383633
650 0.1532401156383633
651 0.1
652 0.1
653 0.1133677002829767
654 0.1133677002829767
655 0.25137945027557074
656 0.25137945027557074
657 0.1
658 0.1
659 0.23515028276275451
660 0.23515028276275451
661 0.18996137108603214
662 0.18996137108603214
663 0.23753920027381822
664 0.23753920027381822
665 0.2826389388022044
666 0.2826389388022044
667 0.2337925400014513
668 0.2337925400014513
669 0.21599293455487215
670 0.21599293455487215
671 0.2745041273165371
672 0.2745041273165371
673 0.30048109801249345
674 0.30048109801249345
675 0.18801346965787347
676 0.18801346965787347
677 0.23313704059513876
678 0.23313704059513876
679 0.18811223055548673
680 0.18811223055548673
681 0.160693728041372
682 0.160693728041372
683 0.1
684 0.1
685 0.138143289420887
686 0.138143289420887
687 0.22202160310095898
688 0.22202160310095898
689 0.17238776249331697
690 0.17238776249331697
691 0.265593702688935
692 0.265593702688935
693 0.40120509114534
694 0.40120509114534
695 0.2054321941217303
696 0.2054321941217303
697 0.1
698 0.1
699 0.2634274174152516
700 0.2634274174152516
701 0.3312836078146534
702 0.3312836078146534
703 0.2282599834893611
704 0.2282599834893611
705 1.2018734702862157
706 1.2018734702862157
707 0.6459898589541908
708 0.6459898589541908
709 1.2425798510408357
710 1.2425798510408357
711 0.4908691021288438
712 0.4908691021288438
713 1.228746967674894
714 1.228746967674894
715 0.5866122178489027
716 0.5866122178489027
717 1.4421904547201285
718 1.4421904547201285
719 1.0701860241018386
720 1.0701860241018386
721 1.3889579515019679
722 1.3889579515019679
723 0.997572173674774
724 0.997572173674774
725 1.2702657926695171
726 1.2702657926695171
727 1.2816734948137145
728 1.2816734948137145
729 0.5178601531507196
730 0.5178601531507196
731 0.8009731054079918
732 0.8009731054079918
733 1.4042969794576137
734 1.4042969794576137
735 0.3975973244329064
736 0.3975973244329064
737 1.6155120869513557
738 1.6155120869513557
739 1.4147669067001032
740 1.4147669067001032
741 0.9803978463640619
742 0.9803978463640619
743 1.535764417931787
744 1.535764417931787
745 1.2540542652905373
746 1.2540542652905373
747 0.7779155450637769
748 0.7779155450637769
749 1.5249528410174473
750 1.5249528410174473
751 1.37020936067143
752 1.37020936067143
753 0.4407515910232992
754 0.4407515910232992
755 1.5347962281575103
756 1.5347962281575103
757 0.49988434972768614
758 0.49988434972768614
759 0.8781518241817496
760 0.8781518241817496
761 0.6614601695870626
762 0.6614601695870626
763 1.3903446117268137
764 1.3903446117268137
765 1.1169490673105398
766 1.1169490673105398
767 2.0548553563330905
768 2.0548553563330905
769 1.166679895038522
770 1.166679895038522
771 1.441846435574654
772 1.441846435574654
773 1.541573920378669
774 1.541573920378669
775 2.2519368140649862
776 2.2519368140649862
777 1.661553100511321
778 1.661553100511321
779 1.3813963447604456
780 1.3813963447604456
781 0.451521624854638
782 0.451521624854638
783 1.072409940802205
784 1.072409940802205
785 2.492493627833535
786 2.492493627833535
787 2.523362755190857
788 2.523362755190857
789 2.291578497989426
790 2.291578497989426
791 3.825783490443983
792 3.825783490443983
793 4.268292809347878
794 4.268292809347878
795 0.27691529115570246
796 0.27691529115570246
797 1.6674097307403004
798 1.6674097307403004
799 7.035564577671184
800 7.035564577671184
801 2.8146789402194337
802 2.8146789402194337
803 4.737326107067444
804 4.737326107067444
805 0.458137402138981
806 0.458137402138981
807 2.139891829883795
808 2.139891829883795
809 4.381305726581851
810 4.381305726581851
811 6.337639275237171
812 6.337639275237171
813 4.174168595779905
814 4.174168595779905
815 1.9908229128215063
816 1.9908229128215063
817 3.2964953045437806
818 3.2964953045437806
819 3.1029702470379092
820 2.6087984875855366
821 2.6087984875855366
822 2.7752024432972124
823 2.7752024432972124
824 1.6025127252722222
825 1.6025127252722222
826 2.0929582260544013
827 2.0929582260544013
828 1.1079474000953093
829 1.1079474000953093
830 3.5940878583176374
831 3.5940878583176374
832 0.1
833 0.1
834 0.7310174504674534
835 0.7310174504674534
836 1.2155761123597117
837 1.2155761123597117
838 0.6194450378098786
839 0.6194450378098786
840 2.075931946274655
841 2.075931946274655
842 1.8258554843129238
843 1.8258554843129238
844 2.9854696049880123
845 2.9854696049880123
846 1.526073061390747
847 1.526073061390747
848 2.413650856167643
849 2.413650856167643
850 1.1075562690887117
851 1.1075562690887117
852 1.8919802343144603
853 1.8919802343144603
854 2.4742611766251885
855 2.4742611766251885
856 1.0289243758619648
857 1.0289243758619648
858 1.1816114629709262
859 1.1816114629709262
860 0.5859282402067703
861 0.5859282402067703
862 1.8869386602591793
863 1.8869386602591793
864 1.6778822408537044
865 1.6778822408537044
866 2.28025099354832
867 2.28025099354832
868 1.8369782982677345
869 1.8369782982677345
870 0.40520931056498233
871 0.40520931056498233
872 2.1301341942415757
873 2.1301341942415757
874 3.92858658483465
875 3.92858658483465
876 2.7874763852328535
877 2.7874763852328535
878 0.35342943893620804
879 0.35342943893620804
880 3.2214797266503954
881 3.2214797266503954
882 2.9048820798295245
883 1.6479317623568048
884 1.6479317623568048
885 2.122339708386103
886 2.122339708386103
887 1.585905173386538
888 1.585905173386538
889 1.5391433451608483
890 1.5391433451608483
891 1.1214461628997927
892 1.1214461628997927
893 0.1
894 0.1
895 0.3550125660105383
896 0.3550125660105383
897 1.5275363873196075
898 1.5275363873196075
899 0.3832650546262266
900 0.3832650546262266
901 1.6252202080574223
902 1.6252202080574223
903 2.369718805049255
904 2.369718805049255
905 1.2282650779593431
906 1.2282650779593431
907 2.6560126739081875
908 2.6560126739081875
909 2.181349578065432
910 2.181349578065432
911 0.5919736297684632
912 0.5919736297684632
913 1.3090572704258017
914 1.3090572704258017
915 2.709913365896732
916 2.709913365896732
917 1.4878809077984545
918 1.4878809077984545
919 2.4950342612683754
920 2.4950342612683754
921 0.9370077921100013
922 0.9370077921100013
923 1.1664863901032134
924 1.1664863901032134
925 1.3517856714653103
926 1.3517856714653103
927 1.6724308776786896
928 1.6724308776786896
929 3.0418755586761095
930 3.0418755586761095
931 1.8355028371607423
932 1.8355028371607423
933 2.3716965334684454
934 2.3716965334684454
935 2.589165355365348
936 2.589165355365348
937 2.5302522540575887
938 2.5302522540575887
939 1.6346358882082106
940 1.6346358882082106
941 0.3027839711484537
942 0.3027839711484537
943 1.8626829374333376
944 1.8626829374333376
945 2.1333960534882097
946 2.1333960534882097
947 1.855668856245673
948 1.855668856245673
949 0.6353423605125581
950 0.6353423605125581
951 0.9026928413217938
952 0.9026928413217938
953 1.5989099409510188
954 1.5989099409510188
955 1.5762647870350581
956 1.5762647870350581
957 1.951913393033381
958 1.951913393033381
959 2.146675635082077
960 2.146675635082077
961 1.3743524921269052
962 1.3743524921269052
963 0.22715253467649799
964 0.22715253467649799
965 1.1823146901687194
966 1.1823146901687194
967 1.500677661899227
968 1.500677661899227
969 1.038251090192832
970 1.038251090192832
971 1.71879129278984
972 1.71879129278984
973 1.4861448580280372
974 1.4861448580280372
975 1.702897643043437
976 1.702897643043437
977 1.5960807005157178
978 1.5960807005157178
979 0.25572313958261317
980 0.25572313958261317
981 2.0019535700674695
982 2.0019535700674695
983 1.4310195688114533
984 1.4310195688114533
985 0.4407149842259648
986 0.4407149842259648
987 3.0771166919445743
988 3.0771166919445743
989 1.5063529320218463
990 1.5063529320218463
991 3.123161937737598
992 3.123161937737598
993 1.8702135642412991
994 1.8702135642412991
995 1.6575348359698343
996 1.6575348359698343
997 1.258769174796262
998 1.258769174796262
999 1.550894747045385
1000 1.550894747045385
1001 1.557026193971799
1002 1.557026193971799
1003 2.840047195629809
1004 2.840047195629809
1005 5.128474915114533
1006 5.128474915114533
1007 3.7412331897369566
1008 3.7412331897369566
1009 3.906205685495922
1010 3.906205685495922
1011 3.7020325613744807
1012 3.7020325613744807
1013 2.4729482343387903
1014 2.4729482343387903
1015 3.1598963198629475
1016 3.1598963198629475
1017 2.422268101910481
1018 2.422268101910481
1019 2.988627922198232
1020 2.988627922198232
1021 1.9988154436594616
1022 1.9988154436594616
1023 2.086928054633038
1024 2.086928054633038
1025 3.360305947810231
1026 3.360305947810231
1027 3.0293528627578725
1028 3.0293528627578725
1029 3.3462441353272814
1030 3.3462441353272814
1031 5.122395115467189
1032 5.122395115467189
1033 2.561024402203294
1034 2.561024402203294
1035 3.7214446764680753
1036 3.7214446764680753
1037 2.2404607034997026
1038 2.2404607034997026
1039 0.48156546110088616
1040 0.48156546110088616
1041 0.9085903430417073
1042 0.9085903430417073
1043 4.720733390138616
1044 4.720733390138616
1045 3.338854919279736
1046 3.338854919279736
1047 1.9358421523224734
1048 1.9358421523224734
1049 1.4496512731476785
1050 1.4496512731476785
1051 4.352116934131806
1052 4.352116934131806
1053 3.5118925792894364
1054 3.5118925792894364
1055 2.7036405371768395
1056 2.7036405371768395
1057 4.771876730731968
1058 4.771876730731968
1059 2.6247499477383287
1060 2.6247499477383287
1061 3.3860670491634606
1062 3.3860670491634606
1063 3.6092384501473647
1064 3.6092384501473647
1065 3.7707212270965615
1066 3.7707212270965615
1067 2.366429461904811
1068 2.366429461904811
1069 1.6945312641632388
1070 1.6945312641632388
1071 5.0610479909964905
1072 5.0610479909964905
1073 2.251449384413492
1074 2.251449384413492
1075 0.6738179084632998
1076 0.6738179084632998
1077 0.622129212612537
1078 0.622129212612537
1079 0.5828716742086623
1080 0.5828716742086623
1081 0.4392046134253631
1082 0.4392046134253631
1083 1.1130381131997482
1084 1.1130381131997482
1085 1.2132528268637828
1086 1.2132528268637828
1087 1.2884468738800867
1088 1.2884468738800867
1089 1.0451194535112718
1090 1.0451194535112718
1091 1.2775308230519964
1092 1.2775308230519964
1093 1.8373503533323379
1094 1.8373503533323379
1095 2.271974544645109
1096 2.271974544645109
1097 1.3034316671890873
1098 1.3034316671890873
1099 2.310219073861088
1100 2.310219073861088
1101 0.1
1102 0.1
1103 1.7810418480008487
1104 1.7810418480008487
1105 0.46791711798034996
1106 0.46791711798034996
1107 0.9655592180616438
1108 0.9655592180616438
1109 1.0068331555063308
1110 1.0068331555063308
1111 1.964675610871006
1112 4.981439196726989
1113 4.981439196726989
1114 5.5278711588082965
1115 5.5278711588082965
1116 5.998674281930912
1117 5.998674281930912
1118 6.0111403273740915
1119 6.0111403273740915
1120 1.5383639017820312
1121 1.5383639017820312
1122 2.530684022567862
1123 2.530684022567862
1124 2.569344935099405
1125 2.569344935099405
1126 4.055200366493545
1127 4.055200366493545
1128 4.410314326549025
1129 4.410314326549025
1130 3.4709670609579866
1131 3.4709670609579866
1132 6.246422573703439
1133 6.246422573703439
1134 3.6197972747974854
1135 3.6197972747974854
1136 5.793416466546594
1137 5.793416466546594
1138 3.858834445888772
1139 3.858834445888772
1140 2.9265679244117444
1141 2.9265679244117444
1142 5.553156851460571
1143 5.553156851460571
1144 2.2357449055525747
1145 2.2357449055525747
1146 5.790108085033406
1147 5.790108085033406
1148 2.437144951642825
1149 2.437144951642825
1150 2.935536076064601
1151 2.935536076064601
1152 3.418585573479934
1153 3.418585573479934
1154 2.257169124806857
1155 2.257169124806857
1156 3.8525639139357595
1157 3.8525639139357595
1158 0.3714575275708447
1159 0.3714575275708447
1160 3.6200036860643263
1161 3.6200036860643263
1162 3.270156978556189
1163 3.270156978556189
1164 2.129937773147339
1165 2.129937773147339
1166 3.4081641957727906
1167 3.4081641957727906
1168 4.997063435305451
1169 4.997063435305451
1170 3.66900698672997
1171 3.66900698672997
1172 3.8672104018743143
1173 3.8672104018743143
1174 3.1196001900424104
1175 3.1196001900424104
1176 3.075756298938273
1177 3.075756298938273
1178 3.3340487604424496
1179 3.3340487604424496
1180 2.9146953937931444
1181 2.9146953937931444
1182 4.341444371457214
1183 4.341444371457214
1184 2.670188263608814
1185 2.670188263608814
1186 5.229652037198485
1187 5.229652037198485
1188 1.620387723895599
1189 1.620387723895599
1190 1.971426294178982
1191 1.971426294178982
1192 3.3988852663670164
1193 3.3988852663670164
1194 2.793050289829912
1195 2.793050289829912
1196 4.113236560864606
1197 4.113236560864606
1198 2.921670488654138
1199 2.921670488654138
1200 1.9619892639083116
1201 1.9619892639083116
1202 3.315161711424155
1203 3.315161711424155
1204 4.609979675954407
1205 3.5082620195068652
1206 3.5082620195068652
1207 3.7916451501945745
1208 3.7916451501945745
1209 2.3511384103279744
1210 2.3511384103279744
1211 6.140422349954232
1212 6.140422349954232
1213 3.5561311025683926
1214 3.5561311025683926
1215 1.4981675683714584
1216 1.4981675683714584
1217 3.2883138239417455
1218 3.2883138239417455
1219 6.098486612900228
1220 6.098486612900228
1221 6.399921822251252
1222 6.399921822251252
1223 7.874531648885706
1224 7.874531648885706
1225 0.6407009237795576
1226 0.6407009237795576
1227 3.1823498594175597
1228 3.1823498594175597
1229 4.329880207468758
1230 4.329880207468758
1231 3.4913710674699883
1232 3.4913710674699883
1233 2.002207139478198
1234 2.002207139478198
1235 1.7778376865218521
1236 1.7778376865218521
1237 5.391954746432171
1238 5.391954746432171
1239 4.989760993375187
1240 4.989760993375187
1241 2.124168635683948
1242 2.124168635683948
1243 4.85548292544817
1244 4.85548292544817
1245 5.937797748094551
1246 5.937797748094551
1247 4.600902419420254
1248 4.600902419420254
1249 5.425803755161496
1250 5.425803755161496
1251 6.5081613532341915
1252 6.5081613532341915
1253 3.887396474767916
1254 3.887396474767916
1255 3.6111150678711086
1256 3.6111150678711086
1257 4.974210336488375
1258 4.974210336488375
1259 4.219043964753991
1260 4.219043964753991
1261 1.0329505469802265
1262 1.0329505469802265
1263 3.0226861809055814
1264 3.0226861809055814
1265 3.413031008993716
1266 3.413031008993716
1267 3.22263434088402
1268 3.22263434088402
1269 4.064402311083852
1270 4.064402311083852
1271 1.5640838387141422
1272 1.5640838387141422
1273 0.1
1274 0.1
1275 6.577423343316456
1276 6.577423343316456
1277 2.432883806851657
1278 2.432883806851657
1279 4.034459601489965
1280 4.034459601489965
1281 2.065007011076719
1282 2.065007011076719
1283 7.723897914883903
1284 7.723897914883903
1285 5.406258749502447
1286 5.406258749502447
1287 3.986342387475956
1288 3.986342387475956
1289 3.4100690541698975
1290 3.4100690541698975
1291 3.6529450838514608
1292 3.6529450838514608
1293 4.644188235199499
1294 4.644188235199499
1295 7.090546074574623
1296 7.090546074574623
1297 6.8944769918588555
1298 6.8944769918588555
1299 5.034132733069936
1300 5.034132733069936
1301 3.6218676617147976
1302 3.6218676617147976
1303 6.567827610949535
1304 6.567827610949535
1305 3.7431260364341603
1306 3.7431260364341603
1307 0.8267572374160383
1308 0.8267572374160383
1309 1.2772666081146749
1310 1.2772666081146749
1311 0.15072577921594987
1312 0.15072577921594987
1313 1.2879875655585564
1314 1.2879875655585564
1315 2.196731618136466
1316 2.196731618136466
1317 1.3586736563144326
1318 1.3586736563144326
1319 1.835752958723433
1320 1.835752958723433
1321 1.1854107872396529
1322 1.1854107872396529
1323 2.2358130842960744
1324 2.2358130842960744
1325 1.944690043001423
1326 1.944690043001423
1327 0.7265688970074313
1328 0.7265688970074313
1329 0.9558384116355851
1330 0.9558384116355851
1331 1.024617104573973
1332 1.024617104573973
1333 0.6141809881779943
1334 0.6141809881779943
1335 0.6249029168309308
1336 0.6249029168309308
1337 1.6050176394012594
1338 1.6050176394012594
1339 0.9150285762972734
1340 0.9150285762972734
1341 0.1
1342 0.1
1343 1.114179584760351
1344 1.114179584760351
1345 1.1630593269684297
1346 1.1630593269684297
1347 2.147593784494863
1348 2.147593784494863
1349 1.479576177353985
1350 1.479576177353985
1351 1.2074116486464601
1352 1.2074116486464601
1353 0.9699282296280818
1354 0.9699282296280818
1355 1.5487238481238372
1356 1.5487238481238372
1357 1.6284339455638892
1358 1.6284339455638892
1359 1.7366083278064444
1360 1.7366083278064444
1361 1.4496068732311207
1362 1.4496068732311207
1363 1.4082609980818561
1364 4.924194393439983
1365 4.924194393439983
1366 0.628557430435973
1367 0.628557430435973
1368 0.7374973032279002
1369 0.7374973032279002
1370 0.8169100257835686
1371 0.8169100257835686
1372 0.1
1373 0.1
1374 0.8070111891503915
1375 0.8070111891503915
1376 0.7320887520709438
1377 0.7320887520709438
1378 1.0792846100179603
1379 1.0792846100179603
1380 0.6196022112933575
1381 0.6196022112933575
1382 0.7783266108108083
1383 0.7783266108108083
1384 0.20179522886701284
1385 0.20179522886701284
1386 0.4041235320686038
1387 0.4041235320686038
1388 0.3806539127005398
1389 0.3806539127005398
1390 0.5804175137176377
1391 0.5804175137176377
1392 0.5709014188955479
1393 0.5709014188955479
1394 0.6772363128783081
1395 0.6772363128783081
1396 0.583045212544127
1397 0.583045212544127
1398 0.48373083245399173
1399 0.48373083245399173
1400 0.17608996003521654
1401 0.17608996003521654
1402 1.085655240185133
1403 1.085655240185133
1404 0.26037459750752917
1405 0.26037459750752917
1406 0.7354636167220902
1407 0.7354636167220902
1408 0.4555896271506523
1409 0.4555896271506523
1410 0.959543745389902
1411 0.959543745389902
1412 0.5330642235227063
1413 0.5330642235227063
1414 1.58536128753975
1415 1.58536128753975
1416 0.6765176959934499
1417 0.6765176959934499
1418 0.5039396729304888
1419 0.5039396729304888
1420 0.6636607501220518
1421 0.6636607501220518
1422 0.6856671406973299
1423 0.6856671406973299
1424 0.32513427203212697
1425 0.6748618699917
1426 0.6748618699917
1427 1.1506631306438615
1428 1.1506631306438615
1429 1.2150452359907244
1430 1.2150452359907244
1431 0.9502640755994809
1432 0.9502640755994809
1433 1.439120653222065
1434 1.439120653222065
1435 1.5393286847341168
1436 1.5393286847341168
1437 1.3945970784231085
1438 1.3945970784231085
1439 1.1890478676800442
1440 1.1890478676800442
1441 1.032620150933513
1442 1.032620150933513
1443 1.7590255106871335
1444 1.7590255106871335
1445 1.2855746936478516
1446 1.2855746936478516
1447 0.860011132062712
1448 0.860011132062712
1449 0.8839035663773123
1450 0.8839035663773123
1451 1.1096447146640551
1452 1.1096447146640551
1453 1.0031553284475287
1454 1.0031553284475287
1455 0.9655696606237271
1456 0.9655696606237271
1457 1.4188051523175447
1458 1.4188051523175447
1459 0.5771708763166744
1460 0.5771708763166744
1461 0.8583344426889294
1462 0.8583344426889294
1463 1.008653571529543
1464 1.008653571529543
1465 0.5583652241173397
1466 0.5583652241173397
1467 0.1822302711434698
1468 0.1822302711434698
1469 1.7527971049558764
1470 1.7527971049558764
1471 0.6253537120638102
1472 0.6253537120638102
1473 0.7898069754127373
1474 0.7898069754127373
1475 0.7539166130515738
1476 0.7539166130515738
1477 1.3787251935686367
1478 1.3787251935686367
1479 1.1962080600251368
1480 1.1962080600251368
1481 1.3580202637740202
1482 1.3580202637740202
1483 1.3587558461402427
1484 1.3587558461402427
1485 0.5517356640624459
1486 0.5517356640624459
1487 2.0474130665684824
1488 2.0474130665684824
1489 1.633208183975131
1490 1.633208183975131
1491 1.3351774570134183
1492 1.3351774570134183
1493 1.2916656407825786
1494 1.2916656407825786
1495 1.4821409099491198
1496 1.4821409099491198
1497 0.6291112469260527
1498 0.6291112469260527
1499 0.3721675247681192
1500 0.3721675247681192
1501 0.5001213555629681
1502 0.5001213555629681
1503 0.4158706618337822
1504 0.4158706618337822
1505 0.6729999174362093
1506 0.6729999174362093
1507 0.596222690250247
1508 0.596222690250247
1509 1.2426773173759158
1510 1.2426773173759158
1511 1.659610036535493
1512 1.659610036535493
1513 0.7907125641905455
1514 0.7907125641905455
1515 3.991584347944142
1516 3.991584347944142
1517 4.8237547090045165
1518 4.8237547090045165
1519 0.311266628361055
1520 0.311266628361055
1521 3.7197775922136334
1522 3.7197775922136334
1523 4.520034090204394
1524 4.520034090204394
1525 4.143672724684226
1526 4.143672724684226
1527 2.3007346420334676
1528 2.3007346420334676
1529 5.483278295160089
1530 5.483278295160089
1531 0.6919844167927257
1532 0.6919844167927257
1533 0.5672556915498511
1534 0.5672556915498511
1535 0.7934691650486987
1536 0.7934691650486987
1537 0.8267517639352395
1538 0.8267517639352395
1539 0.6168209066841078
1540 0.6168209066841078
1541 0.5358539113108335
1542 0.5358539113108335
1543 0.47593886531410867
1544 0.47593886531410867
1545 0.464703528392386
1546 0.464703528392386
1547 1.1479967407436458
1548 1.1479967407436458
1549 1.098579096144116
1550 1.098579096144116
1551 1.1065625193409334
1552 1.1065625193409334
1553 1.4229910466805067
1554 1.4229910466805067
1555 0.523539034462937
1556 0.523539034462937
1557 0.4757542486548164
1558 0.4757542486548164
1559 0.7499855012587703
1560 0.7499855012587703
1561 0.7201147040020993
1562 0.7201147040020993
1563 0.49043390548012133
1564 0.49043390548012133
1565 1.0581197127324091
1566 1.0581197127324091
1567 0.6922204340597717
1568 0.6922204340597717
1569 1.0697401637905766
1570 1.0697401637905766
1571 0.8536119893364194
1572 0.8536119893364194
1573 0.9158529370296874
1574 0.9158529370296874
1575 0.14852206054915063
1576 0.14852206054915063
1577 0.7620616819868772
1578 0.7620616819868772
1579 0.6497790636747545
1580 0.6497790636747545
1581 0.8848150112750429
1582 0.8848150112750429
1583 0.738874095170395
1584 0.738874095170395
1585 0.8927717906978742
1586 0.8927717906978742
1587 0.8667571997960286
1588 0.8667571997960286
1589 0.646560512613511
1590 0.646560512613511
1591 0.6734289548751825
1592 0.6734289548751825
1593 0.612720993016264
1594 1.2219135561271486
1595 1.2219135561271486
1596 1.5775985419921805
1597 1.5775985419921805
1598 3.351092831923112
1599 3.351092831923112
1600 1.5149402469061313
1601 1.5149402469061313
1602 2.4004346325401213
1603 2.4004346325401213
1604 2.1114586353819487
1605 2.1114586353819487
1606 2.7192328063406364
1607 2.7192328063406364
1608 1.921595508706536
1609 1.921595508706536
1610 4.418228943413807
1611 4.418228943413807
1612 2.3747794795730495
1613 2.3747794795730495
1614 2.9949423793452956
1615 2.9949423793452956
1616 2.720621099426923
1617 2.720621099426923
1618 3.1560987007643826
1619 3.1560987007643826
1620 3.7324546429033063
1621 3.7324546429033063
1622 1.405406186003748
1623 1.405406186003748
1624 2.9795113832731865
1625 2.9795113832731865
1626 2.8256175122649756
1627 2.8256175122649756
1628 2.347959873756821
1629 2.347959873756821
1630 2.072599377155068
1631 2.072599377155068
1632 2.0444076760251457
1633 2.0444076760251457
1634 5.304928764844671
1635 5.304928764844671
1636 0.8981319418611395
1637 0.8981319418611395
1638 1.79893946776344
1639 1.79893946776344
1640 2.724797580001294
1641 2.724797580001294
1642 3.7989801904896296
1643 3.7989801904896296
1644 2.708175182263093
1645 2.708175182263093
1646 4.7212595457865465
1647 4.7212595457865465
1648 4.146799461088655
1649 4.146799461088655
1650 1.5431697802330402
1651 1.5431697802330402
1652 2.8485906023336653
1653 2.8485906023336653
1654 1.7864913838267888
1655 1.7864913838267888
1656 2.543179423849627
1657 2.543179423849627
1658 2.0045279890747993
1659 2.0045279890747993
1660 2.8245580551828273
1661 2.8245580551828273
1662 2.045475421965381
1663 2.045475421965381
1664 2.8313527843562434
1665 2.8313527843562434
1666 2.626161976460153
1667 2.626161976460153
1668 3.188418484397794
1669 3.188418484397794
1670 3.188308625943133
1671 3.188308625943133
1672 1.7316940080961791
1673 1.7316940080961791
1674 2.1533300658258563
1675 2.1533300658258563
1676 1.164513458279368
1677 1.164513458279368
1678 2.219972381560778
1679 2.219972381560778
1680 2.545379997707688
1681 2.545379997707688
1682 3.028094084124628
1683 3.028094084124628
1684 1.7068572746307247
1685 1.7068572746307247
1686 0.1
1687 0.1
1688 3.240007506479481
1689 3.240007506479481
1690 1.7542464081288265
1691 1.7542464081288265
1692 3.831953596567455
1693 3.831953596567455
1694 3.265300253719232
1695 3.265300253719232
1696 3.030950751755957
1697 3.030950751755957
1698 1.925790035305124
1699 1.925790035305124
1700 3.9707382832370994
1701 3.9707382832370994
1702 0.6604267874998455
1703 0.6604267874998455
1704 2.232150234447248
1705 2.232150234447248
1706 2.7984729512184314
1707 2.7984729512184314
1708 4.7040565538200525
1709 4.7040565538200525
1710 3.2465581557406322
1711 3.2465581557406322
1712 3.1039283902223387
1713 3.6688646354383647
1714 3.6688646354383647
1715 0.18755786912526062
1716 0.18755786912526062
1717 6.146847497000468
1718 6.146847497000468
1719 5.827489375441991
1720 5.827489375441991
1721 4.8635699263630645
1722 4.8635699263630645
1723 7.566651043983183
1724 7.566651043983183
1725 4.3023160075154205
1726 4.3023160075154205
1727 4.42279534212514
1728 4.42279534212514
1729 4.593142423616874
1730 4.593142423616874
1731 3.621347356470001
1732 3.621347356470001
1733 4.142744868366957
1734 4.142744868366957
1735 5.196966225519006
1736 5.196966225519006
1737 6.590466944369124
1738 6.590466944369124
1739 6.537914216600303
1740 6.537914216600303
1741 4.7216362453240555
1742 4.7216362453240555
1743 3.378770364590969
1744 3.378770364590969
1745 6.34336818223389
1746 6.34336818223389
1747 2.4185837173716234
1748 2.4185837173716234
1749 5.52310795986614
1750 5.52310795986614
1751 4.204251610659859
1752 4.204251610659859
1753 2.8539578241410286
1754 2.8539578241410286
1755 0.1
1756 0.1
1757 5.525999161460837
1758 5.525999161460837
1759 2.797992103754784
1760 2.797992103754784
1761 5.421211408669316
1762 5.421211408669316
1763 7.30404663174484
1764 2.190896746160996
1765 2.190896746160996
1766 1.9721360848630827
1767 1.9721360848630827
1768 1.9010521593111986
1769 1.9010521593111986
1770 3.7787767024201218
1771 3.7787767024201218
1772 2.2295656477592853
1773 2.2295656477592853
1774 2.8293309950682883
1775 2.8293309950682883
1776 2.0079739199826747
1777 2.0079739199826747
1778 2.4813267908876386
1779 2.4813267908876386
1780 2.4975267312793705
1781 2.4975267312793705
1782 1.3670029067997809
1783 1.3670029067997809
1784 1.595645192904157
1785 1.595645192904157
1786 2.181758078694542
1787 2.181758078694542
1788 2.282106511426707
1789 2.282106511426707
1790 2.0432817046068936
1791 2.0432817046068936
1792 2.5417325484087625
1793 2.5417325484087625
1794 3.216034777438246
1795 3.216034777438246
1796 1.252698680252157
1797 1.252698680252157
1798 2.098756750090823
1799 2.098756750090823
1800 3.5071175325919763
1801 3.5071175325919763
1802 2.3041858236570176
1803 2.3041858236570176
1804 3.2155208046693713
1805 3.2155208046693713
1806 1.3158023591614214
1807 1.3158023591614214
1808 2.754569417715117
1809 2.754569417715117
1810 2.737282375501088
1811 2.737282375501088
1812 3.430048554463464
1813 3.430048554463464
1814 2.3725632621862722
1815 2.3725632621862722
1816 2.8764528088113717
1817 2.8764528088113717
1818 4.833379339832083
1819 4.833379339832083
1820 3.0333169603232273
1821 3.0333169603232273
1822 2.887663555981479
1823 2.887663555981479
1824 3.2045883370563772
1825 3.2045883370563772
1826 4.07277299846608
1827 4.07277299846608
1828 2.002502277188279
1829 2.002502277188279
1830 2.4731497416996033
1831 2.4731497416996033
1832 3.1801080804973925
1833 3.1801080804973925
1834 1.3131325080877956
1835 1.3131325080877956
1836 0.1
1837 0.1
1838 3.2199483718525315
1839 3.2199483718525315
1840 1.439243900861393
1841 1.439243900861393
1842 4.102621555354417
1843 4.102621555354417
1844 2.975460126387573
1845 2.975460126387573
1846 2.059409004946967
1847 2.059409004946967
1848 1.7831820498834152
1849 1.7831820498834152
1850 3.3928999165139633
1851 3.3928999165139633
1852 2.2772011605957623
1853 2.2772011605957623
1854 2.591356120110198
1855 2.591356120110198
1856 1.325179038053673
1857 1.325179038053673
1858 3.369464821597581
1859 3.369464821597581
1860 1.6338214059880576
1861 1.6338214059880576
1862 3.2859034862686496
1863 3.2859034862686496
1864 1.9773314016757917
1865 1.9773314016757917
1866 3.2984034243257216
1867 3.2984034243257216
1868 2.1109161617214793
1869 2.1109161617214793
1870 1.0003905060432048
1871 1.0003905060432048
1872 4.492858372460807
1873 4.492858372460807
1874 3.7120736964787833
1875 3.7120736964787833
1876 2.599486739854813
1877 2.599486739854813
1878 1.4979567517365582
1879 1.4979567517365582
1880 2.4932005138959523
1881 0.9060902970633815
1882 0.9060902970633815
1883 0.6200291004849401
1884 0.6200291004849401
1885 1.6801859142165299
1886 1.6801859142165299
1887 1.2799897419838442
1888 1.2799897419838442
1889 1.2372642477037183
1890 1.2372642477037183
1891 0.781336456985105
1892 0.781336456985105
1893 1.6759034992475954
1894 1.6759034992475954
1895 1.242060152177083
1896 1.242060152177083
1897 1.4174266705281526
1898 1.4174266705281526
1899 1.6846240301105952
1900 1.6846240301105952
1901 0.5560880784952288
1902 0.5560880784952288
1903 1.2985579967480485
1904 1.2985579967480485
1905 1.1700760809717514
1906 1.1700760809717514
1907 1.484910564469848
1908 1.484910564469848
1909 0.7432481127835008
1910 0.7432481127835008
1911 0.9559203504583622
1912 0.9559203504583622
1913 1.422175505484657
1914 1.422175505484657
1915 0.6511481008368009
1916 0.6511481008368009
1917 1.269022678806076
1918 1.269022678806076
1919 1.3583799793805351
1920 1.3583799793805351
1921 1.5819752443830941
1922 1.5819752443830941
1923 1.3300110047907623
1924 1.3300110047907623
1925 0.1662501421416288
1926 0.1662501421416288
1927 1.66084705559234
1928 1.66084705559234
1929 1.4645909783268956
1930 1.4645909783268956
1931 1.1651124604261875
1932 3.0900669407828363
1933 3.0900669407828363
1934 5.054547236081276
1935 5.054547236081276
1936 2.524860820421263
1937 2.524860820421263
1938 1.8870893981235035
1939 1.8870893981235035
1940 4.658560472777438
1941 4.658560472777438
1942 2.9504273532129424
1943 2.9504273532129424
1944 3.885338000203168
1945 3.885338000203168
1946 3.75470654443107
1947 3.75470654443107
1948 4.942361010412272
1949 4.942361010412272
1950 4.770227993141987
1951 4.770227993141987
1952 5.516954910017585
1953 5.516954910017585
1954 3.629225416824155
1955 3.629225416824155
1956 1.2103672399139216
1957 1.2103672399139216
1958 1.8741698154757236
1959 1.8741698154757236
1960 2.048440171891497
1961 2.048440171891497
1962 2.5327901925735485
1963 2.5327901925735485
1964 1.4477102478535875
1965 1.4477102478535875
1966 3.761393672370094
1967 3.761393672370094
1968 1.7578248276752775
1969 5.307374892098606
1970 5.307374892098606
1971 1.8570160025984805
1972 1.8570160025984805
1973 3.0690103349842293
1974 3.0690103349842293
1975 3.800977651093236
1976 3.800977651093236
1977 1.3226824015209815
1978 1.3226824015209815
1979 4.524846927246802
1980 4.524846927246802
1981 5.015479602631015
1982 5.015479602631015
1983 4.255508111972335
1984 4.255508111972335
1985 3.1334910856486498
1986 3.1334910856486498
1987 0.1643052021542295
1988 0.1643052021542295
1989 3.329009474126899
1990 3.329009474126899
1991 3.1470371837692683
1992 3.1470371837692683
1993 4.214899830527593
1994 4.214899830527593
1995 2.128747913917599
1996 2.128747913917599
1997 2.7320393400697993
1998 2.7320393400697993
1999 3.8034691030066337
