0 0.8029135272266801
1 0.8029135272266801
2 0.8029135272266801
3 0.8029135272266801
4 0.8029135272266801
5 1.0696188720952877
6 1.0696188720952877
7 1.0696188720952877
8 1.0696188720952877
9 1.0696188720952877
10 0.3890293783260209
11 0.3890293783260209
12 3.3191160196254517
13 3.3191160196254517
14 3.3191160196254517
15 3.3191160196254517
16 3.3191160196254517
17 2.0620947505070317
18 2.0620947505070317
19 2.0620947505070317
20 2.0620947505070317
21 2.0620947505070317
22 0.8865431728756756
23 0.8865431728756756
24 0.8865431728756756
25 0.8865431728756756
26 0.8865431728756756
27 1.9398438790288988
28 1.9398438790288988
29 1.9398438790288988
30 1.9398438790288988
31 1.9398438790288988
32 2.2565797365705715
33 2.2565797365705715
34 2.2565797365705715
35 2.2565797365705715
36 2.2565797365705715
37 2.487388787234842
38 2.487388787234842
39 1.2348025045164317
40 1.2348025045164317
41 1.2348025045164317
42 1.2348025045164317
43 1.2348025045164317
44 2.094694718409732
45 2.094694718409732
46 2.094694718409732
47 2.094694718409732
48 2.094694718409732
49 1.5300591914481814
50 1.5300591914481814
51 1.5300591914481814
52 1.5300591914481814
53 1.5300591914481814
54 2.370793817416022
55 2.370793817416022
56 2.370793817416022
57 2.370793817416022
58 2.370793817416022
59 2.6116114579161707
60 2.6116114579161707
61 2.6116114579161707
62 2.6116114579161707
63 2.6116114579161707
64 1.8829513878288555
65 1.8829513878288555
66 1.8829513878288555
67 1.8829513878288555
68 1.8829513878288555
69 1.6432353369166017
70 1.6432353369166017
71 1.6432353369166017
72 1.6432353369166017
73 1.6432353369166017
74 0.6913949630599492
75 0.6913949630599492
76 0.6913949630599492
77 0.6913949630599492
78 0.6913949630599492
79 1.738013118136083
80 1.738013118136083
81 1.738013118136083
82 1.738013118136083
83 1.738013118136083
84 2.3636037247925765
85 2.3636037247925765
86 2.3636037247925765
87 2.3636037247925765
88 2.3636037247925765
89 2.2145016128460018
90 2.2145016128460018
91 2.2145016128460018
92 2.2145016128460018
93 2.2145016128460018
94 1.569809796960761
95 1.569809796960761
96 1.569809796960761
97 1.569809796960761
98 1.569809796960761
99 2.316671243602909
100 2.316671243602909
101 2.316671243602909
102 2.316671243602909
103 0.6587124050006339
104 0.6587124050006339
105 0.6587124050006339
106 0.6587124050006339
107 0.6587124050006339
108 4.448828410311755
109 4.448828410311755
110 4.448828410311755
111 4.448828410311755
112 4.448828410311755
113 3.4898796589303593
114 3.4898796589303593
115 3.4898796589303593
116 3.4898796589303593
117 3.4898796589303593
118 2.4466314752582528
119 2.4466314752582528
120 2.4466314752582528
121 2.4466314752582528
122 2.4466314752582528
123 2.897582097451817
124 2.897582097451817
125 2.897582097451817
126 2.897582097451817
127 2.897582097451817
128 3.70847913237592
129 3.70847913237592
130 3.70847913237592
131 3.70847913237592
132 3.70847913237592
133 3.8306848492235877
134 3.8306848492235877
135 3.8306848492235877
136 3.8306848492235877
137 3.8306848492235877
138 2.515151108560205
139 2.515151108560205
140 2.515151108560205
141 2.515151108560205
142 2.515151108560205
143 3.452874572604345
144 3.452874572604345
145 3.452874572604345
146 3.452874572604345
147 3.452874572604345
148 2.0092635271007175
149 2.0092635271007175
150 2.0092635271007175
151 2.0092635271007175
152 2.0092635271007175
153 4.3087146689183475
154 4.3087146689183475
155 4.3087146689183475
156 4.3087146689183475
157 4.3087146689183475
158 4.1005362597527535
159 4.1005362597527535
160 4.1005362597527535
161 4.1005362597527535
162 4.1005362597527535
163 4.59653908068146
164 4.59653908068146
165 4.59653908068146
166 4.59653908068146
167 4.59653908068146
168 3.6634469066477577
169 3.6634469066477577
170 3.6634469066477577
171 3.6634469066477577
172 3.6634469066477577
173 2.791081797280693
174 2.791081797280693
175 2.791081797280693
176 2.791081797280693
177 1.998297862163401
178 1.998297862163401
179 1.998297862163401
180 1.998297862163401
181 1.998297862163401
182 1.2560927663039512
183 1.2560927663039512
184 1.2560927663039512
185 1.2560927663039512
186 1.2560927663039512
187 2.8377472580619223
188 2.8377472580619223
189 2.8377472580619223
190 2.8377472580619223
191 2.8377472580619223
192 1.2494704541682191
193 1.2494704541682191
194 1.2494704541682191
195 1.2494704541682191
196 1.2494704541682191
197 1.7010398820976906
198 1.7010398820976906
199 1.7010398820976906
200 1.7010398820976906
201 1.7010398820976906
202 0.8382316823047636
203 0.8382316823047636
204 0.8382316823047636
205 0.8382316823047636
206 0.8382316823047636
207 1.8158651817044742
208 1.8158651817044742
209 1.8158651817044742
210 1.8158651817044742
211 1.8158651817044742
212 1.2698763125848378
213 1.2698763125848378
214 1.2698763125848378
215 1.2698763125848378
216 1.2698763125848378
217 1.1249295416984497
218 1.1249295416984497
219 1.1249295416984497
220 1.1249295416984497
221 1.1249295416984497
222 1.8050735686922488
223 1.8050735686922488
224 1.8050735686922488
225 1.8050735686922488
226 1.8050735686922488
227 2.1275129375003985
228 2.1275129375003985
229 2.1275129375003985
230 2.1275129375003985
231 2.1275129375003985
232 2.2233978242316033
233 2.2233978242316033
234 2.2233978242316033
235 2.2233978242316033
236 2.2233978242316033
237 0.9259447806194966
238 0.9259447806194966
239 0.9259447806194966
240 0.9259447806194966
241 0.9259447806194966
242 1.926504572447129
243 1.926504572447129
244 1.926504572447129
245 1.926504572447129
246 1.926504572447129
247 1.874813192263117
248 1.874813192263117
249 1.874813192263117
250 1.874813192263117
251 1.874813192263117
252 1.523459358916413
253 1.523459358916413
254 1.523459358916413
255 1.523459358916413
256 1.523459358916413
257 1.3126939118878762
258 2.8205678664179414
259 2.8205678664179414
260 2.8205678664179414
261 2.8205678664179414
262 2.8205678664179414
263 2.918294915944517
264 2.918294915944517
265 2.918294915944517
266 2.918294915944517
267 2.918294915944517
268 2.97174521070598
269 2.97174521070598
270 2.97174521070598
271 2.97174521070598
272 2.97174521070598
273 2.9411668645050453
274 2.9411668645050453
275 2.9411668645050453
276 2.9411668645050453
277 2.9411668645050453
278 2.8182722081360243
279 2.8182722081360243
280 2.8182722081360243
281 2.8182722081360243
282 2.8182722081360243
283 2.915028353794606
284 2.915028353794606
285 2.915028353794606
286 2.915028353794606
287 2.915028353794606
288 2.179371992687652
289 2.179371992687652
290 2.179371992687652
291 2.179371992687652
292 2.179371992687652
293 3.2545900476359195
294 3.2545900476359195
295 1.0083036710980835
296 1.0083036710980835
297 1.0083036710980835
298 1.0083036710980835
299 1.0083036710980835
300 1.2360535695610553
301 1.2360535695610553
302 1.2360535695610553
303 1.2360535695610553
304 1.2360535695610553
305 1.4435124796175882
306 1.4435124796175882
307 1.4435124796175882
308 1.4435124796175882
309 1.4435124796175882
310 0.30268259798064867
311 0.30268259798064867
312 0.30268259798064867
313 0.30268259798064867
314 0.30268259798064867
315 1.392608030570281
316 1.392608030570281
317 1.392608030570281
318 1.392608030570281
319 1.392608030570281
320 1.450378211468351
321 1.450378211468351
322 1.450378211468351
323 1.450378211468351
324 1.450378211468351
325 1.0477288904443436
326 1.0477288904443436
327 1.0477288904443436
328 1.0477288904443436
329 1.0477288904443436
330 1.2113101786329028
331 1.2113101786329028
332 1.2113101786329028
333 1.2113101786329028
334 1.2113101786329028
335 1.0022491134844722
336 1.0022491134844722
337 1.0022491134844722
338 1.0022491134844722
339 1.0022491134844722
340 0.9761067916000034
341 0.9761067916000034
342 0.9761067916000034
343 0.9761067916000034
344 0.9761067916000034
345 0.9842925864421275
346 0.9842925864421275
347 0.9842925864421275
348 0.9842925864421275
349 0.9842925864421275
350 0.42354490783807
351 0.42354490783807
352 0.42354490783807
353 0.42354490783807
354 0.42354490783807
355 1.478121582822669
356 1.478121582822669
357 1.478121582822669
358 1.478121582822669
359 1.478121582822669
360 0.5665769312887999
361 0.5665769312887999
362 0.5665769312887999
363 0.5665769312887999
364 0.5665769312887999
365 1.5784225711545106
366 1.5784225711545106
367 1.5784225711545106
368 1.5784225711545106
369 1.5784225711545106
370 1.501358175539818
371 1.501358175539818
372 1.501358175539818
373 1.501358175539818
374 1.501358175539818
375 1.306676862876726
376 1.306676862876726
377 1.306676862876726
378 1.306676862876726
379 1.306676862876726
380 1.2200622867337048
381 1.2200622867337048
382 1.2200622867337048
383 1.2200622867337048
384 1.2200622867337048
385 0.5239301545803663
386 0.5239301545803663
387 0.5239301545803663
388 0.5239301545803663
389 0.5239301545803663
390 1.9773336397546766
391 1.9773336397546766
392 1.9773336397546766
393 1.9773336397546766
394 1.9773336397546766
395 0.9224997440303478
396 0.9224997440303478
397 0.9224997440303478
398 0.9224997440303478
399 0.9224997440303478
400 1.4800728328156973
401 1.4800728328156973
402 1.4800728328156973
403 1.4800728328156973
404 1.4800728328156973
405 1.3909621711038458
406 1.3909621711038458
407 1.3909621711038458
408 1.3909621711038458
409 1.3909621711038458
410 1.2159973874022685
411 1.2159973874022685
412 1.2159973874022685
413 1.2159973874022685
414 1.2159973874022685
415 0.9118877834290432
416 0.9118877834290432
417 0.9118877834290432
418 0.9118877834290432
419 0.9118877834290432
420 0.693458509892507
421 0.693458509892507
422 0.693458509892507
423 0.693458509892507
424 0.693458509892507
425 0.9549177244989504
426 0.9549177244989504
427 0.9549177244989504
428 0.9549177244989504
429 0.9549177244989504
430 1.2272878441596105
431 1.2272878441596105
432 1.2272878441596105
433 1.2272878441596105
434 1.2272878441596105
435 1.6242556401984432
436 1.6242556401984432
437 1.6242556401984432
438 1.6242556401984432
439 1.6242556401984432
440 1.0004084167322027
441 1.0004084167322027
442 1.0004084167322027
443 1.0004084167322027
444 1.0004084167322027
445 0.6825292154801534
446 0.6825292154801534
447 0.6825292154801534
448 0.6825292154801534
449 0.6825292154801534
450 0.7171266072776874
451 0.4655602971919757
452 0.4655602971919757
453 0.4655602971919757
454 0.4655602971919757
455 0.4655602971919757
456 0.6176195184271076
457 0.6176195184271076
458 0.6176195184271076
459 0.6176195184271076
460 0.6176195184271076
461 0.5845933142272073
462 0.5845933142272073
463 0.5845933142272073
464 0.5845933142272073
465 0.5845933142272073
466 0.41257723801644386
467 0.41257723801644386
468 0.41257723801644386
469 0.41257723801644386
470 0.41257723801644386
471 0.800356204485747
472 0.800356204485747
473 0.800356204485747
474 0.800356204485747
475 0.800356204485747
476 0.661676442583319
477 0.661676442583319
478 0.661676442583319
479 0.661676442583319
480 0.661676442583319
481 0.9265013686098758
482 0.9265013686098758
483 0.9265013686098758
484 0.9265013686098758
485 0.9265013686098758
486 0.7778656079314421
487 0.7778656079314421
488 0.7778656079314421
489 0.7778656079314421
490 0.7778656079314421
491 0.9868390740486189
492 0.9868390740486189
493 0.9868390740486189
494 0.9868390740486189
495 0.9868390740486189
496 0.45282479719614743
497 0.45282479719614743
498 0.45282479719614743
499 0.45282479719614743
500 0.45282479719614743
501 0.38394297854009835
502 0.38394297854009835
503 0.38394297854009835
504 0.38394297854009835
505 0.38394297854009835
506 0.5851447833310082
507 0.5851447833310082
508 0.5851447833310082
509 0.5851447833310082
510 0.5851447833310082
511 0.5780760138874361
512 0.5780760138874361
513 0.5780760138874361
514 0.5780760138874361
515 0.5780760138874361
516 0.7143991770125229
517 0.7143991770125229
518 0.7143991770125229
519 0.7143991770125229
520 0.7143991770125229
521 1.2197680418850008
522 1.2197680418850008
523 1.2197680418850008
524 1.2197680418850008
525 1.2197680418850008
526 0.980948460924107
527 0.980948460924107
528 0.980948460924107
529 0.980948460924107
530 0.980948460924107
531 0.5463442067786061
532 0.5463442067786061
533 0.5463442067786061
534 0.5463442067786061
535 0.5463442067786061
536 0.7749305170207287
537 0.7749305170207287
538 0.7749305170207287
539 0.7749305170207287
540 0.7749305170207287
541 0.7967025261122384
542 0.7967025261122384
543 0.7967025261122384
544 0.7967025261122384
545 0.7967025261122384
546 0.6345380623081956
547 0.6345380623081956
548 0.6345380623081956
549 0.6345380623081956
550 0.6345380623081956
551 0.786506376677301
552 0.786506376677301
553 0.786506376677301
554 0.786506376677301
555 0.786506376677301
556 0.5330389661923695
557 0.5330389661923695
558 0.5330389661923695
559 0.5330389661923695
560 0.5330389661923695
561 0.7895094567359483
562 0.7895094567359483
563 0.7895094567359483
564 0.7895094567359483
565 0.7895094567359483
566 0.7189833540068719
567 0.7189833540068719
568 0.7189833540068719
569 0.7189833540068719
570 0.7189833540068719
571 0.5501018361557696
572 0.5501018361557696
573 0.5501018361557696
574 0.5501018361557696
575 0.5501018361557696
576 0.37680317386361656
577 0.37680317386361656
578 0.37680317386361656
579 0.37680317386361656
580 0.37680317386361656
581 0.7439993525625084
582 0.7439993525625084
583 0.7439993525625084
584 0.7439993525625084
585 0.7439993525625084
586 0.48656533111225403
587 0.48656533111225403
588 0.48656533111225403
589 0.48656533111225403
590 0.48656533111225403
591 0.47600116265794545
592 0.47600116265794545
593 0.47600116265794545
594 0.47600116265794545
595 0.47600116265794545
596 0.7350160177323256
597 0.7350160177323256
598 0.7350160177323256
599 0.7350160177323256
600 0.7350160177323256
601 0.6885562202746334
602 0.6885562202746334
603 0.6885562202746334
604 0.6885562202746334
605 0.6885562202746334
606 0.5853667396814827
607 2.8517698970591248
608 2.8517698970591248
609 2.8517698970591248
610 2.8517698970591248
611 2.8517698970591248
612 2.150913715642493
613 2.150913715642493
614 2.150913715642493
615 2.150913715642493
616 2.150913715642493
617 0.9962954505116897
618 0.9962954505116897
619 0.9962954505116897
620 0.9962954505116897
621 0.9962954505116897
622 3.671918730028871
623 3.671918730028871
624 3.671918730028871
625 3.671918730028871
626 3.671918730028871
627 1.029500848021434
628 1.029500848021434
629 1.029500848021434
630 1.029500848021434
631 1.029500848021434
632 4.29320220396334
633 4.29320220396334
634 4.29320220396334
635 4.29320220396334
636 4.29320220396334
637 3.9537574821487573
638 3.9537574821487573
639 3.9537574821487573
640 3.9537574821487573
641 3.9537574821487573
642 2.1880520869561635
643 2.1880520869561635
644 2.1880520869561635
645 2.1880520869561635
646 2.1880520869561635
647 4.941511839045786
648 4.941511839045786
649 4.941511839045786
650 4.941511839045786
651 4.941511839045786
652 5.267115401352868
653 5.267115401352868
654 5.267115401352868
655 5.267115401352868
656 5.267115401352868
657 1.3453687210130298
658 1.3453687210130298
659 1.3453687210130298
660 1.3453687210130298
661 1.3453687210130298
662 2.757622919976134
663 2.757622919976134
664 2.757622919976134
665 2.757622919976134
666 2.757622919976134
667 2.348138768737738
668 2.348138768737738
669 2.348138768737738
670 2.348138768737738
671 2.348138768737738
672 4.973311899849278
673 4.973311899849278
674 4.973311899849278
675 4.973311899849278
676 4.973311899849278
677 5.701947661152341
678 5.701947661152341
679 5.701947661152341
680 5.701947661152341
681 5.701947661152341
682 3.8838659201577985
683 3.8838659201577985
684 3.8838659201577985
685 3.8838659201577985
686 3.8838659201577985
687 3.868211361279856
688 3.868211361279856
689 3.868211361279856
690 3.868211361279856
691 3.868211361279856
692 5.656802477732141
693 5.656802477732141
694 5.656802477732141
695 5.656802477732141
696 5.656802477732141
697 4.5245359549587
698 4.5245359549587
699 4.5245359549587
700 4.5245359549587
701 4.5245359549587
702 6.206990950700347
703 6.206990950700347
704 6.206990950700347
705 6.206990950700347
706 6.206990950700347
707 3.9841862890011472
708 3.9841862890011472
709 3.9841862890011472
710 3.9841862890011472
711 3.9841862890011472
712 3.1548689197600845
713 3.1548689197600845
714 3.1548689197600845
715 3.1548689197600845
716 3.1548689197600845
717 3.0308167793706873
718 3.0308167793706873
719 3.0308167793706873
720 3.0308167793706873
721 3.0308167793706873
722 4.4977650191889875
723 4.4977650191889875
724 4.4977650191889875
725 4.4977650191889875
726 4.4977650191889875
727 3.45331202926116
728 3.45331202926116
729 3.45331202926116
730 3.45331202926116
731 3.45331202926116
732 4.127551266878751
733 4.127551266878751
734 4.127551266878751
735 4.127551266878751
736 4.127551266878751
737 2.972421978913988
738 2.972421978913988
739 2.972421978913988
740 2.972421978913988
741 2.972421978913988
742 5.246727853401527
743 5.246727853401527
744 5.246727853401527
745 5.246727853401527
746 5.246727853401527
747 4.04051774057373
748 4.04051774057373
749 4.04051774057373
750 4.04051774057373
751 4.04051774057373
752 3.9400376162316064
753 3.9400376162316064
754 3.9400376162316064
755 3.9400376162316064
756 3.9400376162316064
757 2.794071095219599
758 2.794071095219599
759 2.794071095219599
760 2.794071095219599
761 2.794071095219599
762 2.349363162005588
763 2.349363162005588
764 2.349363162005588
765 2.349363162005588
766 2.349363162005588
767 4.845254290618074
768 4.845254290618074
769 4.845254290618074
770 4.845254290618074
771 4.845254290618074
772 3.4828323715175955
773 3.4828323715175955
774 3.4828323715175955
775 3.4828323715175955
776 3.4828323715175955
777 3.333226017374849
778 3.333226017374849
779 3.333226017374849
780 3.333226017374849
781 3.333226017374849
782 3.713287545423813
783 3.713287545423813
784 3.713287545423813
785 3.713287545423813
786 3.713287545423813
787 4.085394726625493
788 4.085394726625493
789 4.085394726625493
790 4.085394726625493
791 4.085394726625493
792 4.292859512395873
793 4.292859512395873
794 4.292859512395873
795 4.292859512395873
796 4.292859512395873
797 5.120383104818846
798 5.120383104818846
799 5.120383104818846
800 5.120383104818846
801 5.120383104818846
802 3.816379814908189
803 3.816379814908189
804 3.816379814908189
805 3.816379814908189
806 3.816379814908189
807 3.7283102809614963
808 3.7283102809614963
809 3.7283102809614963
810 3.7283102809614963
811 3.7283102809614963
812 2.5089546103967293
813 2.5089546103967293
814 2.5089546103967293
815 2.5089546103967293
816 2.5089546103967293
817 2.7235674379082573
818 2.7235674379082573
819 2.7235674379082573
820 2.7235674379082573
821 2.7235674379082573
822 3.418821209749324
823 3.418821209749324
824 3.418821209749324
825 3.418821209749324
826 3.418821209749324
827 5.572542392894949
828 5.572542392894949
829 5.572542392894949
830 5.572542392894949
831 5.572542392894949
832 4.456227938124747
833 1.3680471383530994
834 1.3680471383530994
835 5.273214898274151
836 5.273214898274151
837 5.273214898274151
838 5.273214898274151
839 5.273214898274151
840 4.178887077951605
841 4.178887077951605
842 4.178887077951605
843 4.178887077951605
844 4.178887077951605
845 3.834939428577918
846 3.834939428577918
847 3.834939428577918
848 3.834939428577918
849 3.834939428577918
850 3.6167970064135964
851 3.6167970064135964
852 3.6167970064135964
853 3.6167970064135964
854 3.6167970064135964
855 1.0613866794620912
856 1.0613866794620912
857 1.0613866794620912
858 1.0613866794620912
859 1.0613866794620912
860 3.4677854807223807
861 3.4677854807223807
862 3.4677854807223807
863 3.4677854807223807
864 3.4677854807223807
865 3.761688632695013
866 3.761688632695013
867 3.761688632695013
868 3.761688632695013
869 3.761688632695013
870 2.613124747868896
871 2.613124747868896
872 2.613124747868896
873 2.613124747868896
874 2.613124747868896
875 3.3714138723602907
876 3.3714138723602907
877 3.3714138723602907
878 3.3714138723602907
879 3.3714138723602907
880 2.8385904406971525
881 2.8385904406971525
882 2.8385904406971525
883 2.8385904406971525
884 2.8385904406971525
885 4.316648660751499
886 4.316648660751499
887 4.316648660751499
888 4.316648660751499
889 4.316648660751499
890 3.3564615261013535
891 3.3564615261013535
892 3.3564615261013535
893 3.3564615261013535
894 3.3564615261013535
895 1.5682779668571405
896 1.5682779668571405
897 1.5682779668571405
898 1.5682779668571405
899 1.5682779668571405
900 3.533319516302454
901 3.533319516302454
902 3.533319516302454
903 3.533319516302454
904 3.533319516302454
905 4.239504784946016
906 4.239504784946016
907 4.239504784946016
908 4.239504784946016
909 4.239504784946016
910 2.7653940686754765
911 2.7653940686754765
912 2.7653940686754765
913 2.7653940686754765
914 2.7653940686754765
915 2.26993482183411
916 2.26993482183411
917 2.26993482183411
918 2.26993482183411
919 2.26993482183411
920 4.471437194195458
921 4.471437194195458
922 4.471437194195458
923 4.471437194195458
924 4.471437194195458
925 3.117660758479347
926 3.117660758479347
927 3.117660758479347
928 3.117660758479347
929 3.117660758479347
930 1.7873188720162017
931 1.7873188720162017
932 1.7873188720162017
933 1.7873188720162017
934 1.7873188720162017
935 1.642650200906313
936 1.642650200906313
937 1.642650200906313
938 1.642650200906313
939 1.642650200906313
940 3.9694588153847006
941 3.9694588153847006
942 3.9694588153847006
943 3.9694588153847006
944 3.9694588153847006
945 0.4944839221689229
946 0.4944839221689229
947 0.4944839221689229
948 0.4944839221689229
949 0.4944839221689229
950 0.32268050845386403
951 0.32268050845386403
952 0.32268050845386403
953 0.32268050845386403
954 0.32268050845386403
955 0.7685240340070849
956 0.7685240340070849
957 0.7685240340070849
958 0.7685240340070849
959 0.7685240340070849
960 0.6198800572227565
961 0.6198800572227565
962 0.6198800572227565
963 0.6198800572227565
964 0.6198800572227565
965 0.5584695900589316
966 0.5584695900589316
967 0.5584695900589316
968 0.5584695900589316
969 0.5584695900589316
970 0.7361229073278077
971 0.7361229073278077
972 0.7361229073278077
973 0.7361229073278077
974 0.7361229073278077
975 0.9697595100925613
976 0.9697595100925613
977 0.9697595100925613
978 0.9697595100925613
979 0.9697595100925613
980 0.36686657735681677
981 0.36686657735681677
982 0.36686657735681677
983 0.36686657735681677
984 0.36686657735681677
985 0.528342203054691
986 0.528342203054691
987 0.528342203054691
988 0.528342203054691
989 0.528342203054691
990 0.38487441337721906
991 0.38487441337721906
992 0.38487441337721906
993 0.38487441337721906
994 0.38487441337721906
995 1.0602076957511781
996 1.0602076957511781
997 1.0602076957511781
998 1.0602076957511781
999 1.0602076957511781
1000 0.9541310883037724
1001 0.9541310883037724
1002 0.9541310883037724
1003 0.9541310883037724
1004 0.9541310883037724
1005 0.5668248982754598
1006 0.5668248982754598
1007 0.5668248982754598
1008 0.5668248982754598
1009 0.5668248982754598
1010 0.7341105427102539
1011 0.7341105427102539
1012 0.7341105427102539
1013 0.7341105427102539
1014 0.7341105427102539
1015 0.6629897971828318
1016 0.6629897971828318
1017 0.6629897971828318
1018 0.6629897971828318
1019 0.6629897971828318
1020 0.7469793390913961
1021 0.7469793390913961
1022 0.7469793390913961
1023 0.7469793390913961
1024 0.7469793390913961
1025 0.665003427005629
1026 0.665003427005629
1027 0.665003427005629
1028 0.665003427005629
1029 0.665003427005629
1030 0.6242769133063213
1031 0.6242769133063213
1032 0.6242769133063213
1033 0.6242769133063213
1034 0.6242769133063213
1035 0.5962605100351275
1036 0.5962605100351275
1037 0.5962605100351275
1038 0.5962605100351275
1039 0.5962605100351275
1040 0.45667051618426996
1041 0.45667051618426996
1042 0.45667051618426996
1043 0.6392435381096211
1044 0.6392435381096211
1045 0.6392435381096211
1046 0.6392435381096211
1047 0.6392435381096211
1048 2.556162118400937
1049 2.556162118400937
1050 2.556162118400937
1051 2.556162118400937
1052 2.556162118400937
1053 4.020836222781308
1054 4.020836222781308
1055 4.020836222781308
1056 4.020836222781308
1057 4.020836222781308
1058 2.274829528816418
1059 2.274829528816418
1060 2.274829528816418
1061 2.274829528816418
1062 2.274829528816418
1063 0.9571902931317744
1064 0.9571902931317744
1065 0.9571902931317744
1066 0.9571902931317744
1067 0.9571902931317744
1068 2.65632240361428
1069 2.65632240361428
1070 2.65632240361428
1071 2.65632240361428
1072 2.65632240361428
1073 2.8159557141191285
1074 2.8159557141191285
1075 2.8159557141191285
1076 2.8159557141191285
1077 2.8159557141191285
1078 2.466249853573432
1079 2.466249853573432
1080 2.466249853573432
1081 2.466249853573432
1082 2.466249853573432
1083 2.7373493580825965
1084 2.7373493580825965
1085 2.7373493580825965
1086 2.7373493580825965
1087 2.7373493580825965
1088 3.3366061655780648
1089 3.3366061655780648
1090 3.3366061655780648
1091 3.3366061655780648
1092 3.3366061655780648
1093 1.4048621082719237
1094 1.4048621082719237
1095 1.4048621082719237
1096 1.4048621082719237
1097 1.4048621082719237
1098 2.4790504191556453
1099 2.4790504191556453
1100 2.4790504191556453
1101 2.4790504191556453
1102 2.4790504191556453
1103 1.4023171721882057
1104 1.4023171721882057
1105 1.4023171721882057
1106 1.4023171721882057
1107 1.4023171721882057
1108 2.4856303504270407
1109 2.4856303504270407
1110 2.4856303504270407
1111 2.4856303504270407
1112 2.4856303504270407
1113 3.5021836986172614
1114 3.5021836986172614
1115 3.5021836986172614
1116 3.5021836986172614
1117 3.5021836986172614
1118 2.4287075463467
1119 2.4287075463467
1120 2.4287075463467
1121 2.4287075463467
1122 2.4287075463467
1123 3.284808170250197
1124 3.284808170250197
1125 3.284808170250197
1126 3.284808170250197
1127 3.284808170250197
1128 2.2087099512872483
1129 2.2087099512872483
1130 2.2087099512872483
1131 2.2087099512872483
1132 2.2087099512872483
1133 2.4129255269483783
1134 2.4129255269483783
1135 2.4129255269483783
1136 2.4129255269483783
1137 2.4129255269483783
1138 3.4283889818989675
1139 3.4283889818989675
1140 3.4283889818989675
1141 3.4283889818989675
1142 3.4283889818989675
1143 2.614392144449479
1144 2.614392144449479
1145 2.614392144449479
1146 2.614392144449479
1147 2.614392144449479
1148 2.5259187777541627
1149 2.5259187777541627
1150 2.5259187777541627
1151 2.5259187777541627
1152 2.5259187777541627
1153 3.144981413683602
1154 3.144981413683602
1155 3.144981413683602
1156 3.144981413683602
1157 3.144981413683602
1158 1.6497490662970975
1159 1.6497490662970975
1160 1.6497490662970975
1161 1.6497490662970975
1162 1.6497490662970975
1163 2.5215986424269103
1164 2.5215986424269103
1165 2.5215986424269103
1166 2.5215986424269103
1167 2.5215986424269103
1168 3.0564779789797303
1169 3.0564779789797303
1170 3.0564779789797303
1171 3.0564779789797303
1172 3.0564779789797303
1173 1.686255140653802
1174 1.686255140653802
1175 1.686255140653802
1176 1.686255140653802
1177 1.686255140653802
1178 3.3829371947097795
1179 3.3829371947097795
1180 3.3829371947097795
1181 3.3829371947097795
1182 3.3829371947097795
1183 3.195290733902161
1184 3.195290733902161
1185 3.195290733902161
1186 3.195290733902161
1187 3.195290733902161
1188 2.728372051186662
1189 2.728372051186662
1190 1.820534228548238
1191 1.820534228548238
1192 1.820534228548238
1193 1.820534228548238
1194 1.820534228548238
1195 2.3173298851644515
1196 2.3173298851644515
1197 2.3173298851644515
1198 2.3173298851644515
1199 2.3173298851644515
1200 4.6997776114047305
1201 4.6997776114047305
1202 4.6997776114047305
1203 4.6997776114047305
1204 4.6997776114047305
1205 4.358116133212474
1206 4.358116133212474
1207 4.358116133212474
1208 4.358116133212474
1209 4.358116133212474
1210 2.6601580911264837
1211 2.6601580911264837
1212 2.6601580911264837
1213 2.6601580911264837
1214 2.6601580911264837
1215 2.9778603125410124
1216 2.9778603125410124
1217 2.9778603125410124
1218 2.9778603125410124
1219 2.9778603125410124
1220 1.5151086674994356
1221 1.5151086674994356
1222 1.5151086674994356
1223 1.5151086674994356
1224 1.5151086674994356
1225 4.078417643995516
1226 4.078417643995516
1227 4.078417643995516
1228 4.078417643995516
1229 4.078417643995516
1230 4.477591799736796
1231 4.477591799736796
1232 4.477591799736796
1233 4.477591799736796
1234 4.477591799736796
1235 3.0403258642564244
1236 3.0403258642564244
1237 3.0403258642564244
1238 3.0403258642564244
1239 3.0403258642564244
1240 1.6572838895451534
1241 1.6572838895451534
1242 1.6572838895451534
1243 1.6572838895451534
1244 1.6572838895451534
1245 4.660145889106854
1246 4.660145889106854
1247 4.660145889106854
1248 4.660145889106854
1249 4.660145889106854
1250 2.3917648652409955
1251 2.3917648652409955
1252 2.3917648652409955
1253 2.3917648652409955
1254 2.3917648652409955
1255 2.406018951247437
1256 2.406018951247437
1257 2.406018951247437
1258 2.406018951247437
1259 2.406018951247437
1260 5.157193120467793
1261 5.157193120467793
1262 5.157193120467793
1263 5.157193120467793
1264 5.157193120467793
1265 4.107659270757804
1266 4.107659270757804
1267 4.107659270757804
1268 4.107659270757804
1269 4.107659270757804
1270 4.705380732830818
1271 4.705380732830818
1272 4.705380732830818
1273 4.705380732830818
1274 4.705380732830818
1275 3.202582466793661
1276 3.202582466793661
1277 3.202582466793661
1278 3.202582466793661
1279 3.202582466793661
1280 3.8677022952591957
1281 3.8677022952591957
1282 3.8677022952591957
1283 3.8677022952591957
1284 3.8677022952591957
1285 2.648258891080362
1286 2.648258891080362
1287 2.648258891080362
1288 2.648258891080362
1289 2.648258891080362
1290 4.857460801672646
1291 4.857460801672646
1292 4.857460801672646
1293 4.857460801672646
1294 4.857460801672646
1295 0.47345987794481603
1296 0.47345987794481603
1297 0.47345987794481603
1298 0.47345987794481603
1299 0.47345987794481603
1300 4.192725294767895
1301 4.192725294767895
1302 4.192725294767895
1303 4.192725294767895
1304 4.192725294767895
1305 3.2502778794621072
1306 3.2502778794621072
1307 3.2502778794621072
1308 3.2502778794621072
1309 3.2502778794621072
1310 4.662553645706848
1311 4.662553645706848
1312 4.662553645706848
1313 4.662553645706848
1314 4.662553645706848
1315 3.85193481826437
1316 0.8935325400663484
1317 0.8935325400663484
1318 0.8935325400663484
1319 3.285427233679582
1320 3.285427233679582
1321 3.285427233679582
1322 3.285427233679582
1323 3.285427233679582
1324 4.326217579651258
1325 4.326217579651258
1326 4.326217579651258
1327 4.326217579651258
1328 4.326217579651258
1329 4.202679140530686
1330 4.202679140530686
1331 4.202679140530686
1332 4.202679140530686
1333 4.202679140530686
1334 4.558033066549661
1335 4.558033066549661
1336 4.558033066549661
1337 4.558033066549661
1338 4.558033066549661
1339 4.3779982183065105
1340 4.3779982183065105
1341 4.3779982183065105
1342 4.3779982183065105
1343 4.3779982183065105
1344 4.427438267198916
1345 4.427438267198916
1346 4.427438267198916
1347 4.427438267198916
1348 4.427438267198916
1349 3.083207555066661
1350 3.083207555066661
1351 3.083207555066661
1352 3.083207555066661
1353 3.083207555066661
1354 3.3913601771852773
1355 3.3913601771852773
1356 3.3913601771852773
1357 3.3913601771852773
1358 3.3913601771852773
1359 6.756129458699528
1360 6.756129458699528
1361 6.756129458699528
1362 6.756129458699528
1363 6.756129458699528
1364 4.059406196471705
1365 4.059406196471705
1366 4.059406196471705
1367 4.059406196471705
1368 4.059406196471705
1369 1.8252500606143616
1370 1.8252500606143616
1371 1.8252500606143616
1372 1.8252500606143616
1373 1.8252500606143616
1374 4.741825784243416
1375 4.741825784243416
1376 4.741825784243416
1377 4.741825784243416
1378 4.741825784243416
1379 6.101038588190038
1380 6.101038588190038
1381 6.101038588190038
1382 6.101038588190038
1383 6.101038588190038
1384 3.0489293893128053
1385 3.0489293893128053
1386 3.0489293893128053
1387 3.0489293893128053
1388 3.0489293893128053
1389 3.6916832704872586
1390 3.6916832704872586
1391 3.6916832704872586
1392 3.6916832704872586
1393 3.6916832704872586
1394 4.695608242600418
1395 4.695608242600418
1396 4.695608242600418
1397 4.695608242600418
1398 4.695608242600418
1399 3.1293387451868586
1400 3.1293387451868586
1401 3.1293387451868586
1402 3.1293387451868586
1403 3.1293387451868586
1404 2.6366199722042927
1405 2.6366199722042927
1406 2.6366199722042927
1407 2.6366199722042927
1408 2.6366199722042927
1409 3.318339686475336
1410 3.318339686475336
1411 3.318339686475336
1412 3.318339686475336
1413 3.318339686475336
1414 5.362524755078413
1415 5.362524755078413
1416 5.362524755078413
1417 5.362524755078413
1418 5.362524755078413
1419 2.8269272762646755
1420 2.8269272762646755
1421 2.8269272762646755
1422 2.8269272762646755
1423 2.8269272762646755
1424 4.794360511095632
1425 4.794360511095632
1426 4.794360511095632
1427 4.794360511095632
1428 4.794360511095632
1429 4.7678344211430925
1430 4.7678344211430925
1431 4.7678344211430925
1432 4.7678344211430925
1433 4.7678344211430925
1434 3.9810302110344553
1435 3.9810302110344553
1436 3.9810302110344553
1437 3.9810302110344553
1438 3.9810302110344553
1439 1.2781413996947117
1440 1.2781413996947117
1441 1.2781413996947117
1442 1.2781413996947117
1443 1.2781413996947117
1444 4.816408337383869
1445 4.816408337383869
1446 4.816408337383869
1447 4.816408337383869
1448 4.816408337383869
1449 2.1629281555630504
1450 2.1629281555630504
1451 2.1629281555630504
1452 2.1629281555630504
1453 2.1629281555630504
1454 3.42160311379293
1455 3.42160311379293
1456 3.42160311379293
1457 3.42160311379293
1458 3.42160311379293
1459 4.3091246713254705
1460 4.3091246713254705
1461 4.3091246713254705
1462 4.3091246713254705
1463 4.3091246713254705
1464 3.7401171322714615
1465 3.7401171322714615
1466 3.7401171322714615
1467 3.7401171322714615
1468 3.7401171322714615
1469 3.8711972063919307
1470 3.8711972063919307
1471 3.8711972063919307
1472 3.8711972063919307
1473 3.8711972063919307
1474 6.1541707195029005
1475 6.1541707195029005
1476 6.1541707195029005
1477 6.1541707195029005
1478 6.1541707195029005
1479 5.443892821468093
1480 5.443892821468093
1481 5.443892821468093
1482 5.443892821468093
1483 5.443892821468093
1484 4.861379082620457
1485 4.861379082620457
1486 4.861379082620457
1487 4.861379082620457
1488 4.861379082620457
1489 4.082219195613225
1490 4.082219195613225
1491 4.082219195613225
1492 4.082219195613225
1493 4.082219195613225
1494 3.559900082132709
1495 3.082899550224143
1496 3.082899550224143
1497 3.082899550224143
1498 3.082899550224143
1499 3.082899550224143
1500 5.520038456617456
1501 5.520038456617456
1502 5.520038456617456
1503 5.520038456617456
1504 5.520038456617456
1505 2.678012081860111
1506 2.678012081860111
1507 2.678012081860111
1508 2.678012081860111
1509 2.678012081860111
1510 4.065891342080171
1511 4.065891342080171
1512 4.065891342080171
1513 4.065891342080171
1514 4.065891342080171
1515 3.38734359231229
1516 3.38734359231229
1517 3.38734359231229
1518 3.38734359231229
1519 3.38734359231229
1520 5.600117403698894
1521 5.600117403698894
1522 5.600117403698894
1523 5.600117403698894
1524 5.600117403698894
1525 8.183953463347938
1526 8.183953463347938
1527 8.183953463347938
1528 8.183953463347938
1529 8.183953463347938
1530 4.469457950118182
1531 4.469457950118182
1532 4.469457950118182
1533 4.469457950118182
1534 4.469457950118182
1535 3.295815405869242
1536 3.295815405869242
1537 3.295815405869242
1538 3.295815405869242
1539 3.295815405869242
1540 4.774190903901154
1541 4.774190903901154
1542 4.774190903901154
1543 4.774190903901154
1544 4.774190903901154
1545 5.060908632767687
1546 5.060908632767687
1547 5.060908632767687
1548 5.060908632767687
1549 5.060908632767687
1550 2.430251715928038
1551 2.430251715928038
1552 2.430251715928038
1553 2.430251715928038
1554 2.430251715928038
1555 2.7826950462209816
1556 2.7826950462209816
1557 2.7826950462209816
1558 2.7826950462209816
1559 2.7826950462209816
1560 4.748840649082329
1561 4.748840649082329
1562 4.748840649082329
1563 4.748840649082329
1564 4.748840649082329
1565 3.7095070057174455
1566 3.7095070057174455
1567 3.7095070057174455
1568 3.7095070057174455
1569 3.7095070057174455
1570 3.589879361497111
1571 3.589879361497111
1572 3.589879361497111
1573 3.589879361497111
1574 3.589879361497111
1575 4.514038008250404
1576 4.514038008250404
1577 4.514038008250404
1578 4.514038008250404
1579 4.514038008250404
1580 4.131803015190576
1581 4.131803015190576
1582 4.131803015190576
1583 4.131803015190576
1584 4.131803015190576
1585 2.9215631639295796
1586 2.9215631639295796
1587 2.9215631639295796
1588 2.9215631639295796
1589 2.9215631639295796
1590 2.316396595580989
1591 2.316396595580989
1592 2.316396595580989
1593 2.316396595580989
1594 2.316396595580989
1595 2.769516176125677
1596 2.769516176125677
1597 2.769516176125677
1598 2.769516176125677
1599 2.769516176125677
1600 5.517136542865704
1601 5.517136542865704
1602 5.517136542865704
1603 5.517136542865704
1604 5.517136542865704
1605 5.120209439149327
1606 5.120209439149327
1607 5.120209439149327
1608 5.120209439149327
1609 5.120209439149327
1610 4.619543678861231
1611 4.619543678861231
1612 4.619543678861231
1613 4.619543678861231
1614 4.619543678861231
1615 5.578255246330945
1616 5.578255246330945
1617 5.578255246330945
1618 5.578255246330945
1619 5.578255246330945
1620 1.6485957443005868
1621 1.6485957443005868
1622 1.6485957443005868
1623 1.6485957443005868
1624 1.6485957443005868
1625 3.499946270900192
1626 3.499946270900192
1627 3.499946270900192
1628 3.499946270900192
1629 3.499946270900192
1630 2.25943447945595
1631 2.25943447945595
1632 2.25943447945595
1633 2.25943447945595
1634 2.25943447945595
1635 5.3114094288488705
1636 5.3114094288488705
1637 5.3114094288488705
1638 5.3114094288488705
1639 5.3114094288488705
1640 6.445932331937513
1641 6.445932331937513
1642 6.445932331937513
1643 6.445932331937513
1644 6.445932331937513
1645 3.5599088763764346
1646 3.5599088763764346
1647 3.5599088763764346
1648 3.5599088763764346
1649 3.5599088763764346
1650 1.5467913236270698
1651 1.5467913236270698
1652 1.5467913236270698
1653 1.5467913236270698
1654 1.5467913236270698
1655 1.2361527914183648
1656 1.2361527914183648
1657 1.2361527914183648
1658 1.2361527914183648
1659 1.2361527914183648
1660 5.602190109453129
1661 5.602190109453129
1662 5.602190109453129
1663 5.602190109453129
1664 5.602190109453129
1665 2.952685184161184
1666 2.952685184161184
1667 2.952685184161184
1668 2.952685184161184
1669 2.952685184161184
1670 5.4520962182442565
1671 5.4520962182442565
1672 5.4520962182442565
1673 5.4520962182442565
1674 5.4520962182442565
1675 5.176746092136742
1676 5.176746092136742
1677 5.176746092136742
1678 5.176746092136742
1679 5.176746092136742
1680 3.317772575646243
1681 3.317772575646243
1682 3.317772575646243
1683 3.317772575646243
1684 3.317772575646243
1685 2.6105166969300844
1686 2.6105166969300844
1687 2.6105166969300844
1688 2.6105166969300844
1689 2.6105166969300844
1690 7.648972259503253
1691 7.648972259503253
1692 7.648972259503253
1693 7.648972259503253
1694 7.648972259503253
1695 4.156589934856801
1696 4.156589934856801
1697 4.156589934856801
1698 4.156589934856801
1699 4.156589934856801
1700 3.7532152072010403
1701 3.7532152072010403
1702 3.7532152072010403
1703 3.7532152072010403
1704 3.7532152072010403
1705 5.202842478018948
1706 5.202842478018948
1707 5.202842478018948
1708 5.202842478018948
1709 5.202842478018948
1710 4.501332141094125
1711 4.501332141094125
1712 4.501332141094125
1713 4.501332141094125
1714 4.501332141094125
1715 4.393482951005085
1716 4.393482951005085
1717 4.393482951005085
1718 4.393482951005085
1719 4.393482951005085
1720 5.071305079489211
1721 5.071305079489211
1722 5.071305079489211
1723 5.071305079489211
1724 5.071305079489211
1725 2.814715676807676
1726 2.814715676807676
1727 2.814715676807676
1728 2.814715676807676
1729 2.814715676807676
1730 1.2683834092810544
1731 1.2683834092810544
1732 1.2683834092810544
1733 1.2683834092810544
1734 1.2683834092810544
1735 2.5744667352948816
1736 2.5744667352948816
1737 2.5744667352948816
1738 2.5744667352948816
1739 2.5744667352948816
1740 4.462840211695298
1741 4.462840211695298
1742 4.462840211695298
1743 4.462840211695298
1744 4.462840211695298
1745 3.603574102943519
1746 3.603574102943519
1747 3.603574102943519
1748 3.603574102943519
1749 3.603574102943519
1750 4.868781510074896
1751 4.868781510074896
1752 4.868781510074896
1753 4.868781510074896
1754 4.868781510074896
1755 4.760029257434273
1756 4.760029257434273
1757 4.760029257434273
1758 4.760029257434273
1759 4.760029257434273
1760 5.373236331086671
1761 5.373236331086671
1762 5.373236331086671
1763 5.373236331086671
1764 5.373236331086671
1765 5.764193158446817
1766 5.764193158446817
1767 5.764193158446817
1768 5.764193158446817
1769 5.764193158446817
1770 6.917116350486717
1771 6.917116350486717
1772 6.917116350486717
1773 6.917116350486717
1774 6.917116350486717
1775 4.13591388418109
1776 4.13591388418109
1777 4.13591388418109
1778 4.13591388418109
1779 4.13591388418109
1780 4.96773313307295
1781 4.96773313307295
1782 4.96773313307295
1783 4.96773313307295
1784 4.96773313307295
1785 3.1363721294317726
1786 3.1363721294317726
1787 3.1363721294317726
1788 3.1363721294317726
1789 3.1363721294317726
1790 5.495657598875919
1791 5.495657598875919
1792 5.495657598875919
1793 5.495657598875919
1794 5.495657598875919
1795 3.5776425141556487
1796 3.5776425141556487
1797 3.5776425141556487
1798 3.5776425141556487
1799 3.5776425141556487
1800 3.436513296308236
1801 3.436513296308236
1802 3.436513296308236
1803 3.436513296308236
1804 3.436513296308236
1805 5.053473000810243
1806 5.053473000810243
1807 5.053473000810243
1808 5.053473000810243
1809 5.053473000810243
1810 4.400668693810701
1811 4.400668693810701
1812 4.400668693810701
1813 4.400668693810701
1814 4.400668693810701
1815 2.6919763272387685
1816 2.6919763272387685
1817 2.6919763272387685
1818 2.6919763272387685
1819 2.6919763272387685
1820 5.040401851047938
1821 5.040401851047938
1822 5.040401851047938
1823 5.040401851047938
1824 5.040401851047938
1825 2.5354463121867497
1826 2.5354463121867497
1827 2.5354463121867497
1828 2.5354463121867497
1829 2.5354463121867497
1830 3.5174193559668954
1831 3.5174193559668954
1832 3.5174193559668954
1833 3.5174193559668954
1834 3.5174193559668954
1835 2.982828225644918
1836 2.982828225644918
1837 2.982828225644918
1838 2.982828225644918
1839 2.982828225644918
1840 3.208573350518966
1841 3.208573350518966
1842 3.208573350518966
1843 3.208573350518966
1844 3.208573350518966
1845 2.2225279881146887
1846 2.2225279881146887
1847 2.2225279881146887
1848 2.2225279881146887
1849 2.2225279881146887
1850 4.9538560200302495
1851 4.9538560200302495
1852 4.9538560200302495
1853 4.9538560200302495
1854 4.9538560200302495
1855 2.8390260069457347
1856 2.8390260069457347
1857 2.8390260069457347
1858 2.8390260069457347
1859 2.8390260069457347
1860 5.488310573591642
1861 5.488310573591642
1862 5.488310573591642
1863 5.488310573591642
1864 5.488310573591642
1865 1.8761416171703882
1866 1.8761416171703882
1867 1.8761416171703882
1868 1.8761416171703882
1869 1.8761416171703882
1870 5.027368944647487
1871 5.027368944647487
1872 5.027368944647487
1873 5.027368944647487
1874 5.027368944647487
1875 3.8086040772582397
1876 3.8086040772582397
1877 3.8086040772582397
1878 3.8086040772582397
1879 3.8086040772582397
1880 5.730317604521089
1881 5.730317604521089
1882 5.730317604521089
1883 5.730317604521089
1884 5.730317604521089
1885 3.953344662194193
1886 3.953344662194193
1887 3.953344662194193
1888 3.953344662194193
1889 3.953344662194193
1890 3.2924751170357993
1891 3.2924751170357993
1892 3.2924751170357993
1893 3.2924751170357993
1894 3.2924751170357993
1895 7.14735032115164
1896 7.14735032115164
1897 7.14735032115164
1898 7.14735032115164
1899 7.14735032115164
1900 4.467692595279417
1901 4.467692595279417
1902 4.467692595279417
1903 4.467692595279417
1904 4.467692595279417
1905 5.233195095561044
1906 5.233195095561044
1907 5.233195095561044
1908 5.233195095561044
1909 5.233195095561044
1910 1.3012818096212904
1911 1.3012818096212904
1912 1.3012818096212904
1913 1.3012818096212904
1914 1.3012818096212904
1915 4.852622175737654
1916 4.852622175737654
1917 4.852622175737654
1918 4.852622175737654
1919 4.852622175737654
1920 5.089332361906742
1921 5.089332361906742
1922 5.089332361906742
1923 5.089332361906742
1924 5.089332361906742
1925 3.3695917921345
1926 3.3695917921345
1927 3.3695917921345
1928 3.3695917921345
1929 3.3695917921345
1930 5.795673121139222
1931 5.795673121139222
1932 5.795673121139222
1933 5.795673121139222
1934 5.795673121139222
1935 4.188963437251483
1936 4.188963437251483
1937 4.188963437251483
1938 4.188963437251483
1939 4.188963437251483
1940 3.3927970681312636
1941 3.3927970681312636
1942 3.3927970681312636
1943 3.3927970681312636
1944 3.3927970681312636
1945 2.73887107744239
1946 2.73887107744239
1947 2.73887107744239
1948 2.73887107744239
1949 2.73887107744239
1950 5.777768282433854
1951 5.777768282433854
1952 5.777768282433854
1953 5.777768282433854
1954 5.777768282433854
1955 3.466248715343165
1956 3.466248715343165
1957 3.466248715343165
1958 3.466248715343165
1959 3.466248715343165
1960 2.367175429184383
1961 2.367175429184383
1962 2.367175429184383
1963 2.367175429184383
1964 2.367175429184383
1965 4.5309553462164756
1966 4.5309553462164756
1967 4.5309553462164756
1968 4.5309553462164756
1969 4.5309553462164756
1970 2.969368862534526
1971 2.969368862534526
1972 2.969368862534526
1973 2.969368862534526
1974 2.969368862534526
1975 4.01032618246363
1976 4.01032618246363
1977 4.01032618246363
1978 4.01032618246363
1979 4.01032618246363
1980 2.6557550607162117
1981 2.6557550607162117
1982 2.6557550607162117
1983 2.6557550607162117
1984 2.6557550607162117
1985 4.957448663062852
1986 4.957448663062852
1987 4.957448663062852
1988 4.957448663062852
1989 4.957448663062852
1990 2.692432755092991
1991 2.692432755092991
1992 2.692432755092991
1993 2.692432755092991
1994 2.692432755092991
1995 4.0075354862946035
1996 4.0075354862946035
1997 4.0075354862946035
1998 4.0075354862946035
1999 4.0075354862946035
