0 3.0482032956210676
1 3.0482032956210676
2 3.0482032956210676
3 3.0482032956210676
4 3.0482032956210676
5 3.9287478554371225
6 3.9287478554371225
7 3.9287478554371225
8 3.9287478554371225
9 3.9287478554371225
10 4.4930813376366485
11 4.4930813376366485
12 4.4930813376366485
13 4.4930813376366485
14 4.4930813376366485
15 3.950751087862974
16 3.950751087862974
17 3.950751087862974
18 3.950751087862974
19 3.950751087862974
20 5.508882283646317
21 5.508882283646317
22 5.508882283646317
23 5.508882283646317
24 5.508882283646317
25 3.71077385610996
26 3.71077385610996
27 3.71077385610996
28 3.71077385610996
29 3.71077385610996
30 5.147947696669349
31 5.147947696669349
32 5.147947696669349
33 5.147947696669349
34 1.2280899918054722
35 1.2280899918054722
36 1.2280899918054722
37 1.2280899918054722
38 1.2280899918054722
39 0.9085433644983005
40 0.9085433644983005
41 0.9085433644983005
42 0.9085433644983005
43 0.9085433644983005
44 1.1582624453794201
45 1.1582624453794201
46 1.1582624453794201
47 1.1582624453794201
48 1.1582624453794201
49 0.9260972993151763
50 0.9260972993151763
51 0.9260972993151763
52 0.9260972993151763
53 0.9260972993151763
54 1.2713970502422505
55 1.2713970502422505
56 1.2713970502422505
57 1.2713970502422505
58 1.2713970502422505
59 1.0571945865037835
60 1.0571945865037835
61 1.0571945865037835
62 1.0571945865037835
63 1.0571945865037835
64 1.2572274607478613
65 1.2572274607478613
66 1.2572274607478613
67 1.2572274607478613
68 1.2572274607478613
69 0.9930199321390222
70 0.9930199321390222
71 0.9930199321390222
72 0.9930199321390222
73 0.9930199321390222
74 1.0940905669958474
75 1.0940905669958474
76 1.0940905669958474
77 1.0940905669958474
78 1.0940905669958474
79 1.1731881065040792
80 1.1731881065040792
81 1.1731881065040792
82 1.1731881065040792
83 1.1731881065040792
84 1.1229755599506417
85 1.1229755599506417
86 1.1229755599506417
87 1.1229755599506417
88 1.1229755599506417
89 1.3863852129396417
90 1.3863852129396417
91 1.3863852129396417
92 1.3863852129396417
93 1.3863852129396417
94 0.7676840191477736
95 0.7676840191477736
96 0.7676840191477736
97 0.7676840191477736
98 0.7676840191477736
99 1.0107406954394142
100 1.0107406954394142
101 1.0107406954394142
102 1.0107406954394142
103 1.0107406954394142
104 1.1011382564029406
105 2.0484600854902064
106 2.0484600854902064
107 2.0484600854902064
108 2.0484600854902064
109 2.0484600854902064
110 1.6857207441284194
111 1.6857207441284194
112 1.6857207441284194
113 1.6857207441284194
114 1.6857207441284194
115 2.5895613505610164
116 2.5895613505610164
117 2.5895613505610164
118 2.5895613505610164
119 2.5895613505610164
120 1.9268805818556496
121 1.9268805818556496
122 1.9268805818556496
123 1.9268805818556496
124 1.9268805818556496
125 1.8909111264444431
126 1.8909111264444431
127 1.8909111264444431
128 1.8909111264444431
129 1.8909111264444431
130 1.9380279190464256
131 1.9380279190464256
132 1.9380279190464256
133 1.9380279190464256
134 1.9380279190464256
135 2.0286797299511874
136 2.0286797299511874
137 2.0286797299511874
138 2.0286797299511874
139 2.0286797299511874
140 2.8173983916474783
141 2.8173983916474783
142 2.8173983916474783
143 2.8173983916474783
144 0.7043542786764866
145 0.7043542786764866
146 0.7043542786764866
147 0.7043542786764866
148 0.7043542786764866
149 0.7177611408441972
150 0.7177611408441972
151 0.7177611408441972
152 0.7177611408441972
153 0.7177611408441972
154 0.7898980292494417
155 0.7898980292494417
156 0.7898980292494417
157 0.7898980292494417
158 0.7898980292494417
159 0.48217754476973174
160 0.48217754476973174
161 0.48217754476973174
162 0.48217754476973174
163 0.48217754476973174
164 0.6379004680534582
165 0.6379004680534582
166 0.6379004680534582
167 0.6379004680534582
168 0.6379004680534582
169 0.6844872944851139
170 0.6844872944851139
171 0.6844872944851139
172 0.6844872944851139
173 0.6844872944851139
174 0.6418678858119053
175 0.6418678858119053
176 0.6418678858119053
177 0.6418678858119053
178 0.6418678858119053
179 0.5561533847832761
180 0.5561533847832761
181 0.5561533847832761
182 0.5561533847832761
183 0.5561533847832761
184 0.5880125334544599
185 0.5880125334544599
186 0.5880125334544599
187 0.5880125334544599
188 0.5880125334544599
189 0.555913177227285
190 0.555913177227285
191 0.555913177227285
192 0.555913177227285
193 0.555913177227285
194 0.6638589137939725
195 0.6638589137939725
196 0.6638589137939725
197 0.6638589137939725
198 0.6638589137939725
199 0.5626596399954044
200 0.5626596399954044
201 0.5626596399954044
202 0.5626596399954044
203 0.5626596399954044
204 0.49973468825218326
205 0.49973468825218326
206 0.49973468825218326
207 0.49973468825218326
208 0.49973468825218326
209 0.9265990694428259
210 0.9265990694428259
211 0.9265990694428259
212 0.9265990694428259
213 0.9265990694428259
214 0.6698262658205822
215 3.3899126663928456
216 3.3899126663928456
217 3.3899126663928456
218 3.3899126663928456
219 3.3899126663928456
220 3.782210953510151
221 3.782210953510151
222 3.782210953510151
223 3.782210953510151
224 3.782210953510151
225 3.2845567390344534
226 3.2845567390344534
227 3.2845567390344534
228 3.2845567390344534
229 3.2845567390344534
230 3.471585504066734
231 3.471585504066734
232 3.471585504066734
233 3.471585504066734
234 3.471585504066734
235 3.5796950838148955
236 3.5796950838148955
237 4.225513930636727
238 4.225513930636727
239 4.225513930636727
240 4.225513930636727
241 4.225513930636727
242 2.6835188051126306
243 2.6835188051126306
244 2.6835188051126306
245 2.6835188051126306
246 2.6835188051126306
247 3.5309587445329873
248 3.5309587445329873
249 3.5309587445329873
250 3.5309587445329873
251 3.5309587445329873
252 3.2528273247964314
253 3.2528273247964314
254 3.2528273247964314
255 3.2528273247964314
256 3.2528273247964314
257 4.0448969211992205
258 4.0448969211992205
259 4.0448969211992205
260 4.0448969211992205
261 4.0448969211992205
262 3.5524583934010954
263 3.5524583934010954
264 3.5524583934010954
265 3.5524583934010954
266 3.5524583934010954
267 2.9273076702692213
268 2.9273076702692213
269 2.9273076702692213
270 2.9273076702692213
271 2.9273076702692213
272 2.529532658381142
273 2.529532658381142
274 2.529532658381142
275 2.529532658381142
276 2.529532658381142
277 3.047147688349109
278 3.047147688349109
279 3.047147688349109
280 3.047147688349109
281 3.047147688349109
282 3.410983071954507
283 3.410983071954507
284 3.410983071954507
285 3.410983071954507
286 3.410983071954507
287 4.323869748954869
288 4.323869748954869
289 4.323869748954869
290 4.323869748954869
291 4.323869748954869
292 4.152191318867148
293 4.152191318867148
294 4.152191318867148
295 4.152191318867148
296 4.152191318867148
297 3.4686642320380754
298 3.4686642320380754
299 3.4686642320380754
300 3.4686642320380754
301 3.4686642320380754
302 4.070883141075587
303 4.070883141075587
304 4.070883141075587
305 4.070883141075587
306 4.070883141075587
307 3.4684293709580567
308 3.4684293709580567
309 3.4684293709580567
310 3.4684293709580567
311 3.4684293709580567
312 2.808478477801196
313 2.808478477801196
314 2.808478477801196
315 2.808478477801196
316 2.808478477801196
317 4.359814085425501
318 4.359814085425501
319 4.359814085425501
320 4.359814085425501
321 4.359814085425501
322 4.260092075528889
323 4.260092075528889
324 4.260092075528889
325 4.260092075528889
326 4.260092075528889
327 2.8466202743238647
328 2.8466202743238647
329 2.8466202743238647
330 2.8466202743238647
331 2.8466202743238647
332 3.0884554796907597
333 3.0884554796907597
334 3.0884554796907597
335 3.0884554796907597
336 3.0884554796907597
337 2.7213326104277815
338 2.7213326104277815
339 2.7213326104277815
340 2.7213326104277815
341 2.7213326104277815
342 3.451813584803736
343 3.451813584803736
344 3.451813584803736
345 3.451813584803736
346 3.451813584803736
347 3.0014001422911543
348 3.0014001422911543
349 3.0014001422911543
350 4.514807655087399
351 4.514807655087399
352 4.514807655087399
353 4.514807655087399
354 4.514807655087399
355 3.627204722370591
356 3.627204722370591
357 3.627204722370591
358 3.627204722370591
359 3.627204722370591
360 3.665061225938353
361 3.665061225938353
362 3.665061225938353
363 3.665061225938353
364 2.3876746992935702
365 2.3876746992935702
366 2.3876746992935702
367 2.3876746992935702
368 2.3876746992935702
369 2.7569996389821467
370 2.7569996389821467
371 2.7569996389821467
372 2.7569996389821467
373 2.7569996389821467
374 2.4444764275589153
375 2.4444764275589153
376 2.4444764275589153
377 2.4444764275589153
378 2.4444764275589153
379 3.510476673398103
380 3.510476673398103
381 3.510476673398103
382 3.510476673398103
383 3.510476673398103
384 2.8651457002079495
385 2.8651457002079495
386 2.8651457002079495
387 2.8651457002079495
388 2.8651457002079495
389 3.354597148330559
390 3.354597148330559
391 3.354597148330559
392 3.354597148330559
393 3.354597148330559
394 2.1237141997784126
395 2.1237141997784126
396 2.1237141997784126
397 2.1237141997784126
398 2.1237141997784126
399 2.815680542392329
400 2.815680542392329
401 2.815680542392329
402 2.815680542392329
403 2.815680542392329
404 1.909270011070357
405 1.909270011070357
406 1.909270011070357
407 1.909270011070357
408 1.909270011070357
409 3.5882644450970353
410 3.5882644450970353
411 3.5882644450970353
412 3.5882644450970353
413 3.5882644450970353
414 3.1327605834383334
415 3.1327605834383334
416 3.1327605834383334
417 3.1327605834383334
418 3.1327605834383334
419 2.7524803135851377
420 2.7524803135851377
421 2.7524803135851377
422 2.7524803135851377
423 2.7524803135851377
424 2.7872898774208066
425 2.7872898774208066
426 2.7872898774208066
427 2.7872898774208066
428 2.7872898774208066
429 3.51263535484361
430 3.51263535484361
431 3.51263535484361
432 3.51263535484361
433 3.51263535484361
434 3.703115177658857
435 3.703115177658857
436 3.703115177658857
437 3.703115177658857
438 3.703115177658857
439 3.525312780234896
440 3.525312780234896
441 3.525312780234896
442 3.525312780234896
443 3.525312780234896
444 3.5286557064646775
445 3.5286557064646775
446 3.5286557064646775
447 3.5286557064646775
448 3.5286557064646775
449 3.028382661430137
450 3.028382661430137
451 3.028382661430137
452 3.028382661430137
453 3.028382661430137
454 3.0073887270916964
455 3.0073887270916964
456 3.0073887270916964
457 3.0073887270916964
458 3.0073887270916964
459 2.4683133340430046
460 2.4683133340430046
461 2.4683133340430046
462 2.4683133340430046
463 2.4683133340430046
464 2.602018140016486
465 2.602018140016486
466 2.602018140016486
467 2.602018140016486
468 2.602018140016486
469 2.7768079311438734
470 2.7768079311438734
471 2.7768079311438734
472 2.7768079311438734
473 2.7768079311438734
474 3.3036331556016516
475 3.3036331556016516
476 3.3036331556016516
477 3.3036331556016516
478 3.3036331556016516
479 3.382046481096872
480 3.382046481096872
481 3.382046481096872
482 3.382046481096872
483 3.382046481096872
484 3.0871347416127004
485 3.0871347416127004
486 3.0871347416127004
487 3.0871347416127004
488 3.0871347416127004
489 2.6701258722635797
490 2.6701258722635797
491 2.6701258722635797
492 2.6701258722635797
493 2.6701258722635797
494 2.4570425463478687
495 2.4570425463478687
496 2.4570425463478687
497 2.4570425463478687
498 2.4570425463478687
499 3.286605223853433
500 3.286605223853433
501 3.286605223853433
502 3.286605223853433
503 3.286605223853433
504 3.2235106094708104
505 3.2235106094708104
506 3.2235106094708104
507 3.2235106094708104
508 3.2235106094708104
509 2.317853510068434
510 2.317853510068434
511 2.317853510068434
512 2.317853510068434
513 2.317853510068434
514 3.3987540361380044
515 3.3987540361380044
516 3.3987540361380044
517 3.3987540361380044
518 3.3987540361380044
519 3.042659243833133
520 3.042659243833133
521 3.042659243833133
522 3.042659243833133
523 3.042659243833133
524 2.6516826476629474
525 2.6516826476629474
526 2.6516826476629474
527 2.0803124345032367
528 2.0803124345032367
529 2.0803124345032367
530 2.0803124345032367
531 2.0803124345032367
532 2.0470441026283166
533 2.0470441026283166
534 2.0470441026283166
535 2.0470441026283166
536 2.0470441026283166
537 1.8437885411143284
538 1.8437885411143284
539 1.8437885411143284
540 1.8437885411143284
541 1.8437885411143284
542 1.9745914238838678
543 1.9745914238838678
544 1.9745914238838678
545 1.9745914238838678
546 1.9745914238838678
547 2.1066062300386066
548 2.1066062300386066
549 2.1066062300386066
550 2.1066062300386066
551 2.1066062300386066
552 2.088841633188217
553 2.088841633188217
554 2.088841633188217
555 2.088841633188217
556 2.088841633188217
557 2.161545558434242
558 2.161545558434242
559 2.161545558434242
560 2.161545558434242
561 2.161545558434242
562 2.184684916168803
563 2.184684916168803
564 2.184684916168803
565 2.184684916168803
566 2.184684916168803
567 1.9892738829747083
568 1.9892738829747083
569 1.9892738829747083
570 1.9892738829747083
571 1.9892738829747083
572 1.6275247103334018
573 1.6275247103334018
574 1.6275247103334018
575 1.6275247103334018
576 1.6275247103334018
577 1.6743790486953696
578 1.6743790486953696
579 1.6743790486953696
580 1.6743790486953696
581 1.6743790486953696
582 1.7504070638832305
583 1.7504070638832305
584 1.7504070638832305
585 1.7504070638832305
586 1.7504070638832305
587 1.4993212222935282
588 1.4993212222935282
589 1.4993212222935282
590 1.4993212222935282
591 1.4993212222935282
592 2.428562127180383
593 2.428562127180383
594 2.428562127180383
595 2.428562127180383
596 2.428562127180383
597 2.127042914776676
598 2.127042914776676
599 2.127042914776676
600 2.127042914776676
601 2.127042914776676
602 1.597560139129674
603 1.597560139129674
604 1.597560139129674
605 1.597560139129674
606 1.597560139129674
607 2.2420767281798675
608 2.2420767281798675
609 2.2420767281798675
610 2.2420767281798675
611 2.2420767281798675
612 2.0826094552099637
613 2.0826094552099637
614 2.0826094552099637
615 2.0826094552099637
616 2.0826094552099637
617 2.496596809022693
618 2.496596809022693
619 2.496596809022693
620 2.496596809022693
621 2.496596809022693
622 2.7605412314440914
623 2.7605412314440914
624 2.7605412314440914
625 2.7605412314440914
626 2.7605412314440914
627 1.6132737267567596
628 1.6132737267567596
629 1.6132737267567596
630 1.6132737267567596
631 1.6132737267567596
632 1.723402247862419
633 1.723402247862419
634 1.723402247862419
635 1.723402247862419
636 1.723402247862419
637 2.516662253080259
638 2.516662253080259
639 2.516662253080259
640 2.516662253080259
641 2.516662253080259
642 1.7495302682293232
643 1.7495302682293232
644 1.7495302682293232
645 1.7495302682293232
646 1.7495302682293232
647 1.680828043507875
648 1.680828043507875
649 1.680828043507875
650 1.680828043507875
651 1.680828043507875
652 2.1754837265611466
653 2.1754837265611466
654 2.1754837265611466
655 2.1754837265611466
656 2.1754837265611466
657 2.4690317297510047
658 2.4690317297510047
659 2.4690317297510047
660 2.4690317297510047
661 2.4690317297510047
662 1.5571082156063802
663 1.5571082156063802
664 1.5571082156063802
665 1.5571082156063802
666 1.5571082156063802
667 1.8469183280296055
668 1.8469183280296055
669 1.8469183280296055
670 1.8469183280296055
671 1.8469183280296055
672 1.4575183406130179
673 1.4575183406130179
674 1.4575183406130179
675 1.4575183406130179
676 1.4575183406130179
677 0.8431074401193052
678 0.8431074401193052
679 0.8431074401193052
680 0.8431074401193052
681 0.8431074401193052
682 1.4454692984941273
683 1.4454692984941273
684 1.4454692984941273
685 1.4454692984941273
686 1.4454692984941273
687 1.3347674680647086
688 1.3347674680647086
689 1.3347674680647086
690 1.3347674680647086
691 1.3347674680647086
692 1.4349830513211792
693 1.4349830513211792
694 1.4349830513211792
695 1.4349830513211792
696 1.4349830513211792
697 1.4862909641457176
698 1.4862909641457176
699 1.4862909641457176
700 1.4862909641457176
701 1.4862909641457176
702 0.9691783772552147
703 0.9691783772552147
704 0.9691783772552147
705 0.9691783772552147
706 0.9691783772552147
707 1.6906506961314807
708 1.6906506961314807
709 1.6906506961314807
710 1.6906506961314807
711 1.6906506961314807
712 1.572601873715406
713 1.572601873715406
714 1.572601873715406
715 1.572601873715406
716 1.572601873715406
717 1.7277372534570623
718 1.7277372534570623
719 1.7277372534570623
720 1.7277372534570623
721 1.7277372534570623
722 2.0496449844530327
723 2.0496449844530327
724 2.0496449844530327
725 2.0496449844530327
726 2.0496449844530327
727 1.9189534353990105
728 1.9189534353990105
729 1.9189534353990105
730 1.9189534353990105
731 1.9189534353990105
732 1.1543018738904602
733 1.1543018738904602
734 1.1543018738904602
735 1.1543018738904602
736 1.1543018738904602
737 1.582650159007904
738 1.582650159007904
739 1.582650159007904
740 1.582650159007904
741 1.582650159007904
742 1.218186135952544
743 1.218186135952544
744 1.218186135952544
745 1.218186135952544
746 1.218186135952544
747 1.5834599571969286
748 1.5834599571969286
749 1.5834599571969286
750 1.5834599571969286
751 1.5834599571969286
752 1.6582432937585778
753 1.6582432937585778
754 1.6582432937585778
755 1.6582432937585778
756 1.6582432937585778
757 1.9795761959642628
758 1.9795761959642628
759 1.9795761959642628
760 1.9795761959642628
761 1.9795761959642628
762 1.3505383162239866
763 1.3505383162239866
764 1.3505383162239866
765 1.3505383162239866
766 1.3505383162239866
767 1.7475543705405008
768 1.7475543705405008
769 1.7475543705405008
770 1.7475543705405008
771 1.7475543705405008
772 2.0456400927748772
773 2.0456400927748772
774 2.0456400927748772
775 2.0456400927748772
776 2.0456400927748772
777 1.5198893798211977
778 1.5198893798211977
779 1.5198893798211977
780 1.5198893798211977
781 1.5198893798211977
782 1.2686574350607864
783 1.2686574350607864
784 1.2686574350607864
785 1.2686574350607864
786 1.2686574350607864
787 1.2876236564514014
788 1.2876236564514014
789 1.2876236564514014
790 1.2876236564514014
791 1.2876236564514014
792 1.6630340624702957
793 1.6630340624702957
794 1.6630340624702957
795 1.6630340624702957
796 1.6630340624702957
797 1.3077330990585687
798 1.3077330990585687
799 1.3077330990585687
800 1.3077330990585687
801 1.3077330990585687
802 1.4240105465610986
803 1.4240105465610986
804 1.4240105465610986
805 1.4240105465610986
806 1.4240105465610986
807 1.285322208814596
808 1.285322208814596
809 1.285322208814596
810 1.285322208814596
811 1.285322208814596
812 1.3336245220602398
813 1.3336245220602398
814 1.3336245220602398
815 1.3336245220602398
816 1.3336245220602398
817 1.8565692201170836
818 1.8565692201170836
819 1.8565692201170836
820 1.8565692201170836
821 1.8565692201170836
822 1.9524478428196397
823 1.9524478428196397
824 1.9524478428196397
825 1.9524478428196397
826 1.9524478428196397
827 1.5801062887565231
828 1.5801062887565231
829 1.5801062887565231
830 1.5801062887565231
831 1.5801062887565231
832 1.726803180190019
833 1.726803180190019
834 1.726803180190019
835 1.726803180190019
836 1.726803180190019
837 1.338608242028893
838 1.338608242028893
839 1.338608242028893
840 1.338608242028893
841 1.338608242028893
842 1.4823516973921405
843 1.4823516973921405
844 1.4823516973921405
845 1.4823516973921405
846 1.4823516973921405
847 1.49134345308657
848 1.49134345308657
849 1.49134345308657
850 1.49134345308657
851 1.49134345308657
852 1.5558608359295016
853 1.5558608359295016
854 1.5558608359295016
855 1.5558608359295016
856 1.5558608359295016
857 1.310948507753779
858 1.310948507753779
859 1.310948507753779
860 1.310948507753779
861 1.310948507753779
862 1.9223949643184177
863 1.9223949643184177
864 1.9223949643184177
865 1.9223949643184177
866 1.9223949643184177
867 1.833563277905306
868 1.833563277905306
869 1.833563277905306
870 1.833563277905306
871 1.833563277905306
872 1.8485339100277969
873 1.8485339100277969
874 1.8485339100277969
875 1.8485339100277969
876 1.8485339100277969
877 1.7324932449734463
878 1.7324932449734463
879 1.7324932449734463
880 1.7324932449734463
881 1.7324932449734463
882 1.571842521326267
883 1.571842521326267
884 1.571842521326267
885 1.571842521326267
886 1.9059851082172863
887 1.9059851082172863
888 1.9059851082172863
889 1.9059851082172863
890 1.9059851082172863
891 2.2019942486835022
892 2.2019942486835022
893 2.2019942486835022
894 2.2019942486835022
895 2.2019942486835022
896 2.487235408470775
897 2.487235408470775
898 2.487235408470775
899 2.487235408470775
900 2.487235408470775
901 0.5688474874650018
902 0.5688474874650018
903 0.5688474874650018
904 0.5688474874650018
905 0.5688474874650018
906 0.63830561610657
907 0.63830561610657
908 0.63830561610657
909 0.63830561610657
910 0.63830561610657
911 0.5771687492951371
912 0.5771687492951371
913 0.5771687492951371
914 0.5771687492951371
915 0.5771687492951371
916 0.6326371525011574
917 0.6326371525011574
918 0.6326371525011574
919 0.6326371525011574
920 0.6326371525011574
921 0.721824691143081
922 0.721824691143081
923 0.721824691143081
924 0.721824691143081
925 0.721824691143081
926 0.7351925748828552
927 0.7351925748828552
928 0.7351925748828552
929 0.7351925748828552
930 0.7351925748828552
931 0.5300530764669853
932 0.5300530764669853
933 0.5300530764669853
934 0.5300530764669853
935 0.5300530764669853
936 0.5480615400012329
937 0.5480615400012329
938 0.5480615400012329
939 0.5480615400012329
940 0.5480615400012329
941 0.6550121304378361
942 0.6550121304378361
943 0.6550121304378361
944 0.6550121304378361
945 0.6550121304378361
946 0.590237187333988
947 0.590237187333988
948 0.590237187333988
949 0.590237187333988
950 0.590237187333988
951 0.7998548156854316
952 0.7998548156854316
953 0.7998548156854316
954 0.7998548156854316
955 0.7998548156854316
956 0.6770613825797454
957 0.6770613825797454
958 0.6770613825797454
959 0.6770613825797454
960 0.6770613825797454
961 0.6597911369634731
962 0.6597911369634731
963 0.6597911369634731
964 0.6597911369634731
965 0.6597911369634731
966 0.4622066530887177
967 0.4622066530887177
968 0.4622066530887177
969 0.4622066530887177
970 0.4622066530887177
971 0.8050515548956045
972 0.8050515548956045
973 0.8050515548956045
974 0.8050515548956045
975 0.8050515548956045
976 0.6661509946194891
977 0.6661509946194891
978 0.6661509946194891
979 0.6661509946194891
980 0.6661509946194891
981 0.8215171774610236
982 0.8215171774610236
983 0.8215171774610236
984 0.8215171774610236
985 0.8215171774610236
986 0.6451256796195531
987 0.6451256796195531
988 0.6451256796195531
989 0.6451256796195531
990 0.6451256796195531
991 0.5927265575576328
992 0.5927265575576328
993 0.5927265575576328
994 0.5927265575576328
995 0.5927265575576328
996 0.6619198137972377
997 0.6619198137972377
998 0.6619198137972377
999 0.6619198137972377
1000 0.6619198137972377
1001 0.6924607966623723
1002 0.6924607966623723
1003 0.6924607966623723
1004 0.6924607966623723
1005 0.6924607966623723
1006 0.4820218540593333
1007 0.4820218540593333
1008 0.4820218540593333
1009 0.4820218540593333
1010 0.4820218540593333
1011 0.6543633266616078
1012 0.6543633266616078
1013 0.6543633266616078
1014 0.6543633266616078
1015 0.6543633266616078
1016 4.295978652609038
1017 4.295978652609038
1018 4.295978652609038
1019 4.295978652609038
1020 4.295978652609038
1021 3.931245667598471
1022 3.931245667598471
1023 3.931245667598471
1024 3.931245667598471
1025 3.931245667598471
1026 3.9253922512997557
1027 3.9253922512997557
1028 3.9253922512997557
1029 3.9253922512997557
1030 3.9253922512997557
1031 2.873797355366662
1032 2.873797355366662
1033 2.873797355366662
1034 2.873797355366662
1035 2.873797355366662
1036 3.197943175432589
1037 3.197943175432589
1038 3.197943175432589
1039 3.197943175432589
1040 3.197943175432589
1041 3.490878451659169
1042 3.490878451659169
1043 3.490878451659169
1044 3.490878451659169
1045 3.490878451659169
1046 3.145524379017401
1047 3.145524379017401
1048 3.145524379017401
1049 3.145524379017401
1050 3.145524379017401
1051 3.1285249861234803
1052 3.1285249861234803
1053 3.1285249861234803
1054 3.1285249861234803
1055 3.1285249861234803
1056 2.6323606069182364
1057 2.6323606069182364
1058 2.6323606069182364
1059 2.6323606069182364
1060 2.6323606069182364
1061 3.371734853803672
1062 3.371734853803672
1063 3.371734853803672
1064 3.371734853803672
1065 3.371734853803672
1066 3.718806187732912
1067 3.718806187732912
1068 3.718806187732912
1069 3.718806187732912
1070 3.718806187732912
1071 1.97391397091664
1072 1.97391397091664
1073 1.97391397091664
1074 1.97391397091664
1075 1.97391397091664
1076 2.535052839202172
1077 2.535052839202172
1078 2.535052839202172
1079 2.535052839202172
1080 2.535052839202172
1081 2.0610669793659877
1082 2.0610669793659877
1083 2.0610669793659877
1084 2.0610669793659877
1085 2.0610669793659877
1086 2.4966244258551065
1087 2.4966244258551065
1088 2.4966244258551065
1089 2.4966244258551065
1090 2.4966244258551065
1091 2.298677522523111
1092 2.298677522523111
1093 2.298677522523111
1094 2.298677522523111
1095 2.298677522523111
1096 3.890707390425502
1097 3.890707390425502
1098 3.890707390425502
1099 3.890707390425502
1100 3.890707390425502
1101 2.2314201675748606
1102 2.2314201675748606
1103 2.2314201675748606
1104 2.2314201675748606
1105 2.2314201675748606
1106 3.9002441515467092
1107 3.9002441515467092
1108 3.9002441515467092
1109 3.9002441515467092
1110 3.9002441515467092
1111 3.45708825987125
1112 3.45708825987125
1113 3.45708825987125
1114 3.45708825987125
1115 3.45708825987125
1116 2.371301958296377
1117 2.371301958296377
1118 2.371301958296377
1119 2.371301958296377
1120 2.371301958296377
1121 3.6687942393091295
1122 3.6687942393091295
1123 3.6687942393091295
1124 3.6687942393091295
1125 3.6687942393091295
1126 3.7360689057202094
1127 3.7360689057202094
1128 3.7360689057202094
1129 3.7360689057202094
1130 3.7360689057202094
1131 3.4233402278024814
1132 3.4233402278024814
1133 3.4233402278024814
1134 3.4233402278024814
1135 3.4233402278024814
1136 1.1759446090192751
1137 1.1759446090192751
1138 1.1759446090192751
1139 1.1759446090192751
1140 1.1759446090192751
1141 2.0240309190907144
1142 2.0240309190907144
1143 2.0240309190907144
1144 2.0240309190907144
1145 0.8351684451871528
1146 0.8351684451871528
1147 0.8351684451871528
1148 0.8351684451871528
1149 0.8351684451871528
1150 1.0254094691842677
1151 1.0254094691842677
1152 1.0254094691842677
1153 1.0254094691842677
1154 1.0254094691842677
1155 0.6345884884638187
1156 0.6345884884638187
1157 0.6345884884638187
1158 0.6345884884638187
1159 0.6345884884638187
1160 0.5978297330288027
1161 0.5978297330288027
1162 0.5978297330288027
1163 0.5978297330288027
1164 0.5978297330288027
1165 1.290209042224093
1166 1.290209042224093
1167 1.290209042224093
1168 1.290209042224093
1169 1.290209042224093
1170 1.1540016993219566
1171 1.1540016993219566
1172 1.1540016993219566
1173 1.1540016993219566
1174 1.1540016993219566
1175 0.9617931659906545
1176 0.9617931659906545
1177 0.9617931659906545
1178 0.9617931659906545
1179 0.9617931659906545
1180 1.2117200887107022
1181 1.2117200887107022
1182 1.2117200887107022
1183 1.2117200887107022
1184 1.2117200887107022
1185 1.391258496713506
1186 1.391258496713506
1187 1.391258496713506
1188 1.391258496713506
1189 1.391258496713506
1190 0.1756554200621415
1191 0.1756554200621415
1192 0.1756554200621415
1193 0.1756554200621415
1194 0.1756554200621415
1195 0.19058893360828733
1196 0.19058893360828733
1197 0.19058893360828733
1198 0.19058893360828733
1199 0.19058893360828733
1200 0.16396821954834984
1201 0.16396821954834984
1202 0.16396821954834984
1203 0.16396821954834984
1204 2.2599128297926154
1205 2.2599128297926154
1206 2.2599128297926154
1207 2.2599128297926154
1208 2.2599128297926154
1209 2.550853940647817
1210 2.550853940647817
1211 2.550853940647817
1212 2.550853940647817
1213 2.550853940647817
1214 2.7761667524305316
1215 2.7761667524305316
1216 2.7761667524305316
1217 2.7761667524305316
1218 2.7761667524305316
1219 2.746156099403336
1220 2.746156099403336
1221 2.746156099403336
1222 2.746156099403336
1223 2.746156099403336
1224 2.7000606634701088
1225 2.7000606634701088
1226 2.7000606634701088
1227 2.7000606634701088
1228 2.7000606634701088
1229 1.5495566448480773
1230 1.5495566448480773
1231 1.8341558668823266
1232 1.8341558668823266
1233 1.8341558668823266
1234 1.8341558668823266
1235 1.8341558668823266
1236 1.7361902100976638
1237 4.264764244447117
1238 4.264764244447117
1239 4.264764244447117
1240 4.264764244447117
1241 4.264764244447117
1242 3.0310105665567306
1243 3.0310105665567306
1244 3.0310105665567306
1245 3.0310105665567306
1246 3.0310105665567306
1247 3.8355987559463935
1248 3.8355987559463935
1249 3.8355987559463935
1250 3.8355987559463935
1251 3.8355987559463935
1252 3.116683224417326
1253 3.116683224417326
1254 3.116683224417326
1255 3.116683224417326
1256 3.116683224417326
1257 3.6596759884686656
1258 3.6596759884686656
1259 3.6596759884686656
1260 3.6596759884686656
1261 3.6596759884686656
1262 4.441993168754686
1263 4.441993168754686
1264 4.441993168754686
1265 4.441993168754686
1266 4.441993168754686
1267 4.644613016502942
1268 4.644613016502942
1269 4.644613016502942
1270 4.644613016502942
1271 4.644613016502942
1272 3.821459457526411
1273 3.821459457526411
1274 3.821459457526411
1275 3.821459457526411
1276 3.821459457526411
1277 3.42193288383526
1278 3.42193288383526
1279 3.42193288383526
1280 3.42193288383526
1281 3.42193288383526
1282 3.6004381479941987
1283 3.6004381479941987
1284 3.6004381479941987
1285 3.6004381479941987
1286 3.6004381479941987
1287 3.878990008811384
1288 3.878990008811384
1289 3.878990008811384
1290 3.878990008811384
1291 3.878990008811384
1292 3.4119745241444166
1293 3.4119745241444166
1294 3.4119745241444166
1295 3.4119745241444166
1296 3.4119745241444166
1297 3.0073427878660053
1298 3.0073427878660053
1299 3.0073427878660053
1300 3.0073427878660053
1301 3.0073427878660053
1302 4.070276943199491
1303 4.070276943199491
1304 4.070276943199491
1305 4.070276943199491
1306 4.070276943199491
1307 4.417586463708186
1308 4.417586463708186
1309 4.417586463708186
1310 4.417586463708186
1311 4.417586463708186
1312 3.5746697021959943
1313 3.5746697021959943
1314 3.5746697021959943
1315 3.5746697021959943
1316 3.5746697021959943
1317 4.219180495652175
1318 4.219180495652175
1319 4.219180495652175
1320 4.219180495652175
1321 4.219180495652175
1322 4.208301073540807
1323 4.208301073540807
1324 1.5990757579485975
1325 1.5990757579485975
1326 1.5990757579485975
1327 1.5990757579485975
1328 1.5990757579485975
1329 1.4918610208417895
1330 1.4918610208417895
1331 1.4918610208417895
1332 1.4918610208417895
1333 1.4918610208417895
1334 1.6700403867535991
1335 1.6700403867535991
1336 1.6700403867535991
1337 1.6700403867535991
1338 1.6700403867535991
1339 1.7956643593198471
1340 1.7956643593198471
1341 1.7956643593198471
1342 1.7956643593198471
1343 1.7956643593198471
1344 1.5294274216945547
1345 1.5294274216945547
1346 1.5294274216945547
1347 1.5294274216945547
1348 1.5294274216945547
1349 1.6728374708042502
1350 1.6728374708042502
1351 1.6728374708042502
1352 1.6728374708042502
1353 1.6728374708042502
1354 1.4008795327615517
1355 1.4008795327615517
1356 1.4008795327615517
1357 1.4008795327615517
1358 1.4008795327615517
1359 1.8151786079261316
1360 1.8151786079261316
1361 1.8151786079261316
1362 1.8151786079261316
1363 1.8151786079261316
1364 1.4006592996350133
1365 1.4006592996350133
1366 1.4006592996350133
1367 1.4006592996350133
1368 1.4006592996350133
1369 1.348321778277654
1370 1.348321778277654
1371 1.348321778277654
1372 1.348321778277654
1373 1.348321778277654
1374 1.7937752102500957
1375 1.7937752102500957
1376 1.7937752102500957
1377 1.7937752102500957
1378 1.7937752102500957
1379 1.6236809667267134
1380 1.6236809667267134
1381 1.6236809667267134
1382 1.6236809667267134
1383 1.6236809667267134
1384 1.5725215168296771
1385 1.5725215168296771
1386 1.5725215168296771
1387 1.5725215168296771
1388 1.5725215168296771
1389 1.8679584922369388
1390 1.8679584922369388
1391 1.8679584922369388
1392 1.8679584922369388
1393 1.8679584922369388
1394 1.7804365638482205
1395 1.7804365638482205
1396 1.7804365638482205
1397 1.7804365638482205
1398 1.7804365638482205
1399 1.2459554120483032
1400 1.2459554120483032
1401 1.2459554120483032
1402 1.2459554120483032
1403 1.2459554120483032
1404 1.1356127732293728
1405 1.1356127732293728
1406 1.1356127732293728
1407 1.1356127732293728
1408 1.1356127732293728
1409 1.7241961709982254
1410 1.7241961709982254
1411 1.7241961709982254
1412 1.7241961709982254
1413 1.7241961709982254
1414 1.8243223493516711
1415 1.8243223493516711
1416 1.8243223493516711
1417 1.8243223493516711
1418 1.8243223493516711
1419 1.4625884922378112
1420 1.4625884922378112
1421 1.4625884922378112
1422 1.4625884922378112
1423 1.4625884922378112
1424 1.4469379481825984
1425 1.4469379481825984
1426 1.4469379481825984
1427 1.4469379481825984
1428 1.4469379481825984
1429 1.793882756492345
1430 1.793882756492345
1431 1.793882756492345
1432 1.793882756492345
1433 1.793882756492345
1434 1.5114692320747711
1435 1.5114692320747711
1436 1.5114692320747711
1437 1.5114692320747711
1438 1.5114692320747711
1439 2.0707595054721497
1440 2.0707595054721497
1441 2.0707595054721497
1442 2.0707595054721497
1443 2.0707595054721497
1444 1.4485650288667158
1445 1.4485650288667158
1446 1.4485650288667158
1447 1.4485650288667158
1448 1.4485650288667158
1449 1.5590004865725176
1450 1.5590004865725176
1451 1.5590004865725176
1452 1.5590004865725176
1453 1.5590004865725176
1454 1.8904452691168503
1455 1.8904452691168503
1456 1.8904452691168503
1457 1.8904452691168503
1458 1.8904452691168503
1459 1.4272018712367005
1460 1.4272018712367005
1461 1.4272018712367005
1462 1.4272018712367005
1463 1.4272018712367005
1464 1.6861483486208795
1465 1.6861483486208795
1466 1.6861483486208795
1467 1.6861483486208795
1468 1.6861483486208795
1469 1.892671132532994
1470 1.892671132532994
1471 1.892671132532994
1472 1.892671132532994
1473 1.892671132532994
1474 2.0747669815786134
1475 2.0747669815786134
1476 2.0747669815786134
1477 2.0747669815786134
1478 2.0747669815786134
1479 1.7377144889440992
1480 1.7377144889440992
1481 1.7377144889440992
1482 1.7377144889440992
1483 1.7377144889440992
1484 1.5253525904031484
1485 1.5253525904031484
1486 1.5253525904031484
1487 1.5253525904031484
1488 1.5253525904031484
1489 1.5236232912419392
1490 1.5236232912419392
1491 1.5236232912419392
1492 1.5236232912419392
1493 1.5236232912419392
1494 1.1810411926495925
1495 1.1810411926495925
1496 1.1810411926495925
1497 1.1810411926495925
1498 1.1810411926495925
1499 1.7084091228860974
1500 1.7084091228860974
1501 1.7084091228860974
1502 1.7084091228860974
1503 1.7084091228860974
1504 1.3039943920449
1505 1.3039943920449
1506 1.3039943920449
1507 1.3039943920449
1508 1.3039943920449
1509 1.2213650359042838
1510 1.2213650359042838
1511 1.2213650359042838
1512 1.2213650359042838
1513 1.2213650359042838
1514 1.4930145478175527
1515 1.4930145478175527
1516 1.4930145478175527
1517 1.4930145478175527
1518 1.4930145478175527
1519 1.5161791510674416
1520 1.5161791510674416
1521 1.5161791510674416
1522 1.5161791510674416
1523 1.5161791510674416
1524 1.2756318376477818
1525 1.2756318376477818
1526 1.2756318376477818
1527 1.2756318376477818
1528 1.2756318376477818
1529 1.3903245670586712
1530 1.3903245670586712
1531 1.3903245670586712
1532 1.3903245670586712
1533 1.3903245670586712
1534 2.343768922681276
1535 2.343768922681276
1536 2.343768922681276
1537 2.343768922681276
1538 2.343768922681276
1539 1.9228732723805273
1540 1.9228732723805273
1541 1.9228732723805273
1542 1.9228732723805273
1543 1.9228732723805273
1544 1.7127685627300573
1545 1.7127685627300573
1546 1.0479897882731917
1547 1.0479897882731917
1548 1.0479897882731917
1549 1.0479897882731917
1550 1.0479897882731917
1551 1.1934685877917681
1552 1.1934685877917681
1553 1.1934685877917681
1554 1.1934685877917681
1555 1.1934685877917681
1556 1.1939839351383918
1557 1.1939839351383918
1558 1.1939839351383918
1559 1.1939839351383918
1560 1.1939839351383918
1561 0.9922938514987467
1562 0.9922938514987467
1563 0.9922938514987467
1564 0.9922938514987467
1565 0.9922938514987467
1566 1.021106913380581
1567 1.021106913380581
1568 1.021106913380581
1569 1.021106913380581
1570 1.021106913380581
1571 1.1500437145722104
1572 1.1500437145722104
1573 1.1500437145722104
1574 1.1500437145722104
1575 1.1500437145722104
1576 1.1851075207630732
1577 1.1851075207630732
1578 1.1851075207630732
1579 1.1851075207630732
1580 1.1851075207630732
1581 1.029749136629958
1582 1.029749136629958
1583 1.029749136629958
1584 1.029749136629958
1585 1.029749136629958
1586 1.4553067366844934
1587 1.4553067366844934
1588 1.4553067366844934
1589 1.4553067366844934
1590 1.4553067366844934
1591 0.8509639461102834
1592 0.8509639461102834
1593 0.8509639461102834
1594 0.8509639461102834
1595 0.8509639461102834
1596 1.2161917313218351
1597 1.2161917313218351
1598 1.2161917313218351
1599 1.2161917313218351
1600 1.2161917313218351
1601 1.0238986077609973
1602 1.0238986077609973
1603 1.0238986077609973
1604 1.0238986077609973
1605 1.0238986077609973
1606 1.053454740130809
1607 1.053454740130809
1608 1.053454740130809
1609 1.053454740130809
1610 1.053454740130809
1611 0.8558995849282269
1612 0.8558995849282269
1613 0.8558995849282269
1614 0.8558995849282269
1615 0.8558995849282269
1616 0.9883806195166573
1617 0.9883806195166573
1618 0.9883806195166573
1619 0.9883806195166573
1620 0.9883806195166573
1621 0.9947636465112426
1622 0.9947636465112426
1623 0.9947636465112426
1624 0.9947636465112426
1625 0.9947636465112426
1626 1.0702932809634649
1627 1.0702932809634649
1628 1.0702932809634649
1629 1.0702932809634649
1630 1.0702932809634649
1631 1.1215481581998399
1632 1.1215481581998399
1633 1.1215481581998399
1634 1.1215481581998399
1635 1.1215481581998399
1636 1.0925711432972758
1637 1.0925711432972758
1638 1.0925711432972758
1639 1.0925711432972758
1640 1.0925711432972758
1641 1.1201247826520542
1642 1.1201247826520542
1643 1.1201247826520542
1644 1.1201247826520542
1645 1.1201247826520542
1646 1.2284148018160237
1647 1.2284148018160237
1648 1.2284148018160237
1649 1.2284148018160237
1650 1.2284148018160237
1651 1.6322608077065865
1652 1.6322608077065865
1653 1.6322608077065865
1654 1.6322608077065865
1655 1.6322608077065865
1656 0.9009391987604569
1657 0.9009391987604569
1658 0.9009391987604569
1659 0.9009391987604569
1660 0.9009391987604569
1661 1.2809448355230189
1662 1.2809448355230189
1663 1.2809448355230189
1664 1.2809448355230189
1665 1.2809448355230189
1666 1.1918240457429845
1667 1.1918240457429845
1668 1.1918240457429845
1669 1.1918240457429845
1670 1.1918240457429845
1671 1.116593600717031
1672 1.116593600717031
1673 1.116593600717031
1674 1.116593600717031
1675 1.116593600717031
1676 0.8821567715801963
1677 0.8821567715801963
1678 0.8821567715801963
1679 0.8821567715801963
1680 0.8821567715801963
1681 1.155743781767665
1682 1.155743781767665
1683 1.155743781767665
1684 1.155743781767665
1685 1.155743781767665
1686 0.8505343302007908
1687 0.8505343302007908
1688 0.8505343302007908
1689 0.8505343302007908
1690 0.8505343302007908
1691 1.1840244668252573
1692 1.1840244668252573
1693 1.1840244668252573
1694 1.1840244668252573
1695 1.1840244668252573
1696 1.2916206348142212
1697 1.2916206348142212
1698 1.2916206348142212
1699 1.2916206348142212
1700 1.2916206348142212
1701 0.8908707067205006
1702 0.8908707067205006
1703 0.8908707067205006
1704 0.8908707067205006
1705 0.8908707067205006
1706 1.1987607764482378
1707 1.1987607764482378
1708 1.1987607764482378
1709 1.1987607764482378
1710 1.1987607764482378
1711 1.2262448750166952
1712 1.2262448750166952
1713 1.2262448750166952
1714 1.2262448750166952
1715 1.2262448750166952
1716 0.8034202084167343
1717 0.8034202084167343
1718 0.8034202084167343
1719 0.8034202084167343
1720 0.8034202084167343
1721 1.060993318511524
1722 1.060993318511524
1723 1.060993318511524
1724 1.060993318511524
1725 1.060993318511524
1726 0.9880794657243096
1727 0.9880794657243096
1728 0.9880794657243096
1729 0.9880794657243096
1730 0.9880794657243096
1731 1.1820478757477753
1732 1.1820478757477753
1733 1.1820478757477753
1734 1.1820478757477753
1735 1.1820478757477753
1736 0.8208563237294917
1737 0.8208563237294917
1738 0.8208563237294917
1739 0.8208563237294917
1740 0.8208563237294917
1741 0.9681704844993302
1742 0.9681704844993302
1743 0.9681704844993302
1744 0.9681704844993302
1745 0.9681704844993302
1746 1.1358321175142985
1747 1.1358321175142985
1748 1.1358321175142985
1749 1.1358321175142985
1750 1.1358321175142985
1751 0.7956020190053934
1752 0.7956020190053934
1753 0.7956020190053934
1754 0.7956020190053934
1755 0.7956020190053934
1756 0.8463558092374508
1757 0.8463558092374508
1758 0.8463558092374508
1759 0.8463558092374508
1760 0.8463558092374508
1761 1.073314555351733
1762 1.073314555351733
1763 1.073314555351733
1764 1.073314555351733
1765 1.073314555351733
1766 1.2717958423397187
1767 1.2717958423397187
1768 1.2717958423397187
1769 1.2717958423397187
1770 1.2717958423397187
1771 1.0314861553194405
1772 1.0314861553194405
1773 1.0314861553194405
1774 3.767205624002345
1775 3.767205624002345
1776 3.767205624002345
1777 3.767205624002345
1778 3.767205624002345
1779 3.1381638791283404
1780 3.1381638791283404
1781 3.1381638791283404
1782 3.1381638791283404
1783 3.1381638791283404
1784 3.548085756040718
1785 3.548085756040718
1786 3.548085756040718
1787 3.548085756040718
1788 3.548085756040718
1789 4.406224506039509
1790 4.406224506039509
1791 4.406224506039509
1792 4.406224506039509
1793 4.406224506039509
1794 3.246210912845877
1795 3.246210912845877
1796 3.246210912845877
1797 3.246210912845877
1798 3.246210912845877
1799 3.2987123032009174
1800 3.2987123032009174
1801 3.2987123032009174
1802 3.2987123032009174
1803 3.2987123032009174
1804 3.7565320901935073
1805 3.7565320901935073
1806 3.7565320901935073
1807 3.7565320901935073
1808 3.7565320901935073
1809 3.3531907238004393
1810 3.3531907238004393
1811 3.3531907238004393
1812 3.3531907238004393
1813 3.3531907238004393
1814 2.47301855640689
1815 2.47301855640689
1816 2.47301855640689
1817 2.47301855640689
1818 2.47301855640689
1819 4.354381035065312
1820 4.354381035065312
1821 4.354381035065312
1822 4.354381035065312
1823 4.354381035065312
1824 3.4196745750948594
1825 3.4196745750948594
1826 3.4196745750948594
1827 3.4196745750948594
1828 3.4196745750948594
1829 2.9928605138613076
1830 2.9928605138613076
1831 2.9928605138613076
1832 2.9928605138613076
1833 2.9928605138613076
1834 3.369429838289285
1835 3.369429838289285
1836 3.369429838289285
1837 3.369429838289285
1838 3.369429838289285
1839 2.6490893732039607
1840 2.6490893732039607
1841 4.378328100210092
1842 4.378328100210092
1843 4.378328100210092
1844 4.378328100210092
1845 4.378328100210092
1846 3.2616249336048724
1847 3.2616249336048724
1848 3.2616249336048724
1849 3.2616249336048724
1850 3.2616249336048724
1851 2.050079333025403
1852 2.050079333025403
1853 2.050079333025403
1854 2.050079333025403
1855 2.050079333025403
1856 3.7872342335375975
1857 3.7872342335375975
1858 3.7872342335375975
1859 3.7872342335375975
1860 3.7872342335375975
1861 4.606668759912655
1862 4.606668759912655
1863 4.606668759912655
1864 4.606668759912655
1865 4.606668759912655
1866 2.9050516145593774
1867 2.9050516145593774
1868 2.9050516145593774
1869 2.9050516145593774
1870 2.9050516145593774
1871 3.8092050900783003
1872 3.8092050900783003
1873 3.8092050900783003
1874 3.8092050900783003
1875 3.8092050900783003
1876 3.339745335621831
1877 3.339745335621831
1878 3.339745335621831
1879 3.339745335621831
1880 3.339745335621831
1881 4.314510364317851
1882 4.314510364317851
1883 4.314510364317851
1884 4.314510364317851
1885 4.314510364317851
1886 3.4101143237798714
1887 3.4101143237798714
1888 3.4101143237798714
1889 3.4101143237798714
1890 3.4101143237798714
1891 4.501988855876526
1892 4.501988855876526
1893 2.960462157285462
1894 2.960462157285462
1895 2.960462157285462
1896 2.960462157285462
1897 2.960462157285462
1898 3.561508470284945
1899 3.561508470284945
1900 3.561508470284945
1901 3.561508470284945
1902 3.561508470284945
1903 4.626317334258827
1904 4.626317334258827
1905 4.626317334258827
1906 4.626317334258827
1907 4.626317334258827
1908 4.530065128815521
1909 4.530065128815521
1910 4.530065128815521
1911 4.530065128815521
1912 4.530065128815521
1913 3.3539514339964938
1914 3.3539514339964938
1915 3.3539514339964938
1916 3.3539514339964938
1917 3.3539514339964938
1918 2.6915866784460105
1919 2.6915866784460105
1920 2.6915866784460105
1921 2.6915866784460105
1922 2.6915866784460105
1923 3.435670291314272
1924 3.435670291314272
1925 3.435670291314272
1926 3.435670291314272
1927 3.435670291314272
1928 2.8235582966687742
1929 2.8235582966687742
1930 2.8235582966687742
1931 2.8235582966687742
1932 2.8235582966687742
1933 4.1748519410879785
1934 4.1748519410879785
1935 4.1748519410879785
1936 4.1748519410879785
1937 4.1748519410879785
1938 2.2467989381417333
1939 2.2467989381417333
1940 2.2467989381417333
1941 2.2467989381417333
1942 2.2467989381417333
1943 3.808099776674334
1944 3.808099776674334
1945 3.808099776674334
1946 3.808099776674334
1947 3.808099776674334
1948 3.7153873401081747
1949 3.7153873401081747
1950 3.7153873401081747
1951 3.7153873401081747
1952 3.7153873401081747
1953 3.3053297774091246
1954 3.3053297774091246
1955 3.3053297774091246
1956 3.3053297774091246
1957 3.3053297774091246
1958 4.154240172822237
1959 4.154240172822237
1960 4.154240172822237
1961 4.154240172822237
1962 4.154240172822237
1963 4.084651347410756
1964 4.084651347410756
1965 4.084651347410756
1966 4.084651347410756
1967 4.084651347410756
1968 1.7972415741215333
1969 1.7972415741215333
1970 1.7972415741215333
1971 1.7972415741215333
1972 4.414406151974133
1973 4.414406151974133
1974 4.414406151974133
1975 4.414406151974133
1976 4.414406151974133
1977 3.234753128857064
1978 3.234753128857064
1979 3.234753128857064
1980 3.234753128857064
1981 3.234753128857064
1982 4.149275601718484
1983 4.149275601718484
1984 4.149275601718484
1985 4.149275601718484
1986 4.149275601718484
1987 2.1828463207636744
1988 2.1828463207636744
1989 2.1828463207636744
1990 2.1828463207636744
1991 2.1828463207636744
1992 3.7022448902485765
1993 3.7022448902485765
1994 3.7022448902485765
1995 3.7022448902485765
1996 3.7022448902485765
1997 3.7604798170049323
1998 3.7604798170049323
1999 3.7604798170049323
