0 6.1199859109779275
1 6.1199859109779275
2 6.1199859109779275
3 6.1199859109779275
4 6.1199859109779275
5 4.843266754839497
6 4.843266754839497
7 4.843266754839497
8 4.843266754839497
9 4.843266754839497
10 3.070092677993755
11 3.070092677993755
12 3.070092677993755
13 3.070092677993755
14 3.070092677993755
15 4.337769942214948
16 4.337769942214948
17 4.337769942214948
18 4.337769942214948
19 4.337769942214948
20 3.444749824788551
21 3.444749824788551
22 3.444749824788551
23 3.444749824788551
24 3.444749824788551
25 4.897746746114095
26 4.897746746114095
27 4.897746746114095
28 4.897746746114095
29 4.897746746114095
30 1.3255098652428596
31 1.3255098652428596
32 1.3255098652428596
33 1.3255098652428596
34 1.3255098652428596
35 1.8927583120601243
36 1.8927583120601243
37 1.8927583120601243
38 1.8927583120601243
39 1.8927583120601243
40 1.848008618597197
41 1.848008618597197
42 1.848008618597197
43 1.848008618597197
44 1.848008618597197
45 1.6821081119283345
46 1.6821081119283345
47 1.6821081119283345
48 1.6821081119283345
49 1.6821081119283345
50 0.37004053453654673
51 0.37004053453654673
52 0.37004053453654673
53 0.37004053453654673
54 0.37004053453654673
55 2.149232483521455
56 2.149232483521455
57 2.149232483521455
58 2.149232483521455
59 2.149232483521455
60 2.285031335586692
61 2.285031335586692
62 2.285031335586692
63 2.285031335586692
64 2.285031335586692
65 1.8782794482321008
66 1.8782794482321008
67 1.8782794482321008
68 1.8782794482321008
69 1.8782794482321008
70 0.8527292221994175
71 0.8527292221994175
72 0.8527292221994175
73 0.8527292221994175
74 0.8527292221994175
75 1.4810862635653317
76 1.4810862635653317
77 1.4810862635653317
78 1.4810862635653317
79 1.4810862635653317
80 0.4692267616854251
81 0.4692267616854251
82 0.4692267616854251
83 0.4692267616854251
84 0.4692267616854251
85 2.1925305379665203
86 2.1925305379665203
87 2.1925305379665203
88 2.1925305379665203
89 2.1925305379665203
90 2.0251368769605094
91 2.0251368769605094
92 2.0251368769605094
93 2.0251368769605094
94 2.0251368769605094
95 1.276635241657584
96 1.276635241657584
97 1.276635241657584
98 1.276635241657584
99 1.276635241657584
100 1.3763387373564717
101 1.3763387373564717
102 1.3763387373564717
103 1.3763387373564717
104 1.3763387373564717
105 1.902194787282283
106 1.902194787282283
107 1.902194787282283
108 1.902194787282283
109 1.902194787282283
110 1.944390617102621
111 1.944390617102621
112 1.944390617102621
113 1.944390617102621
114 1.944390617102621
115 1.9322548990850925
116 1.9322548990850925
117 1.9322548990850925
118 1.9322548990850925
119 1.9322548990850925
120 1.2145134068915686
121 1.2145134068915686
122 1.2145134068915686
123 1.2145134068915686
124 1.2145134068915686
125 1.6280728348789468
126 1.6280728348789468
127 1.6280728348789468
128 1.6280728348789468
129 1.6280728348789468
130 1.0421803317860565
131 1.0421803317860565
132 1.0421803317860565
133 1.0421803317860565
134 1.0421803317860565
135 1.9396149757702918
136 1.9396149757702918
137 1.9396149757702918
138 1.9396149757702918
139 1.9396149757702918
140 0.9925077581859719
141 0.9925077581859719
142 0.9925077581859719
143 0.9925077581859719
144 0.9925077581859719
145 1.354493180229663
146 1.354493180229663
147 1.354493180229663
148 1.354493180229663
149 1.354493180229663
150 1.435212012302792
151 1.435212012302792
152 1.435212012302792
153 1.435212012302792
154 1.435212012302792
155 1.6617490377313
156 1.6617490377313
157 1.6617490377313
158 1.6617490377313
159 1.6617490377313
160 1.2946994874474043
161 1.2946994874474043
162 1.2946994874474043
163 1.2946994874474043
164 1.2946994874474043
165 1.8977081757935528
166 1.8977081757935528
167 1.8977081757935528
168 1.8977081757935528
169 1.8977081757935528
170 1.9214563970737775
171 1.9214563970737775
172 1.9214563970737775
173 1.9214563970737775
174 1.9214563970737775
175 1.580799312140105
176 1.580799312140105
177 1.580799312140105
178 1.580799312140105
179 1.580799312140105
180 1.2440921450963067
181 1.2440921450963067
182 1.2440921450963067
183 1.2440921450963067
184 1.2440921450963067
185 1.958986369701106
186 1.958986369701106
187 1.958986369701106
188 1.958986369701106
189 1.958986369701106
190 1.636131161701003
191 1.636131161701003
192 1.636131161701003
193 1.636131161701003
194 1.636131161701003
195 3.1032195531249167
196 3.1032195531249167
197 3.1032195531249167
198 3.1032195531249167
199 3.1032195531249167
200 2.802194769145083
201 2.802194769145083
202 2.802194769145083
203 2.802194769145083
204 2.802194769145083
205 2.032258083249524
206 2.032258083249524
207 2.032258083249524
208 2.032258083249524
209 2.032258083249524
210 1.3416889857739793
211 1.3416889857739793
212 1.3416889857739793
213 1.3416889857739793
214 1.3416889857739793
215 2.270365179595552
216 2.270365179595552
217 2.270365179595552
218 2.270365179595552
219 2.270365179595552
220 2.060271087243424
221 2.060271087243424
222 2.060271087243424
223 2.060271087243424
224 2.060271087243424
225 2.7816746428041057
226 2.7816746428041057
227 2.7816746428041057
228 2.7816746428041057
229 2.7816746428041057
230 3.651200667367158
231 3.651200667367158
232 3.651200667367158
233 3.651200667367158
234 3.651200667367158
235 0.8807800807838719
236 0.8807800807838719
237 0.8807800807838719
238 0.8807800807838719
239 0.8807800807838719
240 2.570519864349757
241 2.570519864349757
242 2.570519864349757
243 2.570519864349757
244 2.570519864349757
245 2.017067025897938
246 2.017067025897938
247 2.017067025897938
248 2.017067025897938
249 2.017067025897938
250 2.1146622407099858
251 2.1146622407099858
252 2.1146622407099858
253 2.1146622407099858
254 2.1146622407099858
255 2.091921136577362
256 2.091921136577362
257 2.091921136577362
258 2.091921136577362
259 2.091921136577362
260 2.498535335922415
261 2.498535335922415
262 2.498535335922415
263 2.498535335922415
264 2.498535335922415
265 2.3105156349011358
266 2.3105156349011358
267 2.3105156349011358
268 2.3105156349011358
269 2.3105156349011358
270 1.6210136643067048
271 1.6210136643067048
272 1.6210136643067048
273 1.6210136643067048
274 1.6210136643067048
275 1.977557453592809
276 1.977557453592809
277 1.977557453592809
278 1.977557453592809
279 1.977557453592809
280 1.5304675911546708
281 1.5304675911546708
282 1.5304675911546708
283 1.5304675911546708
284 1.5304675911546708
285 1.4293853747032519
286 1.4293853747032519
287 1.4293853747032519
288 1.4293853747032519
289 1.4293853747032519
290 2.6431884590289774
291 2.6431884590289774
292 2.6431884590289774
293 2.6431884590289774
294 2.6431884590289774
295 0.5719900875582644
296 0.5719900875582644
297 0.5719900875582644
298 0.5719900875582644
299 1.5968005419293703
300 1.5968005419293703
301 1.5968005419293703
302 1.5968005419293703
303 1.5968005419293703
304 4.3654537924257415
305 4.3654537924257415
306 4.3654537924257415
307 4.3654537924257415
308 4.3654537924257415
309 1.4179359621467007
310 1.4179359621467007
311 1.4179359621467007
312 1.4179359621467007
313 1.4179359621467007
314 3.217495015488388
315 3.217495015488388
316 3.217495015488388
317 3.217495015488388
318 3.217495015488388
319 1.7672535292921818
320 1.7672535292921818
321 1.7672535292921818
322 1.7672535292921818
323 1.7672535292921818
324 1.404696016042058
325 1.404696016042058
326 1.404696016042058
327 1.404696016042058
328 1.404696016042058
329 4.172078642683132
330 4.172078642683132
331 4.172078642683132
332 4.172078642683132
333 4.172078642683132
334 2.7679325339489123
335 2.7679325339489123
336 2.7679325339489123
337 2.7679325339489123
338 2.7679325339489123
339 3.849495582571876
340 3.849495582571876
341 3.849495582571876
342 3.849495582571876
343 3.849495582571876
344 2.0877008329954703
345 2.0877008329954703
346 2.0877008329954703
347 2.0877008329954703
348 2.0877008329954703
349 2.073481178493549
350 2.073481178493549
351 2.073481178493549
352 2.073481178493549
353 2.073481178493549
354 2.892815245824384
355 2.892815245824384
356 2.892815245824384
357 2.892815245824384
358 2.892815245824384
359 2.8079201615409293
360 2.8079201615409293
361 2.8079201615409293
362 2.8079201615409293
363 2.8079201615409293
364 3.164933370048621
365 3.164933370048621
366 3.164933370048621
367 3.164933370048621
368 3.164933370048621
369 2.5673060280023488
370 2.5673060280023488
371 2.5673060280023488
372 2.5673060280023488
373 2.5673060280023488
374 3.463225056820035
375 3.463225056820035
376 3.463225056820035
377 3.463225056820035
378 3.463225056820035
379 1.640980393566539
380 1.640980393566539
381 1.640980393566539
382 1.640980393566539
383 1.640980393566539
384 4.280966060155042
385 4.280966060155042
386 4.280966060155042
387 4.280966060155042
388 4.280966060155042
389 3.5735611293694367
390 3.5735611293694367
391 3.5735611293694367
392 3.5735611293694367
393 3.5735611293694367
394 4.00092645991473
395 4.00092645991473
396 4.00092645991473
397 4.00092645991473
398 4.00092645991473
399 1.8650479041579766
400 1.8650479041579766
401 1.8650479041579766
402 1.8650479041579766
403 1.8650479041579766
404 2.678105085047406
405 2.678105085047406
406 2.678105085047406
407 2.678105085047406
408 2.678105085047406
409 2.8448557199173328
410 2.8448557199173328
411 2.8448557199173328
412 2.8448557199173328
413 2.8448557199173328
414 3.373457385008038
415 3.373457385008038
416 3.373457385008038
417 3.373457385008038
418 3.373457385008038
419 3.5686361881478135
420 3.5686361881478135
421 3.5686361881478135
422 3.5686361881478135
423 3.5686361881478135
424 3.3055889749361236
425 7.245337948316816
426 7.245337948316816
427 7.245337948316816
428 7.245337948316816
429 7.245337948316816
430 5.272021263204588
431 5.272021263204588
432 5.272021263204588
433 5.272021263204588
434 5.272021263204588
435 3.3168852371440702
436 3.3168852371440702
437 3.3168852371440702
438 3.3168852371440702
439 3.3168852371440702
440 5.925699826714462
441 5.925699826714462
442 5.925699826714462
443 5.925699826714462
444 5.925699826714462
445 3.194087904440396
446 3.194087904440396
447 3.194087904440396
448 3.194087904440396
449 3.194087904440396
450 3.84761035692715
451 3.84761035692715
452 3.84761035692715
453 3.84761035692715
454 3.84761035692715
455 3.66905016898435
456 3.66905016898435
457 3.66905016898435
458 3.66905016898435
459 3.66905016898435
460 4.787370451506416
461 4.787370451506416
462 4.787370451506416
463 4.787370451506416
464 4.787370451506416
465 4.840912067719454
466 4.840912067719454
467 4.840912067719454
468 4.840912067719454
469 4.840912067719454
470 2.1997151311381646
471 2.1997151311381646
472 2.1997151311381646
473 2.1997151311381646
474 2.1997151311381646
475 4.808214839592431
476 4.808214839592431
477 4.808214839592431
478 4.808214839592431
479 4.808214839592431
480 7.114061595794512
481 7.114061595794512
482 7.114061595794512
483 7.114061595794512
484 7.114061595794512
485 4.345362564028561
486 4.345362564028561
487 4.345362564028561
488 4.345362564028561
489 4.345362564028561
490 5.920472005468596
491 5.920472005468596
492 5.920472005468596
493 5.920472005468596
494 5.920472005468596
495 4.603029755217626
496 4.603029755217626
497 4.603029755217626
498 4.603029755217626
499 4.603029755217626
500 3.846194802279528
501 3.846194802279528
502 3.846194802279528
503 3.846194802279528
504 3.846194802279528
505 2.9345612219367148
506 2.9345612219367148
507 2.9345612219367148
508 2.9345612219367148
509 2.9345612219367148
510 5.0835768079841355
511 5.0835768079841355
512 5.0835768079841355
513 5.0835768079841355
514 5.0835768079841355
515 4.053293582616555
516 4.053293582616555
517 4.053293582616555
518 4.053293582616555
519 4.053293582616555
520 4.388733192993394
521 4.388733192993394
522 4.388733192993394
523 4.388733192993394
524 4.388733192993394
525 4.979686457867768
526 4.979686457867768
527 4.979686457867768
528 4.979686457867768
529 4.979686457867768
530 2.6951896500503993
531 2.6951896500503993
532 2.6951896500503993
533 2.6951896500503993
534 2.6951896500503993
535 5.136832398545086
536 5.136832398545086
537 5.136832398545086
538 5.136832398545086
539 5.136832398545086
540 6.075493725870805
541 6.075493725870805
542 6.075493725870805
543 6.075493725870805
544 6.075493725870805
545 4.7600880042773435
546 4.7600880042773435
547 4.7600880042773435
548 4.7600880042773435
549 4.7600880042773435
550 4.571381241091685
551 4.571381241091685
552 4.571381241091685
553 4.571381241091685
554 4.571381241091685
555 5.039473291227905
556 5.039473291227905
557 5.039473291227905
558 5.039473291227905
559 5.039473291227905
560 3.8037863472166955
561 3.8037863472166955
562 3.8037863472166955
563 3.8037863472166955
564 3.8037863472166955
565 5.241165863901742
566 5.241165863901742
567 5.241165863901742
568 5.241165863901742
569 5.241165863901742
570 3.820634228600153
571 3.820634228600153
572 3.820634228600153
573 3.820634228600153
574 3.820634228600153
575 4.996733602065464
576 4.996733602065464
577 4.996733602065464
578 4.996733602065464
579 4.996733602065464
580 4.474346982111031
581 4.474346982111031
582 4.474346982111031
583 4.474346982111031
584 4.474346982111031
585 5.216012140708361
586 5.216012140708361
587 5.216012140708361
588 5.216012140708361
589 5.216012140708361
590 5.8388272649535224
591 5.8388272649535224
592 5.8388272649535224
593 5.8388272649535224
594 5.8388272649535224
595 4.147153366427421
596 4.147153366427421
597 4.147153366427421
598 4.147153366427421
599 4.147153366427421
600 6.181551874380643
601 6.181551874380643
602 6.181551874380643
603 6.181551874380643
604 6.181551874380643
605 4.875307606048501
606 4.875307606048501
607 4.875307606048501
608 4.875307606048501
609 4.875307606048501
610 2.3562813900046273
611 2.3562813900046273
612 2.3562813900046273
613 2.3562813900046273
614 2.3562813900046273
615 3.903856201968017
616 3.903856201968017
617 3.903856201968017
618 3.903856201968017
619 3.903856201968017
620 4.079261833965178
621 4.079261833965178
622 4.079261833965178
623 4.079261833965178
624 4.079261833965178
625 4.576669760975934
626 4.576669760975934
627 4.576669760975934
628 4.576669760975934
629 4.576669760975934
630 6.885910100802023
631 6.885910100802023
632 6.885910100802023
633 6.885910100802023
634 6.885910100802023
635 4.460378186037694
636 4.460378186037694
637 4.460378186037694
638 4.460378186037694
639 4.460378186037694
640 6.757474551285904
641 6.757474551285904
642 6.757474551285904
643 6.757474551285904
644 6.757474551285904
645 3.6061878587435032
646 3.6061878587435032
647 3.6061878587435032
648 3.6061878587435032
649 3.6061878587435032
650 3.5208683502551974
651 3.5208683502551974
652 3.5208683502551974
653 3.5208683502551974
654 3.5208683502551974
655 5.484632553433481
656 5.484632553433481
657 5.484632553433481
658 5.484632553433481
659 5.484632553433481
660 2.729221954636035
661 2.729221954636035
662 2.729221954636035
663 2.729221954636035
664 2.729221954636035
665 4.347108910276153
666 4.347108910276153
667 4.347108910276153
668 4.347108910276153
669 4.347108910276153
670 7.359150834939822
671 7.359150834939822
672 7.359150834939822
673 7.359150834939822
674 7.359150834939822
675 4.532529215365238
676 4.532529215365238
677 4.532529215365238
678 4.532529215365238
679 4.532529215365238
680 3.7122727778239097
681 3.7122727778239097
682 3.7122727778239097
683 3.7122727778239097
684 3.7122727778239097
685 6.346674675369139
686 6.346674675369139
687 6.346674675369139
688 6.346674675369139
689 6.346674675369139
690 6.028083801356885
691 6.028083801356885
692 6.028083801356885
693 6.028083801356885
694 6.028083801356885
695 4.196857441016944
696 4.196857441016944
697 4.196857441016944
698 4.196857441016944
699 4.196857441016944
700 2.86970787990827
701 2.86970787990827
702 2.86970787990827
703 2.86970787990827
704 2.86970787990827
705 5.156480300417239
706 5.156480300417239
707 5.156480300417239
708 5.156480300417239
709 5.156480300417239
710 5.759888870397543
711 5.759888870397543
712 5.759888870397543
713 5.759888870397543
714 5.759888870397543
715 3.1272447135760326
716 3.1272447135760326
717 3.1272447135760326
718 3.1272447135760326
719 3.1272447135760326
720 4.259118671440883
721 4.259118671440883
722 4.259118671440883
723 4.259118671440883
724 4.259118671440883
725 4.184006826336496
726 4.184006826336496
727 4.184006826336496
728 4.184006826336496
729 4.184006826336496
730 2.3280659656837113
731 2.3280659656837113
732 2.3280659656837113
733 2.3280659656837113
734 2.3280659656837113
735 2.3786079293208147
736 2.3786079293208147
737 2.3786079293208147
738 2.3786079293208147
739 2.3786079293208147
740 1.9113443600981688
741 1.9113443600981688
742 1.9113443600981688
743 1.9113443600981688
744 1.9113443600981688
745 4.397954146995247
746 4.397954146995247
747 4.397954146995247
748 4.397954146995247
749 4.397954146995247
750 4.865773028640666
751 4.865773028640666
752 4.865773028640666
753 4.865773028640666
754 4.865773028640666
755 5.9424478206654685
756 5.9424478206654685
757 5.9424478206654685
758 5.9424478206654685
759 5.9424478206654685
760 3.202883764484
761 3.202883764484
762 3.202883764484
763 3.202883764484
764 3.202883764484
765 4.162658229811836
766 4.162658229811836
767 4.162658229811836
768 4.162658229811836
769 4.162658229811836
770 5.100771005416322
771 5.100771005416322
772 5.100771005416322
773 5.100771005416322
774 5.100771005416322
775 4.145178983710184
776 4.145178983710184
777 4.145178983710184
778 4.145178983710184
779 4.145178983710184
780 1.370828879723516
781 1.370828879723516
782 1.370828879723516
783 1.370828879723516
784 1.370828879723516
785 1.738935682751591
786 1.738935682751591
787 1.738935682751591
788 1.738935682751591
789 1.738935682751591
790 1.6497129634796373
791 1.6497129634796373
792 1.6497129634796373
793 1.6497129634796373
794 1.6497129634796373
795 1.2185672354565584
796 1.2185672354565584
797 1.2185672354565584
798 1.2185672354565584
799 1.2185672354565584
800 0.7823401077561813
801 0.7823401077561813
802 0.7823401077561813
803 0.7823401077561813
804 0.7823401077561813
805 1.0340113084915235
806 1.0340113084915235
807 5.3915387318484385
808 5.3915387318484385
809 5.3915387318484385
810 5.3915387318484385
811 5.3915387318484385
812 3.3114559965206656
813 3.3114559965206656
814 3.3114559965206656
815 3.3114559965206656
816 3.3114559965206656
817 2.8997883566955567
818 2.8997883566955567
819 2.8997883566955567
820 2.8997883566955567
821 2.8997883566955567
822 1.912893452162807
823 1.912893452162807
824 1.912893452162807
825 1.912893452162807
826 1.912893452162807
827 4.640534712780221
828 4.640534712780221
829 4.640534712780221
830 4.640534712780221
831 4.640534712780221
832 3.7370584538239364
833 3.7370584538239364
834 3.7370584538239364
835 3.7370584538239364
836 3.7370584538239364
837 4.0084267533581
838 4.0084267533581
839 4.0084267533581
840 4.0084267533581
841 4.0084267533581
842 5.57551044459656
843 5.57551044459656
844 5.57551044459656
845 5.57551044459656
846 5.57551044459656
847 5.415615763300524
848 5.415615763300524
849 5.415615763300524
850 5.415615763300524
851 5.415615763300524
852 1.6506202624236175
853 1.6506202624236175
854 1.6506202624236175
855 1.6506202624236175
856 1.6506202624236175
857 5.877354139717245
858 5.877354139717245
859 5.877354139717245
860 5.877354139717245
861 5.877354139717245
862 4.724247437832076
863 4.724247437832076
864 4.724247437832076
865 4.724247437832076
866 4.724247437832076
867 4.173535063787593
868 4.173535063787593
869 4.173535063787593
870 4.173535063787593
871 4.173535063787593
872 3.2504859975974476
873 3.2504859975974476
874 3.2504859975974476
875 3.2504859975974476
876 3.2504859975974476
877 2.808513305065313
878 2.808513305065313
879 2.808513305065313
880 2.808513305065313
881 2.808513305065313
882 3.939875687150394
883 3.939875687150394
884 3.939875687150394
885 3.939875687150394
886 3.939875687150394
887 3.2718725420030395
888 3.2718725420030395
889 3.2718725420030395
890 3.2718725420030395
891 3.2718725420030395
892 3.5270931928763027
893 3.5270931928763027
894 3.5270931928763027
895 3.5270931928763027
896 0.5617396209490998
897 0.5617396209490998
898 0.5617396209490998
899 0.5617396209490998
900 0.5617396209490998
901 0.7313538799264016
902 0.7313538799264016
903 0.7313538799264016
904 0.7313538799264016
905 0.7313538799264016
906 0.5420905063371271
907 0.5420905063371271
908 0.5420905063371271
909 0.5420905063371271
910 0.5420905063371271
911 0.6810687220869217
912 0.6810687220869217
913 0.6810687220869217
914 0.6810687220869217
915 0.6810687220869217
916 0.5388963175273972
917 0.5388963175273972
918 0.5388963175273972
919 0.5388963175273972
920 0.5388963175273972
921 0.5856047347412671
922 0.5856047347412671
923 0.5856047347412671
924 0.5856047347412671
925 0.5856047347412671
926 0.636412458823771
927 0.636412458823771
928 0.636412458823771
929 0.636412458823771
930 0.636412458823771
931 2.2197234152538923
932 2.2197234152538923
933 2.2197234152538923
934 2.2197234152538923
935 2.2197234152538923
936 1.4595190858813019
937 1.4595190858813019
938 1.4595190858813019
939 1.4595190858813019
940 1.4595190858813019
941 2.0235615378906906
942 2.0235615378906906
943 2.0235615378906906
944 2.0235615378906906
945 2.0235615378906906
946 1.1624623198162363
947 1.1624623198162363
948 1.1624623198162363
949 1.1624623198162363
950 1.1624623198162363
951 1.8912975384706119
952 1.8912975384706119
953 1.8912975384706119
954 1.8912975384706119
955 1.8912975384706119
956 2.7337045046432444
957 2.7337045046432444
958 2.7337045046432444
959 2.7337045046432444
960 2.7337045046432444
961 1.6162650365121185
962 1.6162650365121185
963 1.6162650365121185
964 1.6162650365121185
965 1.6162650365121185
966 2.74150377764563
967 2.74150377764563
968 2.74150377764563
969 2.74150377764563
970 2.74150377764563
971 2.4898267768776092
972 2.4898267768776092
973 2.4898267768776092
974 2.4898267768776092
975 2.4898267768776092
976 0.6278520733408823
977 0.6278520733408823
978 0.6278520733408823
979 0.6278520733408823
980 0.6278520733408823
981 1.5749494043342147
982 1.5749494043342147
983 1.5749494043342147
984 1.5749494043342147
985 1.5749494043342147
986 2.1997217036424153
987 2.1997217036424153
988 2.1997217036424153
989 2.1997217036424153
990 2.1997217036424153
991 2.986116124789431
992 2.986116124789431
993 2.986116124789431
994 2.986116124789431
995 2.986116124789431
996 2.333443092137527
997 1.627475968081886
998 1.627475968081886
999 1.627475968081886
1000 1.627475968081886
1001 1.627475968081886
1002 1.2896918492367702
1003 1.2896918492367702
1004 1.2896918492367702
1005 1.2896918492367702
1006 1.2896918492367702
1007 1.9595298666036358
1008 1.9595298666036358
1009 1.9595298666036358
1010 1.9595298666036358
1011 1.9595298666036358
1012 1.6524628402170816
1013 1.6524628402170816
1014 1.6524628402170816
1015 1.6524628402170816
1016 1.6524628402170816
1017 1.335228318950928
1018 1.335228318950928
1019 1.335228318950928
1020 1.335228318950928
1021 1.335228318950928
1022 1.996290335370996
1023 1.996290335370996
1024 1.996290335370996
1025 1.996290335370996
1026 1.996290335370996
1027 1.7953957984251467
1028 1.7953957984251467
1029 1.7953957984251467
1030 1.7953957984251467
1031 1.7953957984251467
1032 1.7033661430486176
1033 1.7033661430486176
1034 1.7033661430486176
1035 1.7033661430486176
1036 1.7033661430486176
1037 2.029604686278525
1038 2.029604686278525
1039 2.029604686278525
1040 2.029604686278525
1041 2.029604686278525
1042 1.17592339046028
1043 1.17592339046028
1044 1.17592339046028
1045 1.17592339046028
1046 1.17592339046028
1047 1.555358225630864
1048 1.555358225630864
1049 1.555358225630864
1050 1.555358225630864
1051 1.555358225630864
1052 1.8954355407673986
1053 1.8954355407673986
1054 1.8954355407673986
1055 1.8954355407673986
1056 1.8954355407673986
1057 2.356559226674295
1058 2.356559226674295
1059 2.356559226674295
1060 2.356559226674295
1061 2.356559226674295
1062 0.7169670173795654
1063 0.7169670173795654
1064 0.7169670173795654
1065 0.7169670173795654
1066 2.7007172684842575
1067 2.7007172684842575
1068 2.7007172684842575
1069 2.7007172684842575
1070 2.7007172684842575
1071 2.6996824994408026
1072 2.6996824994408026
1073 2.6996824994408026
1074 2.6996824994408026
1075 2.6996824994408026
1076 1.3934228522740102
1077 1.3934228522740102
1078 1.3934228522740102
1079 0.6088287167815951
1080 0.6088287167815951
1081 0.6088287167815951
1082 0.6088287167815951
1083 0.6088287167815951
1084 0.9913333986543809
1085 0.9913333986543809
1086 0.9913333986543809
1087 0.9913333986543809
1088 0.9913333986543809
1089 0.8593692407892212
1090 0.8593692407892212
1091 3.7471636527280463
1092 3.7471636527280463
1093 3.7471636527280463
1094 3.7471636527280463
1095 3.7471636527280463
1096 2.978146362212776
1097 2.978146362212776
1098 2.978146362212776
1099 2.978146362212776
1100 2.978146362212776
1101 2.847356156564191
1102 2.847356156564191
1103 2.847356156564191
1104 2.847356156564191
1105 2.847356156564191
1106 3.901168500633593
1107 3.901168500633593
1108 3.901168500633593
1109 3.901168500633593
1110 3.901168500633593
1111 5.128266097434836
1112 5.128266097434836
1113 5.128266097434836
1114 5.128266097434836
1115 5.128266097434836
1116 5.435774524834329
1117 5.435774524834329
1118 5.435774524834329
1119 5.435774524834329
1120 5.435774524834329
1121 0.7670559940518422
1122 0.7670559940518422
1123 0.7670559940518422
1124 0.7670559940518422
1125 1.7623027753289375
1126 1.7623027753289375
1127 1.7623027753289375
1128 1.7623027753289375
1129 1.7623027753289375
1130 2.6582588441494064
1131 2.6582588441494064
1132 2.6582588441494064
1133 2.6582588441494064
1134 2.6582588441494064
1135 3.266530224758316
1136 3.266530224758316
1137 3.266530224758316
1138 3.266530224758316
1139 3.266530224758316
1140 2.2147825482370744
1141 2.2147825482370744
1142 2.2147825482370744
1143 2.2147825482370744
1144 4.009865549559615
1145 4.009865549559615
1146 4.009865549559615
1147 4.009865549559615
1148 4.009865549559615
1149 2.994556323737077
1150 2.994556323737077
1151 2.994556323737077
1152 2.994556323737077
1153 2.994556323737077
1154 5.158924822838227
1155 5.158924822838227
1156 5.158924822838227
1157 5.158924822838227
1158 5.158924822838227
1159 2.7150117810862313
1160 2.7150117810862313
1161 2.7150117810862313
1162 2.7150117810862313
1163 2.7150117810862313
1164 2.3826539274554435
1165 2.3826539274554435
1166 2.3826539274554435
1167 2.3826539274554435
1168 2.3826539274554435
1169 4.110054881374272
1170 4.110054881374272
1171 4.110054881374272
1172 4.110054881374272
1173 3.1046565524664334
1174 3.1046565524664334
1175 3.1046565524664334
1176 0.8059427722237066
1177 0.8059427722237066
1178 0.8059427722237066
1179 0.8059427722237066
1180 0.8059427722237066
1181 0.5602760622609911
1182 0.5602760622609911
1183 0.5602760622609911
1184 0.5602760622609911
1185 0.5602760622609911
1186 0.4483795124667076
1187 0.4483795124667076
1188 0.4483795124667076
1189 4.0295937931737305
1190 4.0295937931737305
1191 4.0295937931737305
1192 4.0295937931737305
1193 4.0295937931737305
1194 3.420448748947295
1195 3.420448748947295
1196 3.420448748947295
1197 3.420448748947295
1198 3.420448748947295
1199 2.332839076925192
1200 2.332839076925192
1201 2.332839076925192
1202 2.332839076925192
1203 2.332839076925192
1204 2.86800130115774
1205 2.86800130115774
1206 2.86800130115774
1207 2.86800130115774
1208 2.86800130115774
1209 3.3252770210556606
1210 3.3252770210556606
1211 3.3252770210556606
1212 3.3252770210556606
1213 3.3252770210556606
1214 5.034258233000572
1215 5.034258233000572
1216 5.034258233000572
1217 5.034258233000572
1218 5.034258233000572
1219 5.327334992785372
1220 5.327334992785372
1221 5.327334992785372
1222 5.327334992785372
1223 5.327334992785372
1224 1.7753562748209033
1225 1.7753562748209033
1226 1.7753562748209033
1227 1.7753562748209033
1228 1.7753562748209033
1229 4.796288588194944
1230 4.796288588194944
1231 4.796288588194944
1232 0.6289304422491278
1233 0.6289304422491278
1234 0.6289304422491278
1235 0.6289304422491278
1236 0.6289304422491278
1237 0.4844330430724474
1238 0.4844330430724474
1239 0.4844330430724474
1240 0.4844330430724474
1241 0.4844330430724474
1242 0.6143434482174678
1243 0.6143434482174678
1244 0.6143434482174678
1245 0.6143434482174678
1246 0.6143434482174678
1247 0.4852338979070944
1248 0.4852338979070944
1249 0.4852338979070944
1250 0.4852338979070944
1251 0.4852338979070944
1252 0.7782900317457285
1253 0.7782900317457285
1254 0.7782900317457285
1255 0.7782900317457285
1256 0.7782900317457285
1257 0.44668511674991157
1258 0.44668511674991157
1259 0.44668511674991157
1260 0.44668511674991157
1261 0.44668511674991157
1262 0.8339625737551574
1263 0.8339625737551574
1264 0.8339625737551574
1265 0.8339625737551574
1266 0.8339625737551574
1267 0.26162425151136887
1268 0.26162425151136887
1269 0.26162425151136887
1270 0.26162425151136887
1271 0.26162425151136887
1272 0.9097252300634194
1273 0.9097252300634194
1274 0.9097252300634194
1275 0.9097252300634194
1276 0.9097252300634194
1277 0.595161350381901
1278 0.595161350381901
1279 0.595161350381901
1280 0.595161350381901
1281 0.595161350381901
1282 0.8228217114218408
1283 0.8228217114218408
1284 0.8228217114218408
1285 0.8228217114218408
1286 0.8228217114218408
1287 0.5596165659757034
1288 0.5596165659757034
1289 0.5596165659757034
1290 0.5596165659757034
1291 0.5596165659757034
1292 0.42082222212580955
1293 0.42082222212580955
1294 0.42082222212580955
1295 0.42082222212580955
1296 0.42082222212580955
1297 0.533342448790989
1298 0.533342448790989
1299 0.533342448790989
1300 0.533342448790989
1301 0.533342448790989
1302 0.1
1303 0.1
1304 0.1
1305 0.1
1306 0.1
1307 1.1293949858313619
1308 1.1293949858313619
1309 1.1293949858313619
1310 1.1293949858313619
1311 1.1293949858313619
1312 0.579776776675816
1313 0.579776776675816
1314 0.579776776675816
1315 0.579776776675816
1316 0.579776776675816
1317 0.7546968532269694
1318 0.7546968532269694
1319 0.7546968532269694
1320 0.7546968532269694
1321 0.7546968532269694
1322 0.6880409868774742
1323 0.6880409868774742
1324 0.6880409868774742
1325 0.6880409868774742
1326 0.6880409868774742
1327 1.0568111930122888
1328 1.0568111930122888
1329 1.0568111930122888
1330 1.0568111930122888
1331 1.0568111930122888
1332 0.7892988929091246
1333 0.7892988929091246
1334 0.7892988929091246
1335 0.7892988929091246
1336 0.7892988929091246
1337 0.6594741559497641
1338 0.6594741559497641
1339 0.6594741559497641
1340 0.6594741559497641
1341 0.6594741559497641
1342 0.8862794395144624
1343 0.8862794395144624
1344 4.797013691521379
1345 4.797013691521379
1346 4.797013691521379
1347 4.797013691521379
1348 4.797013691521379
1349 4.60350070713696
1350 4.60350070713696
1351 4.60350070713696
1352 4.60350070713696
1353 4.60350070713696
1354 3.5902888205140315
1355 3.5902888205140315
1356 3.5902888205140315
1357 3.5902888205140315
1358 3.5902888205140315
1359 5.2912144367012415
1360 5.2912144367012415
1361 5.2912144367012415
1362 5.2912144367012415
1363 5.2912144367012415
1364 2.813233348155474
1365 2.813233348155474
1366 2.813233348155474
1367 2.813233348155474
1368 2.813233348155474
1369 1.9478844558476789
1370 1.9478844558476789
1371 1.9478844558476789
1372 1.9478844558476789
1373 1.9478844558476789
1374 4.384566834860741
1375 4.384566834860741
1376 4.384566834860741
1377 4.384566834860741
1378 4.384566834860741
1379 1.931686925551335
1380 1.931686925551335
1381 1.931686925551335
1382 1.931686925551335
1383 1.931686925551335
1384 2.887045014451198
1385 2.887045014451198
1386 2.887045014451198
1387 2.887045014451198
1388 2.887045014451198
1389 3.039003978503169
1390 3.039003978503169
1391 3.039003978503169
1392 3.039003978503169
1393 3.039003978503169
1394 3.1602994427181006
1395 3.1602994427181006
1396 3.1602994427181006
1397 3.1602994427181006
1398 3.1602994427181006
1399 3.8054217211525008
1400 3.8054217211525008
1401 3.8054217211525008
1402 3.8054217211525008
1403 3.8054217211525008
1404 2.607134042445521
1405 2.607134042445521
1406 5.866865373537243
1407 5.866865373537243
1408 1.4360257647168746
1409 1.4360257647168746
1410 1.4360257647168746
1411 1.4360257647168746
1412 1.4360257647168746
1413 1.0771167092015395
1414 1.0771167092015395
1415 1.0771167092015395
1416 1.0771167092015395
1417 1.0771167092015395
1418 1.1176299290923186
1419 1.1176299290923186
1420 1.1176299290923186
1421 1.1176299290923186
1422 1.1176299290923186
1423 0.8157979991994722
1424 0.8157979991994722
1425 0.8157979991994722
1426 0.8157979991994722
1427 0.8157979991994722
1428 1.448659793579465
1429 1.448659793579465
1430 1.448659793579465
1431 1.448659793579465
1432 1.448659793579465
1433 0.9893990248202158
1434 0.9893990248202158
1435 0.9893990248202158
1436 0.9893990248202158
1437 0.9893990248202158
1438 0.9792385531394177
1439 0.9792385531394177
1440 0.9792385531394177
1441 0.9792385531394177
1442 0.9792385531394177
1443 1.5373394443860748
1444 1.5373394443860748
1445 1.5373394443860748
1446 1.5373394443860748
1447 1.5373394443860748
1448 0.9047363498772405
1449 0.9047363498772405
1450 0.9047363498772405
1451 0.9047363498772405
1452 0.9047363498772405
1453 0.9904105241099729
1454 0.9904105241099729
1455 0.9904105241099729
1456 4.368319361997984
1457 4.368319361997984
1458 4.368319361997984
1459 4.368319361997984
1460 4.368319361997984
1461 2.1381154500744515
1462 2.1381154500744515
1463 2.1381154500744515
1464 2.1381154500744515
1465 2.1381154500744515
1466 2.2228649755237053
1467 2.2228649755237053
1468 2.2228649755237053
1469 2.2228649755237053
1470 2.2228649755237053
1471 3.3946152356148085
1472 3.3946152356148085
1473 3.3946152356148085
1474 3.3946152356148085
1475 2.009573330468899
1476 2.009573330468899
1477 2.009573330468899
1478 2.009573330468899
1479 2.009573330468899
1480 1.7344931897670386
1481 1.7344931897670386
1482 1.7344931897670386
1483 1.7344931897670386
1484 1.7344931897670386
1485 1.7589469237618278
1486 1.7589469237618278
1487 1.7589469237618278
1488 1.7589469237618278
1489 1.7589469237618278
1490 2.0969497976969738
1491 2.0969497976969738
1492 2.0969497976969738
1493 2.0969497976969738
1494 2.0969497976969738
1495 1.9686010590465848
1496 1.9686010590465848
1497 1.9686010590465848
1498 1.9686010590465848
1499 1.9686010590465848
1500 1.5869606518766073
1501 1.5869606518766073
1502 1.5869606518766073
1503 1.5869606518766073
1504 1.5869606518766073
1505 1.4921237578676674
1506 1.4921237578676674
1507 1.4921237578676674
1508 1.4921237578676674
1509 1.4921237578676674
1510 1.3205401523113816
1511 1.3205401523113816
1512 1.3205401523113816
1513 1.3205401523113816
1514 1.3205401523113816
1515 1.018706144498275
1516 1.018706144498275
1517 1.018706144498275
1518 1.018706144498275
1519 1.018706144498275
1520 1.7523661545156366
1521 1.7523661545156366
1522 1.7523661545156366
1523 1.7523661545156366
1524 1.7523661545156366
1525 1.4444397912854334
1526 2.3122825539099336
1527 2.3122825539099336
1528 4.807762963443952
1529 4.807762963443952
1530 4.807762963443952
1531 4.807762963443952
1532 4.807762963443952
1533 1.6451038597511554
1534 1.6451038597511554
1535 1.6451038597511554
1536 1.6451038597511554
1537 1.6451038597511554
1538 4.222492709894758
1539 4.222492709894758
1540 4.222492709894758
1541 4.222492709894758
1542 4.222492709894758
1543 2.041325496191468
1544 2.041325496191468
1545 2.041325496191468
1546 2.041325496191468
1547 2.041325496191468
1548 3.029747037504649
1549 3.029747037504649
1550 3.029747037504649
1551 3.029747037504649
1552 3.029747037504649
1553 4.051974095874391
1554 4.051974095874391
1555 4.051974095874391
1556 4.051974095874391
1557 4.051974095874391
1558 2.2360890464782908
1559 2.2360890464782908
1560 2.2360890464782908
1561 2.2360890464782908
1562 2.2360890464782908
1563 3.5079028525035474
1564 3.5079028525035474
1565 3.5079028525035474
1566 3.5079028525035474
1567 3.5079028525035474
1568 4.447579503275657
1569 4.447579503275657
1570 4.447579503275657
1571 4.447579503275657
1572 4.447579503275657
1573 2.6198356651017023
1574 2.6198356651017023
1575 1.6995841204052164
1576 1.6995841204052164
1577 1.6995841204052164
1578 1.6995841204052164
1579 1.6995841204052164
1580 1.8719036993122347
1581 1.8719036993122347
1582 1.069183322943502
1583 1.069183322943502
1584 1.069183322943502
1585 1.069183322943502
1586 1.069183322943502
1587 0.9356175238543379
1588 0.9356175238543379
1589 0.9356175238543379
1590 0.9356175238543379
1591 0.9356175238543379
1592 1.1681914125765154
1593 1.1681914125765154
1594 1.1681914125765154
1595 1.1681914125765154
1596 1.1681914125765154
1597 0.945049905367902
1598 0.945049905367902
1599 0.945049905367902
1600 0.945049905367902
1601 0.945049905367902
1602 1.4727336606673906
1603 1.4727336606673906
1604 1.4727336606673906
1605 1.4727336606673906
1606 1.7165421495661706
1607 1.7165421495661706
1608 1.7165421495661706
1609 1.7165421495661706
1610 1.7165421495661706
1611 1.6014299463992894
1612 1.6014299463992894
1613 1.6014299463992894
1614 1.6014299463992894
1615 1.6014299463992894
1616 1.7576388956125593
1617 1.7576388956125593
1618 1.7576388956125593
1619 1.7576388956125593
1620 1.7576388956125593
1621 1.402359456583161
1622 1.402359456583161
1623 1.402359456583161
1624 1.402359456583161
1625 1.402359456583161
1626 2.521029758708179
1627 2.521029758708179
1628 2.521029758708179
1629 2.521029758708179
1630 2.521029758708179
1631 1.820224997110511
1632 1.820224997110511
1633 1.820224997110511
1634 1.820224997110511
1635 1.820224997110511
1636 2.2704131269466044
1637 2.2704131269466044
1638 2.2704131269466044
1639 2.2704131269466044
1640 2.2704131269466044
1641 0.9226471447325792
1642 0.9226471447325792
1643 0.9226471447325792
1644 0.9226471447325792
1645 0.9226471447325792
1646 1.4093121549612873
1647 1.4093121549612873
1648 1.4093121549612873
1649 1.4093121549612873
1650 1.4093121549612873
1651 0.5357594838787114
1652 0.5357594838787114
1653 0.5357594838787114
1654 0.5357594838787114
1655 0.5357594838787114
1656 1.437677009516337
1657 1.437677009516337
1658 1.437677009516337
1659 1.437677009516337
1660 1.437677009516337
1661 1.5986158955717849
1662 1.5986158955717849
1663 1.5986158955717849
1664 1.5986158955717849
1665 1.5986158955717849
1666 1.6415651009043166
1667 1.6415651009043166
1668 1.6415651009043166
1669 1.6415651009043166
1670 1.6415651009043166
1671 1.534226124137379
1672 1.534226124137379
1673 1.534226124137379
1674 1.534226124137379
1675 1.534226124137379
1676 1.6613122473374127
1677 1.6613122473374127
1678 1.6613122473374127
1679 1.6613122473374127
1680 1.6613122473374127
1681 1.8827450579426857
1682 1.8827450579426857
1683 1.8827450579426857
1684 1.8827450579426857
1685 1.8827450579426857
1686 2.019139467872585
1687 2.019139467872585
1688 2.019139467872585
1689 2.019139467872585
1690 2.019139467872585
1691 1.7965835744048273
1692 1.7965835744048273
1693 1.7965835744048273
1694 1.7965835744048273
1695 1.7965835744048273
1696 0.9536401519056558
1697 0.9536401519056558
1698 0.9536401519056558
1699 0.9536401519056558
1700 0.9536401519056558
1701 1.680075649979959
1702 1.680075649979959
1703 1.680075649979959
1704 1.680075649979959
1705 1.680075649979959
1706 0.4586158313503028
1707 0.4586158313503028
1708 0.4586158313503028
1709 0.4586158313503028
1710 2.7225815050864437
1711 2.7225815050864437
1712 2.7225815050864437
1713 2.7225815050864437
1714 2.7225815050864437
1715 2.8090551393025787
1716 2.8090551393025787
1717 2.8090551393025787
1718 2.8090551393025787
1719 2.8090551393025787
1720 2.198158017759781
1721 2.198158017759781
1722 2.198158017759781
1723 2.3846533938147707
1724 2.3846533938147707
1725 2.3846533938147707
1726 2.3846533938147707
1727 2.3846533938147707
1728 2.6399109370862823
1729 2.6399109370862823
1730 2.6399109370862823
1731 2.6399109370862823
1732 2.6399109370862823
1733 3.5968955500746507
1734 3.5968955500746507
1735 3.5968955500746507
1736 3.5968955500746507
1737 3.5968955500746507
1738 0.3989712283403626
1739 0.3989712283403626
1740 0.3989712283403626
1741 0.3989712283403626
1742 0.3989712283403626
1743 0.654009418751779
1744 0.654009418751779
1745 0.654009418751779
1746 0.654009418751779
1747 0.654009418751779
1748 0.8458075073136615
1749 0.8458075073136615
1750 0.8458075073136615
1751 0.8458075073136615
1752 0.8458075073136615
1753 0.6945677234226616
1754 0.6945677234226616
1755 0.6945677234226616
1756 0.6945677234226616
1757 0.6945677234226616
1758 0.7710601275019899
1759 0.7710601275019899
1760 0.7710601275019899
1761 0.7710601275019899
1762 0.7710601275019899
1763 0.3226730648253378
1764 0.3226730648253378
1765 0.3226730648253378
1766 0.3226730648253378
1767 0.3226730648253378
1768 0.45183547286931236
1769 0.45183547286931236
1770 0.45183547286931236
1771 0.45183547286931236
1772 0.45183547286931236
1773 0.8195888853609083
1774 0.8195888853609083
1775 0.8195888853609083
1776 0.8195888853609083
1777 0.8195888853609083
1778 0.6497227994097794
1779 0.6497227994097794
1780 0.6497227994097794
1781 0.6497227994097794
1782 0.6497227994097794
1783 0.5561050619334381
1784 0.5561050619334381
1785 0.5561050619334381
1786 0.5561050619334381
1787 0.5561050619334381
1788 0.6134432248137291
1789 0.6134432248137291
1790 0.6134432248137291
1791 0.6134432248137291
1792 0.6134432248137291
1793 0.38802752501751836
1794 0.38802752501751836
1795 0.38802752501751836
1796 0.38802752501751836
1797 0.38802752501751836
1798 0.855179013014025
1799 0.855179013014025
1800 0.855179013014025
1801 0.855179013014025
1802 0.855179013014025
1803 0.47969220438753996
1804 0.47969220438753996
1805 0.47969220438753996
1806 0.47969220438753996
1807 0.47969220438753996
1808 0.9535214205634838
1809 0.9535214205634838
1810 0.9535214205634838
1811 0.9535214205634838
1812 0.9535214205634838
1813 0.3448521072158844
1814 0.3448521072158844
1815 0.3448521072158844
1816 0.3448521072158844
1817 0.3448521072158844
1818 0.5290323383166231
1819 0.5290323383166231
1820 0.5290323383166231
1821 0.5290323383166231
1822 0.5290323383166231
1823 5.230406601849774
1824 5.230406601849774
1825 5.230406601849774
1826 5.230406601849774
1827 5.230406601849774
1828 4.51042769028858
1829 4.51042769028858
1830 4.51042769028858
1831 4.51042769028858
1832 4.51042769028858
1833 4.20684069271233
1834 4.20684069271233
1835 4.20684069271233
1836 4.20684069271233
1837 4.20684069271233
1838 2.928492368483546
1839 2.928492368483546
1840 2.928492368483546
1841 2.928492368483546
1842 2.928492368483546
1843 5.618107144363532
1844 5.618107144363532
1845 5.618107144363532
1846 5.618107144363532
1847 5.618107144363532
1848 2.159952464384333
1849 2.159952464384333
1850 2.159952464384333
1851 2.159952464384333
1852 2.159952464384333
1853 7.46455220356396
1854 7.46455220356396
1855 7.46455220356396
1856 7.46455220356396
1857 7.46455220356396
1858 6.714945765208006
1859 6.714945765208006
1860 6.714945765208006
1861 6.714945765208006
1862 6.714945765208006
1863 3.473430132401228
1864 3.473430132401228
1865 3.473430132401228
1866 3.473430132401228
1867 3.473430132401228
1868 3.807939630644081
1869 3.807939630644081
1870 3.807939630644081
1871 3.807939630644081
1872 3.807939630644081
1873 4.563798408246201
1874 4.563798408246201
1875 4.563798408246201
1876 4.563798408246201
1877 4.563798408246201
1878 2.911148596140144
1879 2.911148596140144
1880 2.911148596140144
1881 2.911148596140144
1882 2.911148596140144
1883 5.291088929120139
1884 5.291088929120139
1885 5.291088929120139
1886 5.291088929120139
1887 5.291088929120139
1888 4.5490008116031335
1889 4.5490008116031335
1890 4.5490008116031335
1891 4.5490008116031335
1892 4.5490008116031335
1893 4.633254855001907
1894 4.633254855001907
1895 4.633254855001907
1896 4.633254855001907
1897 4.633254855001907
1898 3.730352124622571
1899 3.730352124622571
1900 3.730352124622571
1901 3.730352124622571
1902 3.730352124622571
1903 4.651353458993863
1904 4.651353458993863
1905 4.651353458993863
1906 4.651353458993863
1907 4.651353458993863
1908 5.242514686262026
1909 5.242514686262026
1910 5.242514686262026
1911 5.242514686262026
1912 5.242514686262026
1913 4.015999410041443
1914 4.015999410041443
1915 4.015999410041443
1916 4.015999410041443
1917 4.015999410041443
1918 3.45322583113603
1919 3.45322583113603
1920 3.45322583113603
1921 3.45322583113603
1922 3.45322583113603
1923 6.283841829681267
1924 6.283841829681267
1925 6.283841829681267
1926 6.283841829681267
1927 6.283841829681267
1928 5.182631578981922
1929 5.182631578981922
1930 5.182631578981922
1931 5.182631578981922
1932 5.182631578981922
1933 3.64892620082368
1934 3.64892620082368
1935 3.64892620082368
1936 3.64892620082368
1937 3.64892620082368
1938 3.3341187987391394
1939 3.3341187987391394
1940 3.3341187987391394
1941 3.3341187987391394
1942 3.3341187987391394
1943 2.982114580722307
1944 2.982114580722307
1945 2.982114580722307
1946 2.982114580722307
1947 2.982114580722307
1948 3.240947022212412
1949 3.240947022212412
1950 3.240947022212412
1951 3.240947022212412
1952 3.240947022212412
1953 3.098609759399477
1954 3.098609759399477
1955 3.098609759399477
1956 3.098609759399477
1957 3.098609759399477
1958 3.9432462640847246
1959 3.9432462640847246
1960 3.9432462640847246
1961 3.9432462640847246
1962 3.6572549169157487
1963 3.6572549169157487
1964 3.6572549169157487
1965 3.6572549169157487
1966 3.6572549169157487
1967 0.69450965110267
1968 0.69450965110267
1969 0.69450965110267
1970 0.69450965110267
1971 0.69450965110267
1972 2.703841322580237
1973 2.703841322580237
1974 1.284525018215883
1975 1.284525018215883
1976 1.284525018215883
1977 1.284525018215883
1978 1.284525018215883
1979 1.4433892151228513
1980 1.4433892151228513
1981 1.4433892151228513
1982 1.4433892151228513
1983 1.4433892151228513
1984 1.4798855791312295
1985 1.4798855791312295
1986 1.4798855791312295
1987 1.4798855791312295
1988 1.4798855791312295
1989 1.6219191886595206
1990 1.6219191886595206
1991 1.6219191886595206
1992 1.6219191886595206
1993 1.6219191886595206
1994 0.7528632831563132
1995 0.7528632831563132
1996 0.7528632831563132
1997 0.7528632831563132
1998 0.7528632831563132
1999 1.0650024278172419
