0 3.0891170146836804
1 3.0891170146836804
2 3.0891170146836804
3 2.9929705482594136
4 2.9929705482594136
5 2.9929705482594136
6 2.58569020511983
7 2.58569020511983
8 2.58569020511983
9 3.0854036324891503
10 3.0854036324891503
11 3.0854036324891503
12 1.2175066505895502
13 1.2175066505895502
14 1.2175066505895502
15 1.3563752621672744
16 1.3563752621672744
17 1.3563752621672744
18 1.0146635145124743
19 1.8916525995007136
20 1.8916525995007136
21 1.8916525995007136
22 1.9169226842353295
23 1.9169226842353295
24 1.9169226842353295
25 2.0547962432463973
26 2.0547962432463973
27 0.18138786876224694
28 0.18138786876224694
29 3.258762692394286
30 3.258762692394286
31 3.258762692394286
32 3.2940405721091293
33 3.2940405721091293
34 3.2940405721091293
35 3.3168423557760995
36 3.3168423557760995
37 3.3168423557760995
38 3.283676711121083
39 3.283676711121083
40 3.283676711121083
41 3.4257363133110106
42 3.4257363133110106
43 3.4257363133110106
44 3.3002374003746344
45 3.3002374003746344
46 3.3002374003746344
47 2.996644315284496
48 2.996644315284496
49 4.213433892601637
50 1.3714481029045211
51 1.3714481029045211
52 1.3714481029045211
53 1.6241301085949473
54 1.6241301085949473
55 1.6241301085949473
56 1.6529615564962181
57 1.6529615564962181
58 1.6529615564962181
59 1.7429594791258491
60 1.7429594791258491
61 1.7429594791258491
62 1.404070964942633
63 1.404070964942633
64 1.404070964942633
65 1.5893206852214212
66 1.5893206852214212
67 1.5893206852214212
68 1.6710175063795067
69 1.6710175063795067
70 1.6710175063795067
71 1.7584887629805386
72 1.7584887629805386
73 0.9703958335760926
74 0.9703958335760926
75 0.9703958335760926
76 1.1930588117108105
77 1.1930588117108105
78 1.1930588117108105
79 0.21239802237336183
80 0.21239802237336183
81 0.21239802237336183
82 0.20353044027679146
83 0.20353044027679146
84 0.20353044027679146
85 0.18485135798222274
86 0.18485135798222274
87 0.18485135798222274
88 0.1921448080710606
89 0.1921448080710606
90 0.1921448080710606
91 0.20376324247669125
92 0.20376324247669125
93 0.20376324247669125
94 2.7139866024490957
95 2.7139866024490957
96 2.7139866024490957
97 3.1254293793500394
98 3.1254293793500394
99 3.1254293793500394
100 2.7783310732227657
101 2.7783310732227657
102 1.7880445792543245
103 1.7880445792543245
104 1.7880445792543245
105 1.4661812459510757
106 1.4661812459510757
107 1.4661812459510757
108 1.637386129296414
109 2.5588429950675144
110 2.5588429950675144
111 2.5588429950675144
112 3.092407671164913
113 3.092407671164913
114 3.092407671164913
115 3.547620864329228
116 3.547620864329228
117 3.547620864329228
118 3.0429232983783003
119 3.0429232983783003
120 3.0429232983783003
121 3.572195295878736
122 3.572195295878736
123 3.572195295878736
124 2.812720805547153
125 2.812720805547153
126 2.812720805547153
127 3.073637030438902
128 3.073637030438902
129 3.073637030438902
130 3.7617983461358753
131 3.7617983461358753
132 3.7617983461358753
133 3.6377355268124836
134 3.6377355268124836
135 3.6377355268124836
136 3.420264273350508
137 3.420264273350508
138 3.420264273350508
139 3.1323340773779043
140 3.1323340773779043
141 3.1323340773779043
142 3.1664055899413226
143 3.1664055899413226
144 3.1664055899413226
145 3.0564733026845676
146 3.0564733026845676
147 3.0564733026845676
148 3.1526663721149712
149 3.1526663721149712
150 2.639123652477036
151 2.639123652477036
152 2.639123652477036
153 2.845903222231551
154 2.845903222231551
155 2.845903222231551
156 2.909822918571494
157 2.909822918571494
158 2.909822918571494
159 3.0436546885188798
160 3.0436546885188798
161 3.0436546885188798
162 2.7251542337160126
163 2.7251542337160126
164 2.7251542337160126
165 2.5008008457988096
166 2.5008008457988096
167 2.5008008457988096
168 3.232952619882621
169 3.232952619882621
170 3.232952619882621
171 2.998930575943745
172 2.998930575943745
173 2.998930575943745
174 3.2091959413768683
175 3.2091959413768683
176 3.2091959413768683
177 3.2633498489706283
178 3.2633498489706283
179 3.2633498489706283
180 3.1362759309668595
181 3.1362759309668595
182 3.1362759309668595
183 2.8679840175309
184 2.8679840175309
185 2.8679840175309
186 2.7129384661513973
187 2.7129384661513973
188 2.7129384661513973
189 2.67614222968962
190 2.67614222968962
191 2.67614222968962
192 3.083518902695666
193 3.083518902695666
194 3.6683451220547987
195 3.6683451220547987
196 3.6683451220547987
197 2.909669720750785
198 2.909669720750785
199 2.909669720750785
200 3.269835404358978
201 3.269835404358978
202 3.269835404358978
203 3.491118318018901
204 3.491118318018901
205 3.491118318018901
206 3.933221674536265
207 3.933221674536265
208 3.933221674536265
209 3.9234089074211917
210 3.9234089074211917
211 3.9234089074211917
212 3.092135619453913
213 3.092135619453913
214 3.092135619453913
215 1.8005326465003955
216 1.8005326465003955
217 1.8005326465003955
218 1.9388337620510703
219 1.9388337620510703
220 1.9388337620510703
221 2.2151596119813246
222 2.2151596119813246
223 2.2151596119813246
224 2.434793793524247
225 2.434793793524247
226 2.434793793524247
227 1.8044117245940934
228 1.8044117245940934
229 1.8044117245940934
230 2.4128751766254686
231 2.4128751766254686
232 2.4128751766254686
233 2.666941348701114
234 2.666941348701114
235 2.666941348701114
236 2.512953735742916
237 2.512953735742916
238 2.512953735742916
239 2.6364945553092842
240 2.6364945553092842
241 2.6364945553092842
242 1.4530089722931436
243 1.4530089722931436
244 1.4530089722931436
245 1.8034601928152783
246 1.8034601928152783
247 1.8034601928152783
248 1.496651749084062
249 1.496651749084062
250 1.496651749084062
251 1.5800725659432955
252 1.5800725659432955
253 1.5800725659432955
254 1.4418531548272848
255 1.4418531548272848
256 1.4418531548272848
257 1.5545158926856113
258 1.5545158926856113
259 1.5545158926856113
260 1.2692111483534074
261 1.2692111483534074
262 1.2692111483534074
263 1.885448979769241
264 1.885448979769241
265 1.885448979769241
266 1.7975856916316562
267 1.7975856916316562
268 1.7975856916316562
269 1.7033688130984332
270 1.7033688130984332
271 1.7033688130984332
272 1.29444307032001
273 1.29444307032001
274 1.29444307032001
275 0.19405739156138405
276 0.19405739156138405
277 0.19405739156138405
278 0.18116340256303923
279 0.18116340256303923
280 0.18116340256303923
281 0.18445251699687015
282 0.18445251699687015
283 0.18445251699687015
284 0.21876316635606383
285 0.21876316635606383
286 0.21876316635606383
287 0.16162044951337984
288 0.16162044951337984
289 0.16162044951337984
290 0.21401088077932823
291 0.21401088077932823
292 0.21401088077932823
293 0.19302072887059246
294 0.19302072887059246
295 2.13694205924586
296 2.13694205924586
297 2.13694205924586
298 2.6430878954748174
299 2.6430878954748174
300 2.6430878954748174
301 2.268601782081894
302 2.268601782081894
303 2.268601782081894
304 2.0492390668956157
305 2.0492390668956157
306 2.0492390668956157
307 2.8570379060878723
308 2.8570379060878723
309 2.949715729561107
310 2.949715729561107
311 2.949715729561107
312 2.4288737839802637
313 2.4288737839802637
314 2.4288737839802637
315 2.944179977844043
316 2.944179977844043
317 2.944179977844043
318 2.2152898242945622
319 2.2152898242945622
320 2.2152898242945622
321 2.5146333415241284
322 2.5146333415241284
323 2.5146333415241284
324 2.852564858209207
325 2.852564858209207
326 2.852564858209207
327 2.524749259004939
328 2.524749259004939
329 2.524749259004939
330 3.0767880077059533
331 3.0767880077059533
332 3.0767880077059533
333 3.2419252343154215
334 3.2419252343154215
335 3.2419252343154215
336 3.1121313570202447
337 3.1121313570202447
338 3.1121313570202447
339 3.089202791299724
340 3.089202791299724
341 3.089202791299724
342 3.150372176119272
343 3.150372176119272
344 3.150372176119272
345 3.045970487114426
346 3.045970487114426
347 3.045970487114426
348 2.6505664987903153
349 2.6505664987903153
350 2.6505664987903153
351 3.034240601033187
352 3.034240601033187
353 3.034240601033187
354 2.890015955357767
355 2.890015955357767
356 2.890015955357767
357 3.211954205517515
358 3.211954205517515
359 3.211954205517515
360 2.753673901829372
361 2.753673901829372
362 2.753673901829372
363 2.693057127626718
364 2.693057127626718
365 2.693057127626718
366 1.6944896915325196
367 3.456652243399414
368 1.2115159623595093
369 1.2115159623595093
370 1.2115159623595093
371 1.1579934658622115
372 3.636558699189071
373 3.636558699189071
374 3.636558699189071
375 3.9467846150422137
376 3.9467846150422137
377 3.9467846150422137
378 3.056064257247852
379 3.056064257247852
380 3.056064257247852
381 2.8574768486034325
382 2.8574768486034325
383 2.8574768486034325
384 3.752805922748755
385 3.752805922748755
386 3.752805922748755
387 3.0738288325861682
388 1.7109584580482387
389 1.7109584580482387
390 1.7109584580482387
391 1.6585769275451747
392 1.6585769275451747
393 1.6585769275451747
394 1.5461789637620662
395 1.5461789637620662
396 1.5461789637620662
397 1.7764267436958803
398 1.7764267436958803
399 1.7764267436958803
400 1.7310919125449409
401 1.7310919125449409
402 1.7310919125449409
403 1.778735714055893
404 1.778735714055893
405 1.778735714055893
406 1.7176665465142889
407 1.7176665465142889
408 1.7176665465142889
409 1.4044322647359053
410 0.21177223825738847
411 0.21177223825738847
412 0.21177223825738847
413 0.22835311208995623
414 0.22835311208995623
415 0.22835311208995623
416 0.21584738019120123
417 0.21584738019120123
418 0.21584738019120123
419 0.19929504058737305
420 0.19929504058737305
421 0.19929504058737305
422 0.2053658755645852
423 3.9439606454564666
424 3.9439606454564666
425 1.1352434513966587
426 1.1352434513966587
427 1.1352434513966587
428 0.9691638785397604
429 0.9691638785397604
430 0.9691638785397604
431 1.2667339457290772
432 1.2667339457290772
433 1.2667339457290772
434 1.231229602942548
435 1.231229602942548
436 3.796821529447577
437 3.796821529447577
438 3.796821529447577
439 3.502576335947337
440 3.502576335947337
441 3.502576335947337
442 4.053356365070548
443 4.053356365070548
444 4.053356365070548
445 4.246115965480649
446 4.246115965480649
447 4.246115965480649
448 3.643021804268723
449 3.643021804268723
450 3.643021804268723
451 3.6968640303405707
452 3.6968640303405707
453 3.6968640303405707
454 3.721390765289203
455 3.721390765289203
456 3.721390765289203
457 4.029190765998
458 4.029190765998
459 4.029190765998
460 3.176800963543131
461 3.176800963543131
462 3.176800963543131
463 4.050459072863642
464 4.050459072863642
465 4.050459072863642
466 3.4955949887406432
467 3.4955949887406432
468 3.4955949887406432
469 4.524116184205623
470 4.524116184205623
471 4.524116184205623
472 3.977438803566468
473 3.977438803566468
474 2.8235627159077152
475 2.8235627159077152
476 2.8235627159077152
477 2.7303318183371723
478 2.7303318183371723
479 2.7303318183371723
480 3.5262897844560706
481 3.5262897844560706
482 3.5262897844560706
483 4.157708724545959
484 4.157708724545959
485 4.157708724545959
486 3.9425573575368293
487 3.9425573575368293
488 3.9425573575368293
489 3.7168563966751655
490 3.7168563966751655
491 3.7168563966751655
492 3.869513205333182
493 5.002127994615357
494 5.002127994615357
495 5.002127994615357
496 4.5528386357677295
497 4.5528386357677295
498 4.5528386357677295
499 4.039941116183307
500 4.039941116183307
501 4.039941116183307
502 4.554536390717295
503 4.554536390717295
504 4.554536390717295
505 3.7454997626919897
506 3.7454997626919897
507 3.7454997626919897
508 4.303967879633302
509 4.303967879633302
510 4.303967879633302
511 3.696427071592177
512 3.696427071592177
513 3.696427071592177
514 4.153863279261698
515 4.153863279261698
516 4.153863279261698
517 4.414265638937019
518 4.414265638937019
519 4.414265638937019
520 3.9389344349112587
521 3.9389344349112587
522 1.2398078502077916
523 1.2398078502077916
524 1.2398078502077916
525 1.2289442755027153
526 1.2289442755027153
527 1.2289442755027153
528 1.1507529325259536
529 0.1781257448115383
530 0.1781257448115383
531 0.1781257448115383
532 0.17510499302348106
533 0.17510499302348106
534 0.17510499302348106
535 0.2092869395917259
536 0.2092869395917259
537 0.2092869395917259
538 0.20861814672241663
539 0.20861814672241663
540 0.20861814672241663
541 0.18878702584781357
542 0.18878702584781357
543 0.18878702584781357
544 0.1780281438067989
545 3.2287145744921717
546 3.2287145744921717
547 3.2287145744921717
548 3.5262018874743175
549 3.5262018874743175
550 3.5262018874743175
551 2.77374419607944
552 2.77374419607944
553 2.77374419607944
554 3.5199850048222
555 3.5199850048222
556 3.5199850048222
557 3.7515087552479507
558 3.7515087552479507
559 3.7515087552479507
560 3.13929204948449
561 3.13929204948449
562 3.5112217901542593
563 3.5112217901542593
564 3.5112217901542593
565 4.106131667538376
566 4.106131667538376
567 4.106131667538376
568 4.174535864597281
569 4.174535864597281
570 4.174535864597281
571 4.092001981547644
572 4.092001981547644
573 4.092001981547644
574 3.153048657437864
575 3.153048657437864
576 3.153048657437864
577 4.122470043607942
578 4.122470043607942
579 4.122470043607942
580 3.7406310978544037
581 3.7406310978544037
582 3.7406310978544037
583 4.117385441053619
584 4.117385441053619
585 4.117385441053619
586 3.467636206490492
587 3.467636206490492
588 3.467636206490492
589 3.516367772766211
590 3.516367772766211
591 3.516367772766211
592 4.221830054003545
593 4.221830054003545
594 4.221830054003545
595 3.134511959593858
596 3.134511959593858
597 3.134511959593858
598 4.509234015444637
599 4.509234015444637
600 4.509234015444637
601 3.880750698705079
602 3.880750698705079
603 3.880750698705079
604 0.642950963974701
605 0.642950963974701
606 0.642950963974701
607 0.630813484715686
608 0.630813484715686
609 0.630813484715686
610 0.6156563472652254
611 0.6156563472652254
612 0.6156563472652254
613 0.6142293620357713
614 0.6142293620357713
615 0.6142293620357713
616 0.5837446028837507
617 0.5837446028837507
618 0.5837446028837507
619 0.694955963389673
620 0.694955963389673
621 0.694955963389673
622 0.562184407019205
623 0.562184407019205
624 0.562184407019205
625 3.528556189941214
626 3.528556189941214
627 3.528556189941214
628 3.634833388750738
629 3.634833388750738
630 3.634833388750738
631 3.2922288773095874
632 3.2922288773095874
633 0.9103304848459457
634 0.9103304848459457
635 0.9103304848459457
636 1.2650864230504628
637 1.2650864230504628
638 1.2650864230504628
639 1.2112172421412457
640 1.2112172421412457
641 1.2112172421412457
642 0.9916737982561185
643 0.9916737982561185
644 0.9916737982561185
645 1.1327585406698308
646 1.1327585406698308
647 1.1327585406698308
648 0.9360319774624323
649 0.9360319774624323
650 0.9360319774624323
651 1.1938306311586167
652 1.1938306311586167
653 1.1938306311586167
654 1.0995384072909271
655 1.0995384072909271
656 1.0995384072909271
657 1.0477282877792344
658 1.0477282877792344
659 3.8543345435194345
660 3.8543345435194345
661 3.8543345435194345
662 3.4719677347258826
663 3.4719677347258826
664 1.1431126176040536
665 1.1431126176040536
666 1.1431126176040536
667 1.1503164646800428
668 1.1503164646800428
669 1.1503164646800428
670 1.1954743276390158
671 1.1954743276390158
672 1.1954743276390158
673 0.8979649005219044
674 0.8979649005219044
675 0.8979649005219044
676 1.1895887724706808
677 1.1895887724706808
678 1.1895887724706808
679 1.0279029052978998
680 1.0279029052978998
681 1.0279029052978998
682 0.9823500823559455
683 1.4257865084115056
684 1.4257865084115056
685 1.4257865084115056
686 1.6140064172364974
687 1.6140064172364974
688 1.6140064172364974
689 1.4076906254145996
690 1.4076906254145996
691 1.4076906254145996
692 1.5404906369894924
693 1.5404906369894924
694 1.5404906369894924
695 1.5165210875007125
696 1.5165210875007125
697 1.5165210875007125
698 1.404858838120787
699 1.404858838120787
700 1.404858838120787
701 1.5472035114251526
702 1.5472035114251526
703 1.5472035114251526
704 1.6973957562504371
705 1.6973957562504371
706 1.6973957562504371
707 1.6260963122373424
708 1.6260963122373424
709 1.6260963122373424
710 1.5262908915874829
711 1.5262908915874829
712 1.5262908915874829
713 1.5503688126202735
714 1.5503688126202735
715 1.5503688126202735
716 1.5975833418950054
717 1.5975833418950054
718 1.5975833418950054
719 1.4236494630838388
720 1.4236494630838388
721 1.4236494630838388
722 1.6997977445334744
723 1.6997977445334744
724 1.6997977445334744
725 1.447658295190782
726 1.447658295190782
727 1.447658295190782
728 1.6414859177750833
729 1.6414859177750833
730 1.6414859177750833
731 1.5015775896759105
732 1.5015775896759105
733 1.5015775896759105
734 1.5802236420052171
735 1.5802236420052171
736 1.5802236420052171
737 3.111341843691431
738 3.111341843691431
739 3.111341843691431
740 3.5020918045335696
741 3.5020918045335696
742 3.5020918045335696
743 3.4320845641799966
744 3.4320845641799966
745 3.4320845641799966
746 3.641033721417397
747 3.641033721417397
748 3.641033721417397
749 3.23906924170479
750 3.23906924170479
751 3.23906924170479
752 3.856701532815225
753 3.856701532815225
754 3.856701532815225
755 4.36987701016626
756 4.36987701016626
757 4.36987701016626
758 4.137724605051375
759 4.137724605051375
760 4.137724605051375
761 4.7081729917651
762 4.7081729917651
763 4.7081729917651
764 4.601841322942108
765 4.601841322942108
766 4.601841322942108
767 4.698640765167785
768 4.698640765167785
769 4.698640765167785
770 4.538635248234375
771 4.538635248234375
772 1.1189592034391722
773 1.1189592034391722
774 1.1189592034391722
775 0.943071622630752
776 0.943071622630752
777 0.943071622630752
778 1.1047076208154705
779 1.1047076208154705
780 1.1047076208154705
781 1.219905170078858
782 1.219905170078858
783 1.219905170078858
784 1.7213427765725935
785 1.7213427765725935
786 1.7213427765725935
787 1.467560497719718
788 1.467560497719718
789 1.467560497719718
790 1.4270693294631784
791 3.3833268290902745
792 3.3833268290902745
793 3.3833268290902745
794 2.9151695863317704
795 2.9151695863317704
796 2.9151695863317704
797 3.068906963541438
798 3.068906963541438
799 3.068906963541438
800 3.0144651771492947
801 3.0144651771492947
802 3.0144651771492947
803 4.191214868991111
804 1.6454092400665394
805 1.6454092400665394
806 1.6454092400665394
807 1.4693345632803902
808 1.4693345632803902
809 1.4693345632803902
810 1.6398177898948287
811 1.6398177898948287
812 1.6398177898948287
813 1.6588749258810946
814 1.6588749258810946
815 1.6588749258810946
816 1.5791515918023453
817 1.5791515918023453
818 1.5791515918023453
819 1.4137690413327422
820 1.4137690413327422
821 1.4137690413327422
822 1.5613965876841476
823 1.5613965876841476
824 1.5613965876841476
825 1.7006538617989477
826 1.7006538617989477
827 1.7006538617989477
828 1.4612206996881782
829 1.4612206996881782
830 1.4612206996881782
831 1.6121301132323487
832 1.6121301132323487
833 1.6121301132323487
834 1.507425855629539
835 1.507425855629539
836 1.507425855629539
837 1.497657460653118
838 1.497657460653118
839 1.497657460653118
840 1.4927008608355954
841 1.4927008608355954
842 1.4927008608355954
843 1.6883993461816902
844 1.6883993461816902
845 1.6883993461816902
846 1.588669984251432
847 1.588669984251432
848 1.588669984251432
849 1.242235073257827
850 1.242235073257827
851 1.242235073257827
852 1.7486394530001144
853 1.7486394530001144
854 3.4776932027600957
855 3.4776932027600957
856 3.4776932027600957
857 3.6665527986749797
858 3.6665527986749797
859 3.6665527986749797
860 3.98259861528791
861 3.98259861528791
862 3.98259861528791
863 3.4675871456232037
864 3.4675871456232037
865 3.4675871456232037
866 3.8505480188554095
867 1.0584610153649592
868 1.0584610153649592
869 1.0584610153649592
870 1.1340553308890262
871 1.1340553308890262
872 1.1340553308890262
873 3.7603296110796687
874 3.7603296110796687
875 3.7603296110796687
876 4.4625024594120095
877 4.4625024594120095
878 4.4625024594120095
879 3.434718322910122
880 3.434718322910122
881 3.434718322910122
882 4.5084533015135735
883 4.5084533015135735
884 1.7825581036160918
885 1.7825581036160918
886 1.7825581036160918
887 1.710440342021001
888 1.710440342021001
889 1.710440342021001
890 1.522235668544891
891 1.522235668544891
892 1.522235668544891
893 1.492503769432834
894 1.492503769432834
895 1.492503769432834
896 1.5942354295636558
897 1.5942354295636558
898 1.5942354295636558
899 1.4234110827805502
900 1.4234110827805502
901 1.4234110827805502
902 1.765230484377983
903 1.765230484377983
904 1.765230484377983
905 1.2560411239204363
906 1.2560411239204363
907 1.2560411239204363
908 1.4302634968611856
909 1.4302634968611856
910 1.4302634968611856
911 1.5983946258222097
912 1.5983946258222097
913 1.5983946258222097
914 1.5293079365442377
915 1.5293079365442377
916 1.5293079365442377
917 1.5462464950139885
918 1.5462464950139885
919 1.5462464950139885
920 1.712168697803263
921 1.712168697803263
922 1.712168697803263
923 1.6501708756526285
924 1.6501708756526285
925 1.6501708756526285
926 1.5277903325805116
927 1.5277903325805116
928 1.5277903325805116
929 1.7533497526067492
930 1.7533497526067492
931 1.7533497526067492
932 1.5352272986961237
933 1.5352272986961237
934 1.5352272986961237
935 1.5953768133949116
936 0.6096770882405932
937 0.6096770882405932
938 1.4964453608563575
939 1.4964453608563575
940 1.4964453608563575
941 1.5752515398172209
942 1.5752515398172209
943 1.5752515398172209
944 1.6838762829878455
945 1.6838762829878455
946 1.6838762829878455
947 1.4899003044150718
948 1.4899003044150718
949 1.4899003044150718
950 1.4105255879961107
951 1.4105255879961107
952 1.4105255879961107
953 1.4987530465458148
954 1.4987530465458148
955 1.4987530465458148
956 1.429793947790035
957 2.3449588795616703
958 2.3449588795616703
959 2.3449588795616703
960 2.3245184193202677
961 2.3245184193202677
962 2.3245184193202677
963 2.5435233669643393
964 2.5435233669643393
965 2.5435233669643393
966 3.9011231294075075
967 3.9011231294075075
968 3.9011231294075075
969 3.7788805563495957
970 3.7788805563495957
971 3.7788805563495957
972 3.6982445381423354
973 3.6982445381423354
974 3.6982445381423354
975 3.972464628875515
976 3.972464628875515
977 3.972464628875515
978 3.8594587882686042
979 3.8594587882686042
980 3.8594587882686042
981 3.818206115061097
982 3.818206115061097
983 3.818206115061097
984 4.032511990787017
985 4.032511990787017
986 4.032511990787017
987 1.5884273005342526
988 0.21701740661514854
989 0.21701740661514854
990 0.21701740661514854
991 0.20887245473641075
992 0.20887245473641075
993 0.6795781897623927
994 0.6795781897623927
995 0.6795781897623927
996 0.5939052926556225
997 0.5939052926556225
998 0.5939052926556225
999 0.6854724431918034
1000 0.6854724431918034
1001 0.6854724431918034
1002 0.6960801416070466
1003 0.6960801416070466
1004 0.6960801416070466
1005 0.7020825056073181
1006 0.7020825056073181
1007 0.7020825056073181
1008 0.579952196200577
1009 0.579952196200577
1010 0.579952196200577
1011 0.5999918716447312
1012 0.5999918716447312
1013 0.5999918716447312
1014 0.6577497150111148
1015 0.6577497150111148
1016 0.6577497150111148
1017 0.6647454863355136
1018 0.6647454863355136
1019 0.6647454863355136
1020 0.7392161046422685
1021 0.7392161046422685
1022 0.7392161046422685
1023 0.6456449441448096
1024 0.6456449441448096
1025 0.6456449441448096
1026 0.6194236588276744
1027 0.6194236588276744
1028 0.6194236588276744
1029 0.5958614362564845
1030 0.5958614362564845
1031 0.5958614362564845
1032 0.7748209174925345
1033 0.7748209174925345
1034 0.7748209174925345
1035 0.6851987178368624
1036 0.6851987178368624
1037 0.6851987178368624
1038 0.748145569741942
1039 0.748145569741942
1040 3.373287178415184
1041 3.373287178415184
1042 3.373287178415184
1043 3.8762927305944292
1044 3.8762927305944292
1045 3.8762927305944292
1046 3.972629649005846
1047 3.972629649005846
1048 3.972629649005846
1049 4.120582931679932
1050 4.120582931679932
1051 4.120582931679932
1052 3.9922880059850496
1053 3.9922880059850496
1054 1.531753697849158
1055 1.531753697849158
1056 1.531753697849158
1057 1.6327083785778624
1058 1.6327083785778624
1059 1.6327083785778624
1060 0.18277614488357322
1061 0.18277614488357322
1062 0.18277614488357322
1063 0.1895345318146172
1064 0.1895345318146172
1065 0.1895345318146172
1066 0.1972764389345736
1067 0.1972764389345736
1068 2.3558357659112916
1069 2.3558357659112916
1070 2.3558357659112916
1071 2.4358773385313732
1072 2.4358773385313732
1073 2.4358773385313732
1074 2.591686084900345
1075 2.591686084900345
1076 2.591686084900345
1077 2.4214821863917932
1078 2.4214821863917932
1079 2.4214821863917932
1080 2.8267179604321067
1081 2.8267179604321067
1082 2.8267179604321067
1083 2.6680447904428286
1084 1.4416365297568836
1085 1.4416365297568836
1086 1.4416365297568836
1087 1.4505277047307523
1088 1.4505277047307523
1089 1.4505277047307523
1090 1.456152638610405
1091 1.456152638610405
1092 1.456152638610405
1093 1.610262938206439
1094 1.610262938206439
1095 1.610262938206439
1096 1.4862803238594098
1097 1.4862803238594098
1098 1.4862803238594098
1099 1.7192106463656274
1100 1.7192106463656274
1101 1.7192106463656274
1102 1.6153234484256813
1103 1.6153234484256813
1104 1.6153234484256813
1105 1.3239889130350802
1106 1.3239889130350802
1107 1.3239889130350802
1108 1.6197420776077565
1109 1.6197420776077565
1110 1.6197420776077565
1111 1.3145524625332525
1112 1.3145524625332525
1113 1.3145524625332525
1114 0.20704000509320605
1115 0.20704000509320605
1116 0.20704000509320605
1117 0.23366995179448685
1118 0.23366995179448685
1119 0.23366995179448685
1120 0.19153536105237373
1121 0.19153536105237373
1122 0.19153536105237373
1123 0.19079269537587387
1124 0.7358077832189318
1125 0.7358077832189318
1126 0.7358077832189318
1127 0.6314641742681494
1128 0.6314641742681494
1129 0.6314641742681494
1130 0.6887101269225199
1131 0.6887101269225199
1132 0.6887101269225199
1133 0.7988351188908838
1134 0.7988351188908838
1135 0.7988351188908838
1136 0.6790607880223312
1137 0.6790607880223312
1138 0.6790607880223312
1139 0.545401874686442
1140 0.545401874686442
1141 0.545401874686442
1142 0.7078731303794223
1143 0.7078731303794223
1144 0.7078731303794223
1145 0.6724306735664022
1146 0.6724306735664022
1147 0.6724306735664022
1148 0.6173701893745978
1149 0.6173701893745978
1150 0.6173701893745978
1151 0.6297970126932891
1152 0.6297970126932891
1153 0.6297970126932891
1154 0.6307408093470595
1155 0.6307408093470595
1156 0.6307408093470595
1157 0.6049086471346986
1158 0.6049086471346986
1159 0.6049086471346986
1160 0.6664778153350392
1161 0.6664778153350392
1162 0.6664778153350392
1163 0.599748577160951
1164 0.599748577160951
1165 0.599748577160951
1166 0.6710327363764743
1167 0.6710327363764743
1168 0.6710327363764743
1169 0.7165728597670445
1170 0.7165728597670445
1171 0.7165728597670445
1172 2.8328998512818035
1173 2.8328998512818035
1174 2.8328998512818035
1175 2.8596504011160526
1176 2.8596504011160526
1177 2.8596504011160526
1178 2.838481307425057
1179 2.838481307425057
1180 2.838481307425057
1181 2.9511904560750875
1182 2.9511904560750875
1183 2.9511904560750875
1184 3.392945806714435
1185 3.392945806714435
1186 3.392945806714435
1187 3.0048757314916856
1188 3.0048757314916856
1189 3.0048757314916856
1190 2.890611372808622
1191 2.890611372808622
1192 2.890611372808622
1193 3.6638922807211323
1194 3.6638922807211323
1195 3.6638922807211323
1196 3.175210064285743
1197 3.175210064285743
1198 3.175210064285743
1199 2.6403844213235166
1200 2.6403844213235166
1201 2.6403844213235166
1202 2.964804051175812
1203 2.964804051175812
1204 2.964804051175812
1205 3.2299392058221743
1206 3.2299392058221743
1207 3.2299392058221743
1208 2.820840507640019
1209 2.820840507640019
1210 2.820840507640019
1211 3.154958611805489
1212 3.154958611805489
1213 3.154958611805489
1214 2.9281025096890767
1215 2.9281025096890767
1216 2.9281025096890767
1217 3.1557451538543404
1218 3.1557451538543404
1219 3.1557451538543404
1220 2.923833610476896
1221 2.923833610476896
1222 2.923833610476896
1223 2.4319449400186723
1224 0.702953453577205
1225 0.702953453577205
1226 0.702953453577205
1227 0.5870422977462667
1228 0.5870422977462667
1229 0.5870422977462667
1230 0.6674701294578513
1231 0.6674701294578513
1232 0.6674701294578513
1233 0.7761657372983176
1234 0.7761657372983176
1235 0.7761657372983176
1236 0.745527533107269
1237 0.745527533107269
1238 0.745527533107269
1239 0.6094722204036721
1240 0.6094722204036721
1241 0.6094722204036721
1242 0.7198475397888037
1243 0.7198475397888037
1244 0.7198475397888037
1245 0.6545207948893556
1246 0.6545207948893556
1247 4.087920503103996
1248 4.087920503103996
1249 4.087920503103996
1250 3.5226436210472674
1251 3.5226436210472674
1252 1.986323953223966
1253 1.986323953223966
1254 1.986323953223966
1255 1.962885767193577
1256 1.962885767193577
1257 1.962885767193577
1258 2.024858977489158
1259 2.024858977489158
1260 2.024858977489158
1261 2.0172055653730276
1262 2.0172055653730276
1263 2.0172055653730276
1264 1.9723388482624737
1265 1.9723388482624737
1266 1.9723388482624737
1267 2.363210727541761
1268 2.363210727541761
1269 2.363210727541761
1270 1.6710974881685112
1271 1.6710974881685112
1272 1.6710974881685112
1273 2.182813462678053
1274 2.182813462678053
1275 2.182813462678053
1276 2.0569978724500673
1277 2.0569978724500673
1278 2.0569978724500673
1279 2.0583724849156595
1280 2.0583724849156595
1281 2.0583724849156595
1282 1.9686438143849398
1283 1.9686438143849398
1284 1.9686438143849398
1285 2.2471974924707925
1286 2.2471974924707925
1287 2.2471974924707925
1288 2.092996769287116
1289 2.092996769287116
1290 2.092996769287116
1291 1.9221585949339262
1292 1.9221585949339262
1293 1.9221585949339262
1294 2.045133412830486
1295 2.045133412830486
1296 2.045133412830486
1297 2.180567634384482
1298 2.180567634384482
1299 2.180567634384482
1300 2.221982609218948
1301 2.221982609218948
1302 2.221982609218948
1303 2.0978634198996895
1304 2.0978634198996895
1305 2.0978634198996895
1306 1.8829092585749874
1307 1.8829092585749874
1308 1.8829092585749874
1309 2.1630707312725717
1310 2.1630707312725717
1311 2.1630707312725717
1312 2.263541933030931
1313 2.263541933030931
1314 2.263541933030931
1315 1.677439207025909
1316 1.677439207025909
1317 1.677439207025909
1318 2.0851206094585764
1319 2.0851206094585764
1320 2.0851206094585764
1321 2.12525822844852
1322 2.12525822844852
1323 2.12525822844852
1324 2.162699139673266
1325 2.162699139673266
1326 2.162699139673266
1327 2.2622435493056545
1328 2.2622435493056545
1329 2.2622435493056545
1330 1.958092639438516
1331 1.958092639438516
1332 1.958092639438516
1333 2.0631927604185525
1334 2.0631927604185525
1335 2.0631927604185525
1336 2.067383033732594
1337 2.067383033732594
1338 2.067383033732594
1339 2.2682647197041943
1340 2.2682647197041943
1341 2.2682647197041943
1342 2.024675858474456
1343 2.024675858474456
1344 2.024675858474456
1345 1.931745184968916
1346 1.931745184968916
1347 1.931745184968916
1348 2.2189011787265285
1349 2.2189011787265285
1350 2.2189011787265285
1351 2.020911708425637
1352 2.020911708425637
1353 2.020911708425637
1354 2.197717764742801
1355 2.197717764742801
1356 2.197717764742801
1357 1.9262681564257302
1358 1.9262681564257302
1359 1.9262681564257302
1360 2.136198599079223
1361 2.136198599079223
1362 2.136198599079223
1363 2.1410563479888194
1364 2.1410563479888194
1365 2.1410563479888194
1366 1.760536735458301
1367 1.760536735458301
1368 1.760536735458301
1369 1.8278370933439638
1370 1.8278370933439638
1371 1.8278370933439638
1372 1.8464082132483606
1373 1.8464082132483606
1374 1.8464082132483606
1375 3.5212520387728903
1376 3.5212520387728903
1377 3.5212520387728903
1378 2.875701038988372
1379 2.875701038988372
1380 2.875701038988372
1381 3.1769069291702525
1382 3.1769069291702525
1383 3.1769069291702525
1384 3.6368093287056715
1385 2.9862271862982923
1386 2.9862271862982923
1387 2.9862271862982923
1388 2.9472133575968105
1389 2.9472133575968105
1390 2.9472133575968105
1391 2.2555380907102434
1392 2.2555380907102434
1393 2.2555380907102434
1394 3.1549281204408244
1395 3.1549281204408244
1396 3.1549281204408244
1397 2.659628979864798
1398 2.659628979864798
1399 2.659628979864798
1400 3.057941550448472
1401 3.057941550448472
1402 3.057941550448472
1403 2.899630649673686
1404 2.899630649673686
1405 3.189929544484254
1406 3.189929544484254
1407 3.189929544484254
1408 3.4809692056080417
1409 3.4809692056080417
1410 3.4809692056080417
1411 3.173838375075924
1412 3.173838375075924
1413 3.173838375075924
1414 2.911882896833203
1415 2.911882896833203
1416 2.911882896833203
1417 3.2814697184491495
1418 3.2814697184491495
1419 3.2814697184491495
1420 3.5852495021149644
1421 3.5852495021149644
1422 3.5852495021149644
1423 3.5803062326401993
1424 3.5803062326401993
1425 3.5803062326401993
1426 2.58495197793864
1427 2.58495197793864
1428 2.58495197793864
1429 3.2132870652680148
1430 3.2132870652680148
1431 3.2132870652680148
1432 3.389204539890138
1433 3.389204539890138
1434 3.389204539890138
1435 3.390173215648927
1436 3.390173215648927
1437 3.390173215648927
1438 2.7745298773238254
1439 2.7745298773238254
1440 2.7745298773238254
1441 3.482567463142366
1442 3.482567463142366
1443 3.482567463142366
1444 3.536796687122324
1445 4.664395150031831
1446 4.664395150031831
1447 4.664395150031831
1448 4.4201563442035505
1449 2.8957382915049212
1450 2.8957382915049212
1451 2.8957382915049212
1452 3.093195667707238
1453 3.093195667707238
1454 3.093195667707238
1455 3.209859510508177
1456 3.209859510508177
1457 3.209859510508177
1458 2.392687483892118
1459 2.392687483892118
1460 1.5842167312595181
1461 1.5842167312595181
1462 1.5842167312595181
1463 1.5388571983906767
1464 1.5388571983906767
1465 1.5388571983906767
1466 1.5346991090599276
1467 1.5346991090599276
1468 1.5346991090599276
1469 1.3599955290648018
1470 1.3599955290648018
1471 1.3599955290648018
1472 1.69959940956485
1473 1.69959940956485
1474 1.69959940956485
1475 1.6093918984730555
1476 1.6093918984730555
1477 1.6093918984730555
1478 1.6058296622224306
1479 1.6058296622224306
1480 1.6058296622224306
1481 1.6650743110338853
1482 1.6650743110338853
1483 1.6650743110338853
1484 1.8739571662736567
1485 1.8739571662736567
1486 1.8739571662736567
1487 1.777634405836913
1488 1.777634405836913
1489 1.777634405836913
1490 1.478359359521877
1491 1.478359359521877
1492 1.478359359521877
1493 1.7951853247083063
1494 1.7951853247083063
1495 1.7951853247083063
1496 1.8464896468243908
1497 1.8464896468243908
1498 1.8464896468243908
1499 1.4907552434397118
1500 1.4907552434397118
1501 1.4907552434397118
1502 1.6544084576362996
1503 1.6544084576362996
1504 1.6544084576362996
1505 1.5962374449650154
1506 1.5962374449650154
1507 1.5962374449650154
1508 1.5321027705655563
1509 1.5321027705655563
1510 1.5321027705655563
1511 1.5406016105865474
1512 1.5406016105865474
1513 1.5406016105865474
1514 1.5423647464016412
1515 1.5423647464016412
1516 1.5423647464016412
1517 1.3323858350672062
1518 1.3323858350672062
1519 1.3323858350672062
1520 1.6769050970124717
1521 2.753695085603801
1522 2.753695085603801
1523 2.753695085603801
1524 2.2027501693159692
1525 2.2027501693159692
1526 2.2027501693159692
1527 2.9004678594743862
1528 2.9004678594743862
1529 2.9004678594743862
1530 4.831182811361954
1531 4.831182811361954
1532 4.831182811361954
1533 5.5726064994823865
1534 5.5726064994823865
1535 5.5726064994823865
1536 4.337884654586826
1537 4.337884654586826
1538 4.337884654586826
1539 5.119557928395144
1540 5.119557928395144
1541 5.119557928395144
1542 4.016791618941876
1543 4.016791618941876
1544 4.016791618941876
1545 4.2641538521769125
1546 2.818364359230055
1547 2.818364359230055
1548 2.818364359230055
1549 2.8108982358730885
1550 2.8108982358730885
1551 2.8108982358730885
1552 2.856323443942374
1553 2.856323443942374
1554 2.856323443942374
1555 2.6971180820622065
1556 2.6971180820622065
1557 2.6971180820622065
1558 2.843755963293802
1559 2.843755963293802
1560 2.843755963293802
1561 2.984082749219675
1562 2.984082749219675
1563 2.984082749219675
1564 2.7214637885746304
1565 2.7214637885746304
1566 2.7214637885746304
1567 3.0246363590259566
1568 3.0246363590259566
1569 2.332175765276052
1570 2.332175765276052
1571 2.332175765276052
1572 1.7615462541034832
1573 1.7615462541034832
1574 1.7615462541034832
1575 2.032330889537137
1576 2.032330889537137
1577 2.032330889537137
1578 2.3906770402418065
1579 2.3906770402418065
1580 0.19057249933876455
1581 0.19057249933876455
1582 0.19057249933876455
1583 0.20533386091516503
1584 0.20533386091516503
1585 0.20533386091516503
1586 0.2197641985074769
1587 2.191847831110487
1588 2.191847831110487
1589 2.191847831110487
1590 3.5758027297679704
1591 3.5758027297679704
1592 3.5758027297679704
1593 3.6228942253892362
1594 3.6228942253892362
1595 3.6228942253892362
1596 3.335057950075728
1597 3.335057950075728
1598 3.335057950075728
1599 2.6885271870237872
1600 2.6885271870237872
1601 2.6885271870237872
1602 2.5529518752941636
1603 2.5529518752941636
1604 2.5529518752941636
1605 3.605627287805407
1606 3.605627287805407
1607 3.605627287805407
1608 3.410230000986334
1609 3.410230000986334
1610 3.410230000986334
1611 3.3422425856610003
1612 3.3422425856610003
1613 3.3422425856610003
1614 3.224732815338201
1615 3.224732815338201
1616 4.011686585118904
1617 3.03314849006392
1618 3.03314849006392
1619 3.03314849006392
1620 2.7700031605653184
1621 2.7700031605653184
1622 2.7700031605653184
1623 2.2392308261622875
1624 2.2392308261622875
1625 2.2392308261622875
1626 2.1404107225394067
1627 2.1404107225394067
1628 2.1404107225394067
1629 2.3276667957529837
1630 2.3276667957529837
1631 2.3276667957529837
1632 2.5325345184798467
1633 2.5325345184798467
1634 2.5325345184798467
1635 2.7558672111197673
1636 2.7558672111197673
1637 2.7558672111197673
1638 2.198886460999607
1639 1.056590950846402
1640 1.056590950846402
1641 1.056590950846402
1642 1.1955851290065391
1643 1.1955851290065391
1644 1.1955851290065391
1645 1.198893244377924
1646 1.198893244377924
1647 1.198893244377924
1648 1.1760866185777594
1649 1.1760866185777594
1650 1.1760866185777594
1651 1.03358321937577
1652 1.03358321937577
1653 1.03358321937577
1654 1.0831886585739476
1655 1.0831886585739476
1656 1.0831886585739476
1657 1.2583078354148407
1658 1.2583078354148407
1659 1.2583078354148407
1660 1.9353184473955223
1661 1.9353184473955223
1662 1.9353184473955223
1663 1.584112092109424
1664 1.584112092109424
1665 1.584112092109424
1666 1.6257286222004985
1667 1.6257286222004985
1668 1.6257286222004985
1669 1.6524990335082277
1670 1.6524990335082277
1671 1.6524990335082277
1672 1.4982836597147828
1673 1.4982836597147828
1674 1.4982836597147828
1675 1.4164777163882767
1676 1.4164777163882767
1677 1.4164777163882767
1678 1.383861712392034
1679 1.383861712392034
1680 3.3389118061261347
1681 3.3389118061261347
1682 3.3389118061261347
1683 3.496111373502605
1684 3.496111373502605
1685 3.496111373502605
1686 3.792151424392747
1687 3.792151424392747
1688 3.792151424392747
1689 3.791194678869955
1690 3.791194678869955
1691 3.791194678869955
1692 3.020576068537734
1693 3.020576068537734
1694 3.020576068537734
1695 3.504139132872996
1696 3.504139132872996
1697 3.504139132872996
1698 2.800755260480516
1699 2.800755260480516
1700 2.800755260480516
1701 3.588018765569427
1702 3.588018765569427
1703 3.588018765569427
1704 2.989516143498725
1705 2.989516143498725
1706 2.989516143498725
1707 3.2757589677449137
1708 3.2757589677449137
1709 3.2757589677449137
1710 3.225023073119278
1711 2.898612642673374
1712 2.898612642673374
1713 2.898612642673374
1714 2.2758380254903408
1715 2.2758380254903408
1716 2.2758380254903408
1717 3.15406560371431
1718 3.15406560371431
1719 3.15406560371431
1720 3.1401918068343595
1721 3.1401918068343595
1722 3.1401918068343595
1723 2.8407955621219525
1724 2.8407955621219525
1725 2.8407955621219525
1726 3.0064372050587904
1727 3.0064372050587904
1728 3.0064372050587904
1729 3.152824698923414
1730 3.152824698923414
1731 3.152824698923414
1732 2.7992287718999656
1733 2.7992287718999656
1734 2.7992287718999656
1735 2.954201083232072
1736 2.954201083232072
1737 0.5925119907712818
1738 0.5925119907712818
1739 0.5925119907712818
1740 0.5933186440790629
1741 0.5933186440790629
1742 3.557574354387166
1743 3.557574354387166
1744 3.557574354387166
1745 3.2419797893618547
1746 3.2419797893618547
1747 3.2419797893618547
1748 3.011738855038405
1749 3.011738855038405
1750 3.011738855038405
1751 3.8390479648355873
1752 3.8390479648355873
1753 1.8694187937949738
1754 1.8694187937949738
1755 1.8694187937949738
1756 1.9206530660328125
1757 1.9206530660328125
1758 1.9206530660328125
1759 2.1407266715924504
1760 2.1407266715924504
1761 0.6342630322033881
1762 0.6342630322033881
1763 0.6342630322033881
1764 0.6409402746670744
1765 0.6409402746670744
1766 0.6409402746670744
1767 0.19681125680044825
1768 0.19681125680044825
1769 0.19681125680044825
1770 0.18303528232347338
1771 0.18303528232347338
1772 0.18303528232347338
1773 0.18390305097009174
1774 0.18390305097009174
1775 0.18390305097009174
1776 0.20734238285187565
1777 0.20734238285187565
1778 0.20734238285187565
1779 0.18080384623714374
1780 0.18080384623714374
1781 0.18080384623714374
1782 0.22049819411235888
1783 0.22049819411235888
1784 0.22049819411235888
1785 0.15521750773364867
1786 0.15521750773364867
1787 0.15521750773364867
1788 0.1749277175627926
1789 0.1749277175627926
1790 0.1749277175627926
1791 0.17739798725459277
1792 0.17739798725459277
1793 0.17739798725459277
1794 0.1956483029959657
1795 0.1956483029959657
1796 0.1956483029959657
1797 0.1804402860052975
1798 0.1804402860052975
1799 0.1804402860052975
1800 3.0328172478296445
1801 3.0328172478296445
1802 3.0328172478296445
1803 2.8970194972774017
1804 2.8970194972774017
1805 2.8970194972774017
1806 2.6804984126673483
1807 2.6804984126673483
1808 2.6804984126673483
1809 3.1086877143917935
1810 3.1086877143917935
1811 3.1086877143917935
1812 2.774108308874112
1813 2.774108308874112
1814 2.774108308874112
1815 2.7444396390587764
1816 2.7444396390587764
1817 2.7444396390587764
1818 2.8207115363004043
1819 2.8207115363004043
1820 2.8207115363004043
1821 2.5699292046482456
1822 2.5699292046482456
1823 2.5699292046482456
1824 2.721455254575463
1825 2.721455254575463
1826 2.721455254575463
1827 2.951907396030124
1828 2.951907396030124
1829 2.951907396030124
1830 2.653333521691305
1831 2.653333521691305
1832 2.653333521691305
1833 2.8369254309842478
1834 2.8369254309842478
1835 2.8369254309842478
1836 3.3345491697789416
1837 3.3345491697789416
1838 1.1710963806503238
1839 1.1710963806503238
1840 1.1710963806503238
1841 0.9784404260235878
1842 0.9784404260235878
1843 0.9784404260235878
1844 1.184995520719668
1845 1.184995520719668
1846 1.184995520719668
1847 0.9743791385920599
1848 0.9743791385920599
1849 0.9743791385920599
1850 1.1557260164923486
1851 1.1557260164923486
1852 1.1557260164923486
1853 0.9903995783120734
1854 0.9903995783120734
1855 0.9903995783120734
1856 1.104163757810797
1857 1.104163757810797
1858 1.104163757810797
1859 1.1534955875073871
1860 1.1534955875073871
1861 1.1534955875073871
1862 1.0708852547500523
1863 1.0708852547500523
1864 1.0708852547500523
1865 1.1465757552966296
1866 0.49879859797226256
1867 0.49879859797226256
1868 0.49879859797226256
1869 0.7709674609181038
1870 0.7709674609181038
1871 0.7709674609181038
1872 0.6387580898209562
1873 3.7420630518869316
1874 3.7420630518869316
1875 3.7420630518869316
1876 3.7584881074896406
1877 3.7584881074896406
1878 1.2080955548881729
1879 1.2080955548881729
1880 1.2080955548881729
1881 0.9279927447431529
1882 0.9279927447431529
1883 0.6704214825008108
1884 0.6704214825008108
1885 0.6704214825008108
1886 0.7303687345700947
1887 0.7303687345700947
1888 0.7303687345700947
1889 0.615240642234423
1890 1.929448248580512
1891 1.929448248580512
1892 1.929448248580512
1893 2.1438339397132524
1894 2.1438339397132524
1895 2.1438339397132524
1896 2.10203751962654
1897 2.10203751962654
1898 2.10203751962654
1899 2.400580356096542
1900 2.9448247282662865
1901 2.9448247282662865
1902 2.9448247282662865
1903 2.979212698251585
1904 2.979212698251585
1905 2.979212698251585
1906 3.417385350304908
1907 3.417385350304908
1908 3.417385350304908
1909 3.041119799451675
1910 3.041119799451675
1911 3.041119799451675
1912 3.2217927706809686
1913 3.2217927706809686
1914 3.2217927706809686
1915 2.708803043132834
1916 2.708803043132834
1917 2.708803043132834
1918 3.066348909207771
1919 3.066348909207771
1920 3.066348909207771
1921 2.751477501141145
1922 2.751477501141145
1923 2.751477501141145
1924 2.896398553468216
1925 2.896398553468216
1926 2.896398553468216
1927 2.845413968073488
1928 2.845413968073488
1929 2.845413968073488
1930 2.9055320200528
1931 2.9055320200528
1932 2.9055320200528
1933 3.639972545370869
1934 3.639972545370869
1935 3.639972545370869
1936 3.3522528744397757
1937 3.3522528744397757
1938 3.3522528744397757
1939 2.9201520325953827
1940 2.9201520325953827
1941 2.9201520325953827
1942 2.831211708397756
1943 2.831211708397756
1944 2.831211708397756
1945 2.602063295840116
1946 2.602063295840116
1947 4.226129975756735
1948 4.226129975756735
1949 4.226129975756735
1950 3.974127876867367
1951 3.974127876867367
1952 3.974127876867367
1953 3.5225308889280464
1954 3.5225308889280464
1955 3.5225308889280464
1956 3.6346852907150873
1957 2.076310754729611
1958 2.076310754729611
1959 2.076310754729611
1960 2.369880120380304
1961 2.369880120380304
1962 2.369880120380304
1963 2.1591655962945753
1964 2.1591655962945753
1965 2.1591655962945753
1966 2.1403881165508585
1967 2.1403881165508585
1968 2.1403881165508585
1969 1.8817840371815067
1970 1.8817840371815067
1971 1.8817840371815067
1972 2.1110767039346228
1973 2.4397933902589393
1974 2.4397933902589393
1975 2.4397933902589393
1976 4.795098791777903
1977 4.795098791777903
1978 4.795098791777903
1979 4.351389399866512
1980 4.351389399866512
1981 4.351389399866512
1982 4.042803917140706
1983 4.042803917140706
1984 4.042803917140706
1985 4.621423531335418
1986 4.621423531335418
1987 2.420679195262066
1988 2.420679195262066
1989 2.420679195262066
1990 2.418071802624023
1991 2.418071802624023
1992 2.418071802624023
1993 2.545004867058823
1994 2.545004867058823
1995 2.545004867058823
1996 2.7550427197710867
1997 2.7550427197710867
1998 2.7550427197710867
1999 2.3888538224484006
