0 4.476427661410543
1 4.476427661410543
2 4.476427661410543
3 4.476427661410543
4 2.9518324621997762
5 2.9518324621997762
6 2.9518324621997762
7 2.9518324621997762
8 3.1752205144405248
9 3.1752205144405248
10 3.1752205144405248
11 3.1752205144405248
12 3.6420077531095476
13 3.6420077531095476
14 3.6420077531095476
15 3.6420077531095476
16 3.738814043109176
17 3.738814043109176
18 3.738814043109176
19 3.738814043109176
20 2.4238718454423194
21 2.4238718454423194
22 2.4238718454423194
23 2.4238718454423194
24 4.817082280973912
25 4.817082280973912
26 4.817082280973912
27 4.817082280973912
28 1.7994925695651645
29 1.1883316754176096
30 1.1883316754176096
31 1.1883316754176096
32 1.1883316754176096
33 1.058069559200327
34 1.058069559200327
35 1.058069559200327
36 1.058069559200327
37 1.0944796610265275
38 1.0944796610265275
39 1.0944796610265275
40 1.0944796610265275
41 0.7459281161993447
42 0.7459281161993447
43 0.7459281161993447
44 0.7459281161993447
45 0.4770970784830315
46 0.4770970784830315
47 0.4770970784830315
48 0.4770970784830315
49 1.5379695502631996
50 1.5379695502631996
51 1.5379695502631996
52 1.5379695502631996
53 1.0526194690389807
54 1.0526194690389807
55 1.0526194690389807
56 1.0526194690389807
57 0.9352304437050094
58 0.9352304437050094
59 0.9352304437050094
60 0.9352304437050094
61 1.2477493763730838
62 1.2477493763730838
63 1.2477493763730838
64 1.2477493763730838
65 0.8831222885034359
66 0.8831222885034359
67 0.8831222885034359
68 0.8831222885034359
69 1.0823831808633972
70 1.0823831808633972
71 1.0823831808633972
72 1.0823831808633972
73 1.4315239043188472
74 1.4315239043188472
75 1.4315239043188472
76 1.4315239043188472
77 1.054700501020154
78 1.054700501020154
79 1.054700501020154
80 1.054700501020154
81 0.608024308639751
82 0.608024308639751
83 0.608024308639751
84 0.608024308639751
85 1.7116991050641834
86 1.7116991050641834
87 1.7116991050641834
88 1.7116991050641834
89 1.1992320359686957
90 1.1992320359686957
91 1.1992320359686957
92 1.1992320359686957
93 0.9824286559217243
94 0.9824286559217243
95 0.9824286559217243
96 0.9824286559217243
97 1.830681689099912
98 1.830681689099912
99 1.830681689099912
100 1.830681689099912
101 0.8822268549500502
102 0.8822268549500502
103 0.8822268549500502
104 0.8822268549500502
105 0.7061523258319806
106 0.7061523258319806
107 0.7061523258319806
108 0.7061523258319806
109 1.047660519285503
110 1.047660519285503
111 1.047660519285503
112 1.047660519285503
113 0.9201501806418517
114 0.9201501806418517
115 0.9201501806418517
116 0.9201501806418517
117 1.6638251230345247
118 1.6638251230345247
119 1.6638251230345247
120 1.6638251230345247
121 0.9579192054776257
122 0.9579192054776257
123 0.9579192054776257
124 0.9579192054776257
125 1.3385746813004573
126 1.3385746813004573
127 1.3385746813004573
128 1.3385746813004573
129 0.7886456568377682
130 0.7886456568377682
131 0.7886456568377682
132 0.7886456568377682
133 1.0671968679791117
134 1.0671968679791117
135 1.0671968679791117
136 1.0671968679791117
137 1.58212536189262
138 1.58212536189262
139 1.58212536189262
140 1.58212536189262
141 1.1205499594668316
142 1.1205499594668316
143 1.1205499594668316
144 1.1205499594668316
145 1.3538225404650819
146 1.3538225404650819
147 1.3538225404650819
148 1.3538225404650819
149 1.153607510649728
150 1.153607510649728
151 1.153607510649728
152 1.153607510649728
153 1.0013341030434473
154 1.0013341030434473
155 1.0013341030434473
156 1.0013341030434473
157 0.808131526872877
158 0.808131526872877
159 0.808131526872877
160 0.808131526872877
161 1.237336250882992
162 1.237336250882992
163 1.237336250882992
164 1.237336250882992
165 1.355522759786568
166 1.355522759786568
167 1.355522759786568
168 1.355522759786568
169 1.3148559731210991
170 1.3148559731210991
171 1.3148559731210991
172 1.3148559731210991
173 1.6112466620275079
174 1.6112466620275079
175 1.6112466620275079
176 1.6112466620275079
177 0.6783689943222727
178 0.6783689943222727
179 0.6783689943222727
180 0.6783689943222727
181 1.327206741212422
182 1.327206741212422
183 1.327206741212422
184 1.327206741212422
185 1.215693927566681
186 1.215693927566681
187 1.215693927566681
188 1.215693927566681
189 0.40928181581260425
190 0.40928181581260425
191 0.40928181581260425
192 0.40928181581260425
193 1.2759422511204792
194 1.2759422511204792
195 1.2759422511204792
196 1.2759422511204792
197 1.7298603140658306
198 1.7298603140658306
199 1.7298603140658306
200 1.7298603140658306
201 1.3857236740555772
202 1.3857236740555772
203 1.3857236740555772
204 1.3857236740555772
205 1.295575384845678
206 1.295575384845678
207 1.295575384845678
208 1.295575384845678
209 1.3431275958300142
210 1.3431275958300142
211 1.3431275958300142
212 1.3431275958300142
213 1.2874140255571926
214 1.2874140255571926
215 1.2874140255571926
216 1.2874140255571926
217 1.4693548151312417
218 1.4693548151312417
219 1.4693548151312417
220 1.4693548151312417
221 1.8158972349174944
222 1.8158972349174944
223 1.8158972349174944
224 1.8158972349174944
225 1.4207544139121886
226 1.4207544139121886
227 1.4207544139121886
228 1.4207544139121886
229 1.4767852635928378
230 1.4767852635928378
231 1.4767852635928378
232 1.4767852635928378
233 0.8330663880405824
234 0.8330663880405824
235 0.8330663880405824
236 0.8330663880405824
237 1.3184731620171064
238 1.3184731620171064
239 1.3184731620171064
240 1.3184731620171064
241 1.251344692593812
242 1.251344692593812
243 1.251344692593812
244 1.251344692593812
245 1.2911725123929556
246 1.2911725123929556
247 1.2911725123929556
248 1.2911725123929556
249 0.8366427777002114
250 0.8366427777002114
251 0.8366427777002114
252 0.8366427777002114
253 1.4452227463543548
254 3.9781230007332384
255 3.9781230007332384
256 3.9781230007332384
257 3.9781230007332384
258 2.2945754317205798
259 2.2945754317205798
260 2.2945754317205798
261 2.2945754317205798
262 3.0601154430148005
263 3.0601154430148005
264 3.0601154430148005
265 3.0601154430148005
266 2.622366070974973
267 2.622366070974973
268 2.622366070974973
269 2.622366070974973
270 2.6803552775082213
271 2.6803552775082213
272 2.6803552775082213
273 2.6803552775082213
274 3.241209568040336
275 3.241209568040336
276 3.241209568040336
277 3.241209568040336
278 2.7037798190724556
279 2.7037798190724556
280 2.7037798190724556
281 2.7037798190724556
282 2.578724178310693
283 2.578724178310693
284 2.578724178310693
285 2.578724178310693
286 2.294397240112628
287 2.294397240112628
288 2.294397240112628
289 2.294397240112628
290 2.502888722769205
291 2.502888722769205
292 2.502888722769205
293 2.502888722769205
294 2.1051934253011404
295 2.1051934253011404
296 2.1051934253011404
297 2.1051934253011404
298 2.9460917990027298
299 2.5740953392875934
300 2.5740953392875934
301 2.5740953392875934
302 2.5740953392875934
303 4.801304752658419
304 4.801304752658419
305 4.801304752658419
306 4.801304752658419
307 2.908653522894704
308 2.908653522894704
309 2.908653522894704
310 2.908653522894704
311 4.180618357362079
312 4.180618357362079
313 4.180618357362079
314 4.180618357362079
315 3.7577088513825005
316 3.7577088513825005
317 3.7577088513825005
318 3.7577088513825005
319 4.82593599100635
320 4.82593599100635
321 4.82593599100635
322 4.82593599100635
323 2.7822660947165256
324 2.7822660947165256
325 2.7822660947165256
326 2.7822660947165256
327 4.844183850103802
328 4.844183850103802
329 4.844183850103802
330 4.844183850103802
331 5.550026335768302
332 5.550026335768302
333 5.550026335768302
334 5.550026335768302
335 3.203876083222957
336 3.203876083222957
337 3.203876083222957
338 3.203876083222957
339 4.120504963104362
340 4.120504963104362
341 4.120504963104362
342 4.120504963104362
343 2.8730542864773723
344 2.8730542864773723
345 2.8730542864773723
346 2.8730542864773723
347 3.4887244450875774
348 3.4887244450875774
349 3.4887244450875774
350 3.4887244450875774
351 3.8725662278841546
352 3.8725662278841546
353 3.8725662278841546
354 3.8725662278841546
355 4.381221809574389
356 4.381221809574389
357 4.381221809574389
358 4.381221809574389
359 3.610240108833736
360 3.610240108833736
361 3.610240108833736
362 3.610240108833736
363 2.9315206543749985
364 2.9315206543749985
365 2.9315206543749985
366 2.9315206543749985
367 4.891831270471165
368 4.891831270471165
369 4.891831270471165
370 3.954875168404488
371 3.954875168404488
372 3.954875168404488
373 3.954875168404488
374 3.3097330719464844
375 3.3097330719464844
376 3.3097330719464844
377 3.3097330719464844
378 3.224370421533097
379 3.224370421533097
380 3.224370421533097
381 3.224370421533097
382 2.659555777312642
383 2.659555777312642
384 2.659555777312642
385 2.659555777312642
386 2.6681461826573396
387 2.6681461826573396
388 2.6681461826573396
389 2.6681461826573396
390 3.217576193508866
391 3.217576193508866
392 3.217576193508866
393 3.217576193508866
394 4.3813042249956275
395 4.3813042249956275
396 4.3813042249956275
397 4.3813042249956275
398 3.260796211003589
399 3.260796211003589
400 3.260796211003589
401 3.260796211003589
402 4.375472526638196
403 4.375472526638196
404 4.375472526638196
405 4.375472526638196
406 3.0501649771872588
407 3.0501649771872588
408 3.0501649771872588
409 3.0501649771872588
410 3.7188748369944156
411 3.7188748369944156
412 3.7188748369944156
413 3.7188748369944156
414 3.248198242308683
415 3.248198242308683
416 3.248198242308683
417 3.248198242308683
418 2.4955653006744587
419 2.4955653006744587
420 2.4955653006744587
421 2.4955653006744587
422 2.2746780282137395
423 2.2746780282137395
424 2.2746780282137395
425 1.4386906262439478
426 1.4386906262439478
427 1.4386906262439478
428 1.4386906262439478
429 1.4240254187319807
430 1.4240254187319807
431 1.4240254187319807
432 1.4240254187319807
433 1.2265662062776237
434 1.2265662062776237
435 1.2265662062776237
436 1.2265662062776237
437 1.4310381525457372
438 1.4310381525457372
439 1.4310381525457372
440 1.4310381525457372
441 1.108362297791886
442 1.108362297791886
443 1.108362297791886
444 1.108362297791886
445 1.6986941631579071
446 1.6986941631579071
447 1.6986941631579071
448 1.6986941631579071
449 0.5188148443242709
450 0.5188148443242709
451 0.5188148443242709
452 0.5188148443242709
453 1.0634520076351512
454 1.0634520076351512
455 1.0634520076351512
456 1.0634520076351512
457 0.6565689512125691
458 0.6565689512125691
459 0.6565689512125691
460 0.6565689512125691
461 1.1159906494085565
462 1.1159906494085565
463 1.1159906494085565
464 1.1159906494085565
465 1.008930487473548
466 1.008930487473548
467 1.008930487473548
468 1.008930487473548
469 0.6840160237113462
470 0.6840160237113462
471 0.6840160237113462
472 0.6840160237113462
473 1.964632690599198
474 1.964632690599198
475 1.964632690599198
476 2.8265189548652927
477 2.8265189548652927
478 2.8265189548652927
479 2.8265189548652927
480 5.250078058166036
481 5.250078058166036
482 5.250078058166036
483 5.250078058166036
484 5.018523186765961
485 5.018523186765961
486 5.018523186765961
487 5.018523186765961
488 2.4680248256313577
489 2.4680248256313577
490 2.4680248256313577
491 2.4680248256313577
492 2.3909874437772656
493 2.3909874437772656
494 2.3909874437772656
495 2.3909874437772656
496 3.315742061297447
497 3.315742061297447
498 3.315742061297447
499 3.315742061297447
500 5.6091344681532735
501 5.6091344681532735
502 5.6091344681532735
503 5.6091344681532735
504 2.9906063783834407
505 2.9906063783834407
506 2.9906063783834407
507 2.9906063783834407
508 5.103483681835199
509 5.103483681835199
510 5.103483681835199
511 5.103483681835199
512 2.757584639763665
513 2.757584639763665
514 2.757584639763665
515 2.757584639763665
516 3.9522133325009223
517 3.9522133325009223
518 4.316029262620384
519 4.316029262620384
520 4.316029262620384
521 4.316029262620384
522 3.681189787136638
523 3.681189787136638
524 3.681189787136638
525 3.681189787136638
526 3.531759818494772
527 3.531759818494772
528 3.531759818494772
529 3.531759818494772
530 3.661856496099993
531 3.661856496099993
532 3.661856496099993
533 3.661856496099993
534 3.72319211641354
535 3.72319211641354
536 3.72319211641354
537 3.72319211641354
538 2.899230298858352
539 2.899230298858352
540 2.899230298858352
541 2.899230298858352
542 4.297700448571029
543 4.297700448571029
544 4.297700448571029
545 4.297700448571029
546 1.5523000647513299
547 1.5523000647513299
548 1.5523000647513299
549 1.5523000647513299
550 1.8252867733827747
551 1.8252867733827747
552 1.8252867733827747
553 1.8252867733827747
554 1.7924467630632221
555 1.7924467630632221
556 1.7924467630632221
557 1.7924467630632221
558 1.9951582942167023
559 1.9951582942167023
560 1.9951582942167023
561 1.9951582942167023
562 2.0173275938077655
563 1.3668903065207378
564 1.3668903065207378
565 1.3668903065207378
566 1.3668903065207378
567 0.9597921835245035
568 0.9597921835245035
569 0.9597921835245035
570 0.9597921835245035
571 1.3163506862207488
572 1.3163506862207488
573 1.3163506862207488
574 1.3163506862207488
575 1.1951346246467955
576 1.1951346246467955
577 1.1951346246467955
578 1.1951346246467955
579 1.0541247990273983
580 1.0541247990273983
581 1.0541247990273983
582 1.0541247990273983
583 1.6198697294960067
584 1.6198697294960067
585 1.6198697294960067
586 1.6198697294960067
587 0.5261180881216879
588 0.5261180881216879
589 0.5261180881216879
590 0.5261180881216879
591 0.7925217643851394
592 0.7925217643851394
593 0.7925217643851394
594 0.7925217643851394
595 1.3131170288173295
596 1.3131170288173295
597 1.3131170288173295
598 1.3131170288173295
599 0.5286699420547096
600 0.5286699420547096
601 0.5286699420547096
602 0.5286699420547096
603 1.3090175965078412
604 1.3090175965078412
605 1.3090175965078412
606 1.3090175965078412
607 1.2787117572383178
608 1.2787117572383178
609 1.2787117572383178
610 1.2787117572383178
611 1.5173472811045436
612 1.5173472811045436
613 1.5173472811045436
614 1.5173472811045436
615 1.1418576175878328
616 1.1418576175878328
617 1.1418576175878328
618 1.1418576175878328
619 0.2166851685882717
620 0.2166851685882717
621 0.2166851685882717
622 0.2166851685882717
623 1.3419158344795041
624 1.3419158344795041
625 1.3419158344795041
626 1.3419158344795041
627 1.251323222697169
628 1.251323222697169
629 1.251323222697169
630 1.251323222697169
631 0.9083705179277456
632 0.9083705179277456
633 0.9083705179277456
634 0.9083705179277456
635 0.8598253597493936
636 0.8598253597493936
637 0.8598253597493936
638 0.8598253597493936
639 0.7428710905348271
640 0.7428710905348271
641 0.7428710905348271
642 0.7428710905348271
643 1.2151189007928034
644 1.2151189007928034
645 1.2151189007928034
646 1.2151189007928034
647 0.4928895428938521
648 0.4928895428938521
649 0.4928895428938521
650 0.4928895428938521
651 0.5075090049172135
652 0.5075090049172135
653 0.5075090049172135
654 0.5075090049172135
655 1.563285684337091
656 1.563285684337091
657 1.563285684337091
658 1.563285684337091
659 1.448515158778394
660 1.448515158778394
661 1.448515158778394
662 1.448515158778394
663 0.6233263756080019
664 0.6233263756080019
665 0.6233263756080019
666 3.0206609176644914
667 1.9793719597685628
668 1.9793719597685628
669 1.9793719597685628
670 1.9793719597685628
671 0.29599838523434985
672 0.29599838523434985
673 0.29599838523434985
674 0.29599838523434985
675 1.662348431430682
676 1.662348431430682
677 1.662348431430682
678 1.662348431430682
679 1.041038298544294
680 1.041038298544294
681 1.041038298544294
682 1.041038298544294
683 1.2232178499468196
684 1.2232178499468196
685 1.2232178499468196
686 1.2232178499468196
687 0.885700333010133
688 0.885700333010133
689 0.885700333010133
690 0.885700333010133
691 0.677887672232007
692 0.677887672232007
693 0.677887672232007
694 0.677887672232007
695 1.0076925552390559
696 1.0076925552390559
697 1.0076925552390559
698 1.0076925552390559
699 1.0005342164019975
700 1.0005342164019975
701 1.0005342164019975
702 1.0005342164019975
703 1.3266189220451556
704 1.3266189220451556
705 1.3266189220451556
706 1.3266189220451556
707 0.34627555741728155
708 0.34627555741728155
709 1.7365472987392532
710 1.7365472987392532
711 1.7365472987392532
712 1.7365472987392532
713 4.707877003242119
714 4.707877003242119
715 4.707877003242119
716 4.707877003242119
717 4.592918824978165
718 4.592918824978165
719 4.592918824978165
720 4.592918824978165
721 3.6483285688434095
722 3.6483285688434095
723 3.6483285688434095
724 3.6483285688434095
725 4.104887978161074
726 4.104887978161074
727 4.104887978161074
728 4.104887978161074
729 2.432120310385147
730 2.432120310385147
731 2.432120310385147
732 2.432120310385147
733 4.245052946675168
734 4.245052946675168
735 4.245052946675168
736 4.245052946675168
737 5.793123195331512
738 5.793123195331512
739 5.793123195331512
740 5.793123195331512
741 5.486997046269863
742 5.486997046269863
743 5.486997046269863
744 5.486997046269863
745 3.247545145081052
746 3.247545145081052
747 3.247545145081052
748 3.247545145081052
749 4.519225215446791
750 4.519225215446791
751 4.519225215446791
752 4.519225215446791
753 2.9038894827467256
754 2.9038894827467256
755 2.9038894827467256
756 2.9038894827467256
757 2.711988556128492
758 2.711988556128492
759 2.711988556128492
760 2.711988556128492
761 3.606549483247493
762 3.606549483247493
763 3.606549483247493
764 3.606549483247493
765 1.6851384854925975
766 1.6851384854925975
767 1.6851384854925975
768 1.6851384854925975
769 3.66020035769512
770 3.66020035769512
771 3.66020035769512
772 3.66020035769512
773 3.080056717184358
774 3.080056717184358
775 3.080056717184358
776 3.080056717184358
777 3.4364852070233174
778 3.4364852070233174
779 3.4364852070233174
780 3.4364852070233174
781 1.4350520433481513
782 1.4350520433481513
783 1.4350520433481513
784 1.4350520433481513
785 3.588703503021723
786 3.588703503021723
787 3.294397080571576
788 3.294397080571576
789 3.294397080571576
790 3.294397080571576
791 4.083193615803008
792 4.083193615803008
793 4.083193615803008
794 4.083193615803008
795 2.5635430257129017
796 2.5635430257129017
797 2.5635430257129017
798 2.5635430257129017
799 3.6215408363789523
800 3.6215408363789523
801 3.6215408363789523
802 3.6215408363789523
803 2.2361883690460598
804 2.2361883690460598
805 2.2361883690460598
806 2.2361883690460598
807 4.486126226723315
808 4.486126226723315
809 4.486126226723315
810 4.486126226723315
811 4.585283863055201
812 4.585283863055201
813 4.585283863055201
814 4.585283863055201
815 3.8336423394078336
816 3.8336423394078336
817 3.8336423394078336
818 3.8336423394078336
819 1.8640738508994972
820 1.8640738508994972
821 1.8640738508994972
822 1.8640738508994972
823 3.4984362452684854
824 3.4984362452684854
825 3.4984362452684854
826 3.4984362452684854
827 1.8974740441823394
828 1.8974740441823394
829 1.8974740441823394
830 1.8974740441823394
831 2.458985317837541
832 2.458985317837541
833 2.458985317837541
834 2.458985317837541
835 3.243467567009972
836 3.243467567009972
837 3.243467567009972
838 3.243467567009972
839 1.9817254432110816
840 1.9817254432110816
841 1.9817254432110816
842 1.9817254432110816
843 0.7035438864426764
844 0.7035438864426764
845 0.7035438864426764
846 0.7035438864426764
847 3.599798039398494
848 3.599798039398494
849 3.599798039398494
850 3.599798039398494
851 2.7159043982822424
852 2.7159043982822424
853 2.7159043982822424
854 2.7159043982822424
855 1.065657258019459
856 1.065657258019459
857 1.065657258019459
858 1.065657258019459
859 2.6965805921916535
860 2.6965805921916535
861 2.6965805921916535
862 2.6965805921916535
863 4.6770817658298
864 4.6770817658298
865 4.6770817658298
866 4.6770817658298
867 2.1627610621884172
868 2.1627610621884172
869 2.1627610621884172
870 2.1627610621884172
871 3.523627739318081
872 3.523627739318081
873 3.523627739318081
874 3.523627739318081
875 2.8294282733194933
876 2.8294282733194933
877 2.8294282733194933
878 2.8294282733194933
879 4.8880207950243895
880 4.8880207950243895
881 4.8880207950243895
882 4.8880207950243895
883 3.602130407231036
884 3.602130407231036
885 3.602130407231036
886 3.602130407231036
887 1.7394292425330324
888 1.7394292425330324
889 1.7394292425330324
890 1.7394292425330324
891 1.9282062591897267
892 1.9282062591897267
893 1.9282062591897267
894 1.9282062591897267
895 3.532002413936306
896 3.532002413936306
897 3.532002413936306
898 3.532002413936306
899 4.128205671394216
900 4.128205671394216
901 4.128205671394216
902 4.128205671394216
903 4.722071290979268
904 4.722071290979268
905 4.722071290979268
906 4.722071290979268
907 3.298346633038898
908 3.298346633038898
909 3.298346633038898
910 3.298346633038898
911 3.801340730207066
912 3.801340730207066
913 3.801340730207066
914 3.801340730207066
915 3.598715865461809
916 3.598715865461809
917 3.598715865461809
918 3.598715865461809
919 3.817926627371501
920 3.817926627371501
921 3.817926627371501
922 3.817926627371501
923 2.2189328351554503
924 2.2189328351554503
925 2.2189328351554503
926 2.2189328351554503
927 5.885326938051643
928 5.885326938051643
929 5.885326938051643
930 5.885326938051643
931 2.9535916196958496
932 2.9535916196958496
933 4.305811805334043
934 4.305811805334043
935 4.305811805334043
936 4.305811805334043
937 4.346185882286417
938 4.346185882286417
939 4.346185882286417
940 4.346185882286417
941 1.2306597235134047
942 1.2306597235134047
943 1.2306597235134047
944 1.2306597235134047
945 1.026115896875107
946 1.026115896875107
947 1.026115896875107
948 1.026115896875107
949 0.855177190837962
950 0.855177190837962
951 0.855177190837962
952 0.855177190837962
953 1.0796134522750434
954 1.0796134522750434
955 1.9272144456278566
956 1.9272144456278566
957 1.9272144456278566
958 1.9272144456278566
959 1.5068069171739746
960 1.5068069171739746
961 1.5068069171739746
962 1.5068069171739746
963 2.361284243158009
964 2.361284243158009
965 2.361284243158009
966 2.361284243158009
967 3.3436097034338323
968 3.3436097034338323
969 3.3436097034338323
970 3.3436097034338323
971 2.572263198203378
972 2.572263198203378
973 2.572263198203378
974 2.572263198203378
975 1.9802990687587825
976 1.9802990687587825
977 1.9802990687587825
978 1.9802990687587825
979 1.6355358091734216
980 0.9198205490800428
981 0.9198205490800428
982 0.9198205490800428
983 0.9198205490800428
984 1.13759100391291
985 1.13759100391291
986 1.13759100391291
987 1.13759100391291
988 1.7612573054995344
989 1.7612573054995344
990 1.7612573054995344
991 1.7612573054995344
992 1.375645252557789
993 1.375645252557789
994 1.375645252557789
995 1.375645252557789
996 1.6519344898727883
997 1.6519344898727883
998 1.6519344898727883
999 1.6519344898727883
1000 2.6000662679653237
1001 2.6000662679653237
1002 2.6000662679653237
1003 2.6000662679653237
1004 1.0521107625020902
1005 1.0521107625020902
1006 1.0521107625020902
1007 1.0521107625020902
1008 1.4026508384317935
1009 1.4026508384317935
1010 1.4026508384317935
1011 1.4026508384317935
1012 2.75991409512097
1013 2.75991409512097
1014 2.75991409512097
1015 2.75991409512097
1016 7.368389257035011
1017 7.368389257035011
1018 7.368389257035011
1019 7.368389257035011
1020 4.339300376398931
1021 4.339300376398931
1022 4.339300376398931
1023 4.339300376398931
1024 2.7563373545769725
1025 2.7563373545769725
1026 2.7563373545769725
1027 2.7563373545769725
1028 1.8662306180950348
1029 1.8662306180950348
1030 1.8662306180950348
1031 1.8662306180950348
1032 4.907455127922555
1033 4.907455127922555
1034 4.907455127922555
1035 4.907455127922555
1036 5.498908346303587
1037 5.498908346303587
1038 5.498908346303587
1039 5.498908346303587
1040 2.0320239322197793
1041 2.0320239322197793
1042 2.0320239322197793
1043 2.0320239322197793
1044 4.360298801643987
1045 1.8991602813108903
1046 1.8991602813108903
1047 0.7255988850816983
1048 0.7255988850816983
1049 0.7255988850816983
1050 0.7255988850816983
1051 0.23379872883616193
1052 0.23379872883616193
1053 0.23379872883616193
1054 0.23379872883616193
1055 0.5801816944751453
1056 0.5801816944751453
1057 0.5801816944751453
1058 0.5801816944751453
1059 0.8317543322107276
1060 0.8317543322107276
1061 0.8317543322107276
1062 0.8317543322107276
1063 0.6031329120378682
1064 0.6031329120378682
1065 5.735577055372868
1066 5.735577055372868
1067 5.735577055372868
1068 5.383943071870876
1069 5.383943071870876
1070 5.383943071870876
1071 5.383943071870876
1072 6.830149219731804
1073 6.830149219731804
1074 6.830149219731804
1075 6.830149219731804
1076 4.335342095010811
1077 4.335342095010811
1078 4.335342095010811
1079 4.335342095010811
1080 3.7180607119265234
1081 3.7180607119265234
1082 3.7180607119265234
1083 3.7180607119265234
1084 3.201430204875398
1085 3.201430204875398
1086 3.201430204875398
1087 3.201430204875398
1088 2.898044077134527
1089 2.898044077134527
1090 2.898044077134527
1091 2.898044077134527
1092 4.218339973616461
1093 4.218339973616461
1094 4.218339973616461
1095 4.218339973616461
1096 4.643304895575058
1097 4.643304895575058
1098 4.643304895575058
1099 4.643304895575058
1100 3.848184861493423
1101 3.848184861493423
1102 3.848184861493423
1103 3.848184861493423
1104 2.6190450176828466
1105 2.6190450176828466
1106 2.6190450176828466
1107 2.6190450176828466
1108 3.2924818483230993
1109 3.2924818483230993
1110 3.2924818483230993
1111 3.2924818483230993
1112 2.9228374836090025
1113 2.9228374836090025
1114 2.9228374836090025
1115 2.9228374836090025
1116 2.733492785056447
1117 2.733492785056447
1118 2.733492785056447
1119 2.733492785056447
1120 4.033325101964955
1121 4.033325101964955
1122 4.033325101964955
1123 4.033325101964955
1124 2.8410726752884
1125 2.8410726752884
1126 2.8410726752884
1127 2.8410726752884
1128 2.8916369682407717
1129 2.8916369682407717
1130 2.8916369682407717
1131 2.8916369682407717
1132 1.4323413279942794
1133 1.4323413279942794
1134 1.4323413279942794
1135 1.4323413279942794
1136 2.592916544291446
1137 2.592916544291446
1138 2.592916544291446
1139 2.592916544291446
1140 2.768545323922237
1141 2.768545323922237
1142 2.768545323922237
1143 2.768545323922237
1144 2.3776130769264108
1145 2.3776130769264108
1146 2.3776130769264108
1147 2.3776130769264108
1148 2.892802711104173
1149 2.892802711104173
1150 2.892802711104173
1151 2.892802711104173
1152 3.0381548939759266
1153 3.0381548939759266
1154 3.0381548939759266
1155 3.0381548939759266
1156 3.796295832094542
1157 3.796295832094542
1158 3.796295832094542
1159 3.796295832094542
1160 2.4142950991687875
1161 2.4142950991687875
1162 2.4142950991687875
1163 2.4142950991687875
1164 4.209566313931138
1165 4.209566313931138
1166 4.209566313931138
1167 4.209566313931138
1168 2.4356774647469437
1169 2.4356774647469437
1170 2.4356774647469437
1171 2.4356774647469437
1172 2.285539712884309
1173 2.285539712884309
1174 2.285539712884309
1175 2.285539712884309
1176 3.2518319737249377
1177 3.2518319737249377
1178 3.2518319737249377
1179 3.2518319737249377
1180 2.3171098590646624
1181 2.3171098590646624
1182 2.3171098590646624
1183 2.3171098590646624
1184 1.695041936628933
1185 1.695041936628933
1186 1.695041936628933
1187 1.695041936628933
1188 1.6196001856033269
1189 1.6196001856033269
1190 3.0285691120252967
1191 3.0285691120252967
1192 3.0285691120252967
1193 3.0285691120252967
1194 2.218362179207613
1195 2.218362179207613
1196 2.218362179207613
1197 2.218362179207613
1198 5.283907628345887
1199 5.283907628345887
1200 5.283907628345887
1201 5.283907628345887
1202 4.205269653147647
1203 4.205269653147647
1204 4.205269653147647
1205 4.205269653147647
1206 4.5563357868317125
1207 4.5563357868317125
1208 4.5563357868317125
1209 4.5563357868317125
1210 3.9082344350182416
1211 3.9082344350182416
1212 3.9082344350182416
1213 3.9082344350182416
1214 4.314671328169193
1215 4.314671328169193
1216 4.314671328169193
1217 4.314671328169193
1218 4.621721967602803
1219 4.621721967602803
1220 4.621721967602803
1221 4.621721967602803
1222 3.93044671425676
1223 3.93044671425676
1224 3.93044671425676
1225 3.93044671425676
1226 4.717134070907369
1227 4.717134070907369
1228 4.717134070907369
1229 4.717134070907369
1230 5.64116990636349
1231 5.64116990636349
1232 5.64116990636349
1233 5.64116990636349
1234 4.1158305981489836
1235 4.1158305981489836
1236 4.1158305981489836
1237 4.1158305981489836
1238 1.9617652183273744
1239 1.9617652183273744
1240 1.9617652183273744
1241 1.9617652183273744
1242 6.074402977632031
1243 6.074402977632031
1244 6.074402977632031
1245 6.074402977632031
1246 2.6181586045870757
1247 2.6181586045870757
1248 2.6181586045870757
1249 2.6181586045870757
1250 3.1840902662762893
1251 3.1840902662762893
1252 3.1840902662762893
1253 3.1840902662762893
1254 4.717550418023752
1255 4.717550418023752
1256 4.717550418023752
1257 4.717550418023752
1258 3.4605174600027095
1259 3.4605174600027095
1260 3.4605174600027095
1261 3.4605174600027095
1262 6.365142931536975
1263 6.365142931536975
1264 6.365142931536975
1265 6.365142931536975
1266 4.811831746857006
1267 4.811831746857006
1268 4.811831746857006
1269 4.811831746857006
1270 3.66960941067674
1271 3.66960941067674
1272 3.66960941067674
1273 3.66960941067674
1274 3.267211261646235
1275 3.267211261646235
1276 3.267211261646235
1277 3.267211261646235
1278 3.2904704367329893
1279 3.2904704367329893
1280 3.2904704367329893
1281 3.2904704367329893
1282 5.125572079882101
1283 5.125572079882101
1284 5.125572079882101
1285 5.125572079882101
1286 2.7998335523748947
1287 2.7998335523748947
1288 2.7998335523748947
1289 2.7998335523748947
1290 2.7770873438034407
1291 2.7770873438034407
1292 2.7770873438034407
1293 2.7770873438034407
1294 3.1770402567080724
1295 3.1770402567080724
1296 3.1770402567080724
1297 3.1770402567080724
1298 5.010585974186607
1299 5.010585974186607
1300 5.010585974186607
1301 5.010585974186607
1302 4.43241512560433
1303 4.43241512560433
1304 4.43241512560433
1305 4.43241512560433
1306 4.456950633458138
1307 4.456950633458138
1308 4.456950633458138
1309 4.456950633458138
1310 3.321803630205856
1311 3.321803630205856
1312 3.321803630205856
1313 3.321803630205856
1314 4.366357382624395
1315 4.366357382624395
1316 4.366357382624395
1317 0.9279837475071705
1318 0.9279837475071705
1319 0.9279837475071705
1320 0.9279837475071705
1321 0.7153887386394995
1322 0.7153887386394995
1323 0.7153887386394995
1324 0.7153887386394995
1325 0.6514800006551149
1326 0.6514800006551149
1327 0.6514800006551149
1328 0.6514800006551149
1329 0.7301972066909049
1330 0.7301972066909049
1331 0.7301972066909049
1332 0.7301972066909049
1333 0.4803808486121364
1334 0.4803808486121364
1335 0.4803808486121364
1336 0.4803808486121364
1337 0.1
1338 0.1
1339 0.1
1340 0.1
1341 0.4412809712397716
1342 0.4412809712397716
1343 0.4412809712397716
1344 0.4412809712397716
1345 0.36980540614897994
1346 0.36980540614897994
1347 0.36980540614897994
1348 0.36980540614897994
1349 0.7332740512320539
1350 0.7332740512320539
1351 0.7332740512320539
1352 0.7332740512320539
1353 0.6557855538123128
1354 0.6557855538123128
1355 0.6557855538123128
1356 0.6557855538123128
1357 0.7363888564966166
1358 0.7363888564966166
1359 0.7363888564966166
1360 0.7363888564966166
1361 0.7092957478824313
1362 0.7092957478824313
1363 0.7092957478824313
1364 0.7092957478824313
1365 0.9804187571175016
1366 0.9804187571175016
1367 0.9804187571175016
1368 0.9804187571175016
1369 0.43784121108118057
1370 0.43784121108118057
1371 0.43784121108118057
1372 0.43784121108118057
1373 0.6676296539116402
1374 0.6676296539116402
1375 0.6676296539116402
1376 0.6676296539116402
1377 0.5032949007614562
1378 0.5032949007614562
1379 0.5032949007614562
1380 0.5032949007614562
1381 0.5528619332442731
1382 0.5528619332442731
1383 0.5528619332442731
1384 0.5528619332442731
1385 0.5680797822998299
1386 0.5680797822998299
1387 0.5680797822998299
1388 0.5680797822998299
1389 0.7869892021587315
1390 0.7869892021587315
1391 0.7869892021587315
1392 0.7869892021587315
1393 0.7595191402196553
1394 0.7595191402196553
1395 0.7595191402196553
1396 0.7595191402196553
1397 0.6173237786169298
1398 0.6173237786169298
1399 0.6173237786169298
1400 0.6173237786169298
1401 0.6248711009130654
1402 0.6248711009130654
1403 0.6248711009130654
1404 0.6248711009130654
1405 0.6600487625367786
1406 0.6600487625367786
1407 0.6600487625367786
1408 0.6600487625367786
1409 0.41948563555543666
1410 0.41948563555543666
1411 0.41948563555543666
1412 0.41948563555543666
1413 0.4411860149550229
1414 0.4411860149550229
1415 0.4411860149550229
1416 0.4411860149550229
1417 0.631428796374024
1418 4.675974191577336
1419 4.675974191577336
1420 4.675974191577336
1421 4.675974191577336
1422 3.692394162800856
1423 3.692394162800856
1424 3.692394162800856
1425 3.692394162800856
1426 3.0954885901409686
1427 3.0954885901409686
1428 3.0954885901409686
1429 3.0954885901409686
1430 4.077215528784846
1431 4.077215528784846
1432 4.077215528784846
1433 4.077215528784846
1434 2.2337758656589513
1435 2.2337758656589513
1436 0.8633431862867125
1437 0.8633431862867125
1438 0.8633431862867125
1439 0.8633431862867125
1440 1.0350381732231528
1441 1.0350381732231528
1442 1.0350381732231528
1443 1.0350381732231528
1444 0.7308161742091228
1445 0.7308161742091228
1446 0.7308161742091228
1447 0.7308161742091228
1448 0.737383903689036
1449 0.737383903689036
1450 0.737383903689036
1451 0.737383903689036
1452 0.30287691280535767
1453 0.30287691280535767
1454 0.30287691280535767
1455 0.30287691280535767
1456 0.502402404587244
1457 0.502402404587244
1458 0.502402404587244
1459 0.502402404587244
1460 0.8125534303789274
1461 0.8125534303789274
1462 0.8125534303789274
1463 0.8125534303789274
1464 0.7195861464379343
1465 0.7195861464379343
1466 0.7195861464379343
1467 0.7195861464379343
1468 0.8972358236340136
1469 0.8972358236340136
1470 0.8972358236340136
1471 0.8972358236340136
1472 0.46376083608962804
1473 0.46376083608962804
1474 0.46376083608962804
1475 0.46376083608962804
1476 0.5249923908723544
1477 0.5249923908723544
1478 0.5249923908723544
1479 0.5249923908723544
1480 0.544557903501096
1481 1.1970659623297228
1482 1.1970659623297228
1483 1.1970659623297228
1484 1.1970659623297228
1485 4.348257245926293
1486 4.348257245926293
1487 4.348257245926293
1488 4.348257245926293
1489 4.377217231595187
1490 4.377217231595187
1491 4.377217231595187
1492 4.377217231595187
1493 2.8790016444402307
1494 2.8790016444402307
1495 2.8790016444402307
1496 2.8790016444402307
1497 3.4986345535759904
1498 3.4986345535759904
1499 3.4986345535759904
1500 3.4986345535759904
1501 2.9684315557235577
1502 2.9684315557235577
1503 2.9684315557235577
1504 2.9684315557235577
1505 2.2987019238437885
1506 2.2987019238437885
1507 2.2987019238437885
1508 2.2987019238437885
1509 3.200532667416543
1510 3.200532667416543
1511 3.200532667416543
1512 3.200532667416543
1513 3.7638231685168217
1514 3.7638231685168217
1515 3.7638231685168217
1516 3.7638231685168217
1517 2.559253103042347
1518 2.559253103042347
1519 2.559253103042347
1520 2.559253103042347
1521 3.619570446585958
1522 3.619570446585958
1523 3.619570446585958
1524 3.619570446585958
1525 2.612940905033873
1526 2.612940905033873
1527 2.612940905033873
1528 2.612940905033873
1529 2.131624372863789
1530 2.131624372863789
1531 2.131624372863789
1532 2.131624372863789
1533 1.8736325777872271
1534 1.8736325777872271
1535 1.8736325777872271
1536 1.8736325777872271
1537 1.8170635595607287
1538 1.8170635595607287
1539 1.8170635595607287
1540 1.8170635595607287
1541 1.9886147376897896
1542 1.9886147376897896
1543 1.9886147376897896
1544 1.9886147376897896
1545 2.5841595588958626
1546 2.5841595588958626
1547 2.5841595588958626
1548 2.5841595588958626
1549 2.9565339833373656
1550 2.9565339833373656
1551 2.9565339833373656
1552 2.9565339833373656
1553 1.8922429386987054
1554 1.8922429386987054
1555 1.8922429386987054
1556 1.8922429386987054
1557 1.5869315401102386
1558 1.5869315401102386
1559 1.5869315401102386
1560 1.5869315401102386
1561 1.5817652581361283
1562 1.5817652581361283
1563 1.5817652581361283
1564 1.5817652581361283
1565 1.5303707987582562
1566 1.5303707987582562
1567 1.5303707987582562
1568 1.5303707987582562
1569 1.1255847938749781
1570 1.1255847938749781
1571 1.1255847938749781
1572 1.1255847938749781
1573 2.134040719425541
1574 2.134040719425541
1575 2.134040719425541
1576 2.134040719425541
1577 1.720200429647296
1578 1.720200429647296
1579 1.720200429647296
1580 1.720200429647296
1581 2.5618169129897117
1582 2.5618169129897117
1583 2.5618169129897117
1584 2.5618169129897117
1585 1.2316540410382284
1586 1.2316540410382284
1587 1.2316540410382284
1588 1.2316540410382284
1589 1.7555920140289305
1590 0.178225297501388
1591 0.178225297501388
1592 0.178225297501388
1593 0.178225297501388
1594 0.1617572372626086
1595 0.1617572372626086
1596 0.1617572372626086
1597 0.1617572372626086
1598 0.1
1599 0.1
1600 0.1
1601 0.1
1602 0.15024250945305756
1603 0.15024250945305756
1604 0.15024250945305756
1605 0.15024250945305756
1606 0.29335974632188555
1607 0.29335974632188555
1608 0.29335974632188555
1609 0.29335974632188555
1610 1.5325099820905943
1611 0.5519690932323269
1612 0.5519690932323269
1613 0.5519690932323269
1614 0.5519690932323269
1615 0.605188681823657
1616 0.605188681823657
1617 0.605188681823657
1618 0.605188681823657
1619 0.40994901498627523
1620 2.453830081151405
1621 2.453830081151405
1622 2.453830081151405
1623 2.453830081151405
1624 1.6465094852188906
1625 2.4214233426212717
1626 2.4214233426212717
1627 2.4214233426212717
1628 2.4214233426212717
1629 7.58070695066851
1630 7.58070695066851
1631 7.58070695066851
1632 7.58070695066851
1633 3.0992667663408286
1634 3.0992667663408286
1635 3.0992667663408286
1636 3.0992667663408286
1637 1.9243450044126063
1638 1.9243450044126063
1639 1.9243450044126063
1640 1.9243450044126063
1641 2.3074318069352255
1642 2.3074318069352255
1643 2.3074318069352255
1644 2.3074318069352255
1645 4.000464164316377
1646 4.000464164316377
1647 4.000464164316377
1648 4.000464164316377
1649 4.893216357795486
1650 4.893216357795486
1651 4.893216357795486
1652 4.893216357795486
1653 3.8008998383917394
1654 3.8008998383917394
1655 3.8008998383917394
1656 3.8008998383917394
1657 5.267249973555496
1658 5.267249973555496
1659 5.267249973555496
1660 5.267249973555496
1661 5.181877306166339
1662 5.181877306166339
1663 5.181877306166339
1664 5.181877306166339
1665 4.872062310517024
1666 4.872062310517024
1667 4.872062310517024
1668 4.872062310517024
1669 2.9761059194372708
1670 2.9761059194372708
1671 2.9761059194372708
1672 2.0334385111807984
1673 2.0334385111807984
1674 2.0334385111807984
1675 2.0334385111807984
1676 2.9004995306940433
1677 2.9004995306940433
1678 2.9004995306940433
1679 2.9004995306940433
1680 3.743507513354576
1681 3.743507513354576
1682 3.743507513354576
1683 3.743507513354576
1684 4.329129959127254
1685 4.329129959127254
1686 4.329129959127254
1687 4.329129959127254
1688 2.473739539960267
1689 2.473739539960267
1690 2.473739539960267
1691 2.473739539960267
1692 3.496545643621058
1693 3.496545643621058
1694 3.496545643621058
1695 3.496545643621058
1696 4.283179587342282
1697 4.283179587342282
1698 4.283179587342282
1699 4.283179587342282
1700 2.4475911626627047
1701 2.4475911626627047
1702 2.4475911626627047
1703 2.4475911626627047
1704 2.9365177288393056
1705 2.9365177288393056
1706 2.9365177288393056
1707 2.9365177288393056
1708 3.8940629102132456
1709 3.8940629102132456
1710 3.8940629102132456
1711 3.8940629102132456
1712 4.163631237573457
1713 4.163631237573457
1714 4.163631237573457
1715 4.163631237573457
1716 4.6408410084109075
1717 4.6408410084109075
1718 4.6408410084109075
1719 4.6408410084109075
1720 1.6325938623424063
1721 1.6325938623424063
1722 1.6325938623424063
1723 1.6325938623424063
1724 4.039165613722673
1725 4.039165613722673
1726 4.039165613722673
1727 4.039165613722673
1728 2.904613102281207
1729 2.904613102281207
1730 2.904613102281207
1731 2.904613102281207
1732 4.888547104293192
1733 4.888547104293192
1734 4.888547104293192
1735 4.888547104293192
1736 3.9172324622171386
1737 3.9172324622171386
1738 3.9172324622171386
1739 3.9172324622171386
1740 3.437043771127775
1741 3.437043771127775
1742 3.437043771127775
1743 3.437043771127775
1744 2.774611045030661
1745 2.774611045030661
1746 2.774611045030661
1747 2.774611045030661
1748 4.392089672584799
1749 4.392089672584799
1750 4.392089672584799
1751 4.392089672584799
1752 2.1019583190233337
1753 2.1019583190233337
1754 2.1019583190233337
1755 2.1019583190233337
1756 3.6055268261533953
1757 4.27146690403379
1758 4.27146690403379
1759 4.27146690403379
1760 4.27146690403379
1761 1.5764823062305977
1762 1.5764823062305977
1763 1.5764823062305977
1764 1.5764823062305977
1765 2.3735912566655606
1766 2.3735912566655606
1767 2.3735912566655606
1768 2.3735912566655606
1769 1.3393724532446298
1770 1.3393724532446298
1771 1.3393724532446298
1772 1.3393724532446298
1773 2.559684042077816
1774 2.559684042077816
1775 2.559684042077816
1776 2.559684042077816
1777 1.9399676873694893
1778 1.9399676873694893
1779 1.9399676873694893
1780 1.9399676873694893
1781 2.2986901735974214
1782 2.2986901735974214
1783 2.2986901735974214
1784 2.2986901735974214
1785 2.2155123956519946
1786 2.2155123956519946
1787 2.2155123956519946
1788 2.2155123956519946
1789 1.7849424573515824
1790 1.7849424573515824
1791 1.7849424573515824
1792 1.7849424573515824
1793 2.1246666678041404
1794 2.1246666678041404
1795 2.1246666678041404
1796 2.1246666678041404
1797 2.8872071926407616
1798 2.8872071926407616
1799 2.8872071926407616
1800 2.8872071926407616
1801 1.6394641907213865
1802 3.5320751481981913
1803 3.5320751481981913
1804 3.5320751481981913
1805 3.5320751481981913
1806 4.146346490655981
1807 4.146346490655981
1808 4.146346490655981
1809 4.146346490655981
1810 4.226519015274873
1811 4.226519015274873
1812 4.226519015274873
1813 4.226519015274873
1814 4.328738640715358
1815 4.328738640715358
1816 4.328738640715358
1817 4.328738640715358
1818 2.640349911470312
1819 2.640349911470312
1820 2.640349911470312
1821 2.640349911470312
1822 2.4202115488794056
1823 2.4202115488794056
1824 2.4202115488794056
1825 2.4202115488794056
1826 2.2025099827182424
1827 2.2025099827182424
1828 2.2025099827182424
1829 2.2025099827182424
1830 1.4139592726641486
1831 1.4139592726641486
1832 1.4139592726641486
1833 1.4139592726641486
1834 2.1009387445173293
1835 2.1009387445173293
1836 2.1009387445173293
1837 2.1009387445173293
1838 2.1227710743261237
1839 2.1227710743261237
1840 2.1227710743261237
1841 2.1227710743261237
1842 3.5244004296124847
1843 3.5244004296124847
1844 3.5244004296124847
1845 3.5244004296124847
1846 1.7956542564921503
1847 1.7956542564921503
1848 1.7956542564921503
1849 1.7956542564921503
1850 3.0894191010726573
1851 3.0894191010726573
1852 3.0894191010726573
1853 3.0894191010726573
1854 1.7273896735166772
1855 1.7273896735166772
1856 1.7273896735166772
1857 1.7273896735166772
1858 1.5256198851521938
1859 1.5256198851521938
1860 1.5256198851521938
1861 1.5256198851521938
1862 2.255825485914425
1863 2.255825485914425
1864 2.255825485914425
1865 2.255825485914425
1866 2.6143496443938083
1867 2.6143496443938083
1868 2.6143496443938083
1869 2.6143496443938083
1870 2.268869706227644
1871 2.268869706227644
1872 2.268869706227644
1873 2.268869706227644
1874 2.433261132708661
1875 2.433261132708661
1876 2.433261132708661
1877 2.433261132708661
1878 1.6747388992298362
1879 1.6747388992298362
1880 1.6747388992298362
1881 1.6747388992298362
1882 1.792550170580179
1883 1.792550170580179
1884 1.792550170580179
1885 1.792550170580179
1886 2.101001026753482
1887 2.101001026753482
1888 2.101001026753482
1889 2.101001026753482
1890 3.408405376353627
1891 3.408405376353627
1892 3.408405376353627
1893 3.408405376353627
1894 3.047232815753019
1895 3.047232815753019
1896 3.047232815753019
1897 3.047232815753019
1898 1.33327298895312
1899 1.33327298895312
1900 1.33327298895312
1901 1.33327298895312
1902 1.3305979933177787
1903 1.3305979933177787
1904 1.3305979933177787
1905 1.3305979933177787
1906 2.888901706581655
1907 2.888901706581655
1908 2.888901706581655
1909 2.888901706581655
1910 0.9896752014296488
1911 0.9896752014296488
1912 0.9896752014296488
1913 4.056136617217971
1914 4.056136617217971
1915 4.056136617217971
1916 4.056136617217971
1917 4.158767543666118
1918 4.158767543666118
1919 4.158767543666118
1920 4.158767543666118
1921 1.886181189574963
1922 1.886181189574963
1923 1.9631654751334975
1924 1.9631654751334975
1925 1.9631654751334975
1926 1.9631654751334975
1927 2.191117092808447
1928 2.191117092808447
1929 2.191117092808447
1930 2.191117092808447
1931 2.692823291845571
1932 2.692823291845571
1933 2.692823291845571
1934 2.692823291845571
1935 1.5259744258690757
1936 1.5259744258690757
1937 1.5259744258690757
1938 1.5259744258690757
1939 3.153872820769979
1940 3.153872820769979
1941 3.153872820769979
1942 3.153872820769979
1943 0.9473639086785774
1944 0.9473639086785774
1945 0.9473639086785774
1946 0.9473639086785774
1947 1.6198437750557582
1948 1.6198437750557582
1949 1.6198437750557582
1950 1.6198437750557582
1951 4.097093147744777
1952 4.097093147744777
1953 4.097093147744777
1954 4.097093147744777
1955 0.9783550449215015
1956 1.1543105677493979
1957 1.1543105677493979
1958 1.1543105677493979
1959 2.462717083679463
1960 2.462717083679463
1961 2.462717083679463
1962 2.462717083679463
1963 4.334340576680864
1964 4.334340576680864
1965 4.334340576680864
1966 0.5785410226142684
1967 0.5785410226142684
1968 0.5785410226142684
1969 0.5785410226142684
1970 1.310371104443117
1971 1.310371104443117
1972 1.310371104443117
1973 1.310371104443117
1974 1.2334230467049188
1975 1.2334230467049188
1976 1.2334230467049188
1977 1.2334230467049188
1978 1.1959762002172094
1979 1.1959762002172094
1980 1.1959762002172094
1981 1.1959762002172094
1982 1.2940174975084948
1983 1.2940174975084948
1984 1.2940174975084948
1985 1.2940174975084948
1986 1.635633273451107
1987 1.635633273451107
1988 1.635633273451107
1989 1.635633273451107
1990 1.4858914099783558
1991 1.4858914099783558
1992 1.4858914099783558
1993 1.4858914099783558
1994 1.9676270087686523
1995 1.9676270087686523
1996 1.9676270087686523
1997 1.9676270087686523
1998 0.9419654745386604
1999 0.9419654745386604
