0 3.510625189825828
1 3.510625189825828
2 3.8224779399882918
3 3.8224779399882918
4 3.964289382629144
5 3.964289382629144
6 4.305617911763164
7 4.305617911763164
8 3.8182012781064443
9 3.8182012781064443
10 3.3836133941629325
11 3.3836133941629325
12 2.9280867936563357
13 2.9280867936563357
14 2.7492256036628873
15 2.7492256036628873
16 2.5487901831374695
17 2.5487901831374695
18 3.151436104379617
19 3.151436104379617
20 2.665287520888108
21 2.665287520888108
22 3.538520915391215
23 3.538520915391215
24 3.263957416338007
25 3.263957416338007
26 2.6725705281194925
27 2.6725705281194925
28 2.612730254890492
29 2.612730254890492
30 3.997758400714906
31 3.997758400714906
32 3.3788747801363415
33 3.3788747801363415
34 4.382975804971402
35 4.382975804971402
36 3.889537066279772
37 3.889537066279772
38 0.9794381451269227
39 0.9794381451269227
40 1.1940658971771376
41 1.1940658971771376
42 1.0228604886162511
43 1.0228604886162511
44 1.2873149516563802
45 1.2873149516563802
46 1.186263695267057
47 1.186263695267057
48 1.301261320318584
49 1.301261320318584
50 0.9294897468046611
51 0.9294897468046611
52 1.3943994312893657
53 1.3943994312893657
54 1.1558688327272288
55 1.1558688327272288
56 0.9796233100211034
57 0.9796233100211034
58 0.9895743644791684
59 0.9895743644791684
60 0.7497762600444366
61 0.7497762600444366
62 0.6490255273735995
63 0.6490255273735995
64 0.9101839013678852
65 0.9101839013678852
66 1.1072036623764554
67 1.1072036623764554
68 0.7106469237244064
69 0.7106469237244064
70 0.8274208675908026
71 0.8274208675908026
72 1.0040273647052382
73 1.0040273647052382
74 0.7551046228889974
75 0.7551046228889974
76 1.1115832921260094
77 1.1115832921260094
78 1.053833105753064
79 1.053833105753064
80 0.8810788395738692
81 0.8810788395738692
82 1.0220294667107876
83 1.0220294667107876
84 1.10474323920384
85 1.10474323920384
86 1.3072344424427393
87 1.3072344424427393
88 1.0374495493253328
89 1.0374495493253328
90 1.0236957224323846
91 1.0236957224323846
92 1.3229753918212241
93 1.3229753918212241
94 1.200550406121755
95 1.200550406121755
96 1.1243076200587645
97 1.1243076200587645
98 1.1358200344181595
99 1.1358200344181595
100 0.7243058357294954
101 0.7243058357294954
102 0.8684618814989593
103 0.8684618814989593
104 1.042934777759416
105 1.042934777759416
106 0.5308304882816959
107 0.5308304882816959
108 0.3864626259139831
109 0.3864626259139831
110 0.7863316930471556
111 0.7863316930471556
112 0.70747365968607
113 0.70747365968607
114 0.49620066650415057
115 0.49620066650415057
116 0.6428339469786067
117 0.6428339469786067
118 1.7812230219753462
119 1.7812230219753462
120 1.2740283847658818
121 1.2740283847658818
122 1.1028572039232474
123 1.1028572039232474
124 0.9979170175194394
125 0.9979170175194394
126 0.8531019913607782
127 0.8531019913607782
128 1.5387467600392775
129 1.5387467600392775
130 1.2600334747420832
131 1.2600334747420832
132 1.3957356684166955
133 1.3957356684166955
134 1.301026975548289
135 1.301026975548289
136 1.306044342764808
137 1.306044342764808
138 2.036638314254967
139 2.036638314254967
140 1.9515976273879316
141 1.9515976273879316
142 1.3779799209685497
143 1.3779799209685497
144 1.607736365259705
145 1.607736365259705
146 1.8581567719567258
147 1.8581567719567258
148 1.3609912210321993
149 1.3609912210321993
150 1.4080735448177468
151 1.4080735448177468
152 1.193075965948859
153 1.193075965948859
154 1.8758309383830083
155 1.8758309383830083
156 1.6413509451363053
157 1.6413509451363053
158 1.3086649050316872
159 1.3086649050316872
160 1.321387031654906
161 1.321387031654906
162 1.2883789915289574
163 1.2883789915289574
164 1.8482453990325824
165 1.8482453990325824
166 1.5933337114070953
167 1.5933337114070953
168 1.2322655986526942
169 1.2322655986526942
170 0.39970256387866687
171 0.39970256387866687
172 1.70482037144404
173 1.70482037144404
174 2.057061161709141
175 2.057061161709141
176 1.8209449527057853
177 1.8209449527057853
178 1.9995527799070665
179 1.9995527799070665
180 1.9761728229011646
181 1.9761728229011646
182 1.613143020597421
183 1.613143020597421
184 1.5792110300394595
185 1.5792110300394595
186 1.6187888108294046
187 1.6187888108294046
188 1.072589749792153
189 1.072589749792153
190 1.3615015326197286
191 1.3615015326197286
192 2.0107219454514444
193 2.0107219454514444
194 1.7666527799666183
195 1.7666527799666183
196 2.2034036754715247
197 2.2034036754715247
198 2.4027261908216127
199 2.4027261908216127
200 1.2003562483185892
201 1.2003562483185892
202 1.6648577315738833
203 1.6648577315738833
204 1.8981049900843145
205 1.8981049900843145
206 1.901607224731451
207 1.901607224731451
208 1.1412936128818825
209 1.1412936128818825
210 1.8422031477247516
211 1.8422031477247516
212 1.7226583856532567
213 1.7226583856532567
214 1.5540343335491806
215 1.5540343335491806
216 1.927862951244271
217 1.927862951244271
218 1.9243695257559779
219 1.9243695257559779
220 1.9114281559996502
221 1.9114281559996502
222 1.9103210639519914
223 1.9103210639519914
224 1.6429391880536404
225 1.6429391880536404
226 1.8914600369724766
227 1.8914600369724766
228 1.445004727638908
229 1.445004727638908
230 1.1025814739846602
231 1.1025814739846602
232 1.8610377986619118
233 1.8610377986619118
234 1.4273940787837514
235 1.4273940787837514
236 1.7500738280144557
237 1.7500738280144557
238 1.7697355984364376
239 1.7697355984364376
240 1.1704551339959484
241 1.1704551339959484
242 1.4596871393753141
243 1.4596871393753141
244 1.2962443783594733
245 1.2962443783594733
246 1.7497685749718963
247 1.2030002199849705
248 1.2030002199849705
249 2.052131544303072
250 2.052131544303072
251 2.778609039821262
252 2.778609039821262
253 2.449944176622933
254 2.449944176622933
255 2.531984908463821
256 2.531984908463821
257 2.8159105602354537
258 2.8159105602354537
259 2.099688119125049
260 2.099688119125049
261 2.654791044869824
262 2.654791044869824
263 1.6736849235751938
264 1.6736849235751938
265 1.4055928644207047
266 1.4055928644207047
267 2.159630362931147
268 2.159630362931147
269 1.8759791827720864
270 1.8759791827720864
271 2.503111266123593
272 2.503111266123593
273 1.5416120356334266
274 1.5416120356334266
275 2.1624373743803633
276 2.1624373743803633
277 2.682068149847193
278 2.682068149847193
279 2.494207232729337
280 2.494207232729337
281 2.458460388280314
282 2.458460388280314
283 1.8056525459348491
284 1.8056525459348491
285 1.9311351303638797
286 1.9311351303638797
287 1.3782038124066394
288 1.3782038124066394
289 2.0383148202016015
290 2.0383148202016015
291 2.0197844167442414
292 2.0197844167442414
293 1.4804435180614623
294 2.1614101930741216
295 2.1614101930741216
296 3.535157070772109
297 3.535157070772109
298 2.414313270406225
299 2.414313270406225
300 2.6991017004356803
301 2.6991017004356803
302 1.8887241126512495
303 1.8887241126512495
304 2.294674793912555
305 2.294674793912555
306 2.155950051094887
307 2.155950051094887
308 2.4641532106432056
309 2.4641532106432056
310 2.387743670779629
311 2.387743670779629
312 1.669655140762813
313 1.669655140762813
314 2.7699818064505464
315 2.7699818064505464
316 2.3364510936830585
317 3.3090198876229024
318 3.3090198876229024
319 2.0410845859287754
320 2.0410845859287754
321 2.9107372693009816
322 2.9107372693009816
323 3.2882242874563516
324 3.2882242874563516
325 3.591213855777565
326 3.591213855777565
327 3.482067923690052
328 3.482067923690052
329 3.821771095892232
330 3.821771095892232
331 3.149700446677151
332 3.149700446677151
333 4.176726605863062
334 4.176726605863062
335 3.6310556161774588
336 3.6310556161774588
337 3.1962775437670135
338 3.1962775437670135
339 3.312001622099271
340 3.312001622099271
341 5.3857797273538575
342 5.3857797273538575
343 4.042652919890663
344 4.042652919890663
345 3.530815974452858
346 3.530815974452858
347 3.425577965794783
348 3.425577965794783
349 5.1262599540538965
350 5.1262599540538965
351 4.837969320211256
352 4.837969320211256
353 4.011303044594128
354 4.011303044594128
355 3.35613227754741
356 3.35613227754741
357 4.881369254463117
358 4.881369254463117
359 5.043786086567074
360 5.043786086567074
361 3.167181376143213
362 3.167181376143213
363 3.9494531466231724
364 3.9494531466231724
365 4.188661887812876
366 4.188661887812876
367 3.6157493997391916
368 3.6157493997391916
369 4.012966704729993
370 4.012966704729993
371 4.959582931448873
372 4.959582931448873
373 2.843420937804837
374 2.843420937804837
375 4.34868424485121
376 4.34868424485121
377 4.931635095122284
378 4.931635095122284
379 4.233675559984177
380 2.4541809007584967
381 2.4541809007584967
382 2.764895722994684
383 2.764895722994684
384 2.2871008107201605
385 2.2871008107201605
386 3.3378859631661935
387 3.3378859631661935
388 2.3345354609530617
389 2.3345354609530617
390 1.8905009967748094
391 1.8905009967748094
392 2.527511732364117
393 2.527511732364117
394 3.5096746633459617
395 3.5096746633459617
396 2.7802552747544627
397 2.7802552747544627
398 1.7646468545698712
399 1.7646468545698712
400 3.1205098162669715
401 3.1205098162669715
402 4.4048131120158365
403 4.4048131120158365
404 5.330073042596822
405 1.1723741504686276
406 1.1723741504686276
407 2.681296815274908
408 2.681296815274908
409 1.5384485378389423
410 1.5384485378389423
411 1.878041450309909
412 1.878041450309909
413 1.7630812890586174
414 1.7630812890586174
415 2.083843256638751
416 2.083843256638751
417 1.944422244401763
418 1.944422244401763
419 1.9364966094179283
420 1.9364966094179283
421 1.9417688799791977
422 1.9417688799791977
423 2.422934296170104
424 2.422934296170104
425 1.5636404357245257
426 1.5636404357245257
427 2.106175073900212
428 2.106175073900212
429 2.546369921231639
430 2.546369921231639
431 1.468507607319495
432 1.468507607319495
433 2.3287875279199866
434 2.3287875279199866
435 1.2266068819887972
436 1.2266068819887972
437 2.0645902769360935
438 2.0645902769360935
439 2.2736380465263557
440 2.2736380465263557
441 1.9277137272736788
442 1.9277137272736788
443 1.476368315293082
444 1.476368315293082
445 2.181639628700068
446 2.181639628700068
447 2.3352565172428
448 2.3352565172428
449 2.4405960418870607
450 2.4405960418870607
451 1.6622016152840131
452 1.6622016152840131
453 1.8882823456484488
454 1.8882823456484488
455 1.857971566757437
456 1.857971566757437
457 1.2150807733480105
458 1.2150807733480105
459 2.0435897117885626
460 2.0435897117885626
461 2.6520750593149787
462 2.6520750593149787
463 1.937234000592069
464 1.937234000592069
465 1.9989092530758004
466 1.9989092530758004
467 1.453716248090215
468 1.453716248090215
469 1.2234109223219498
470 1.2234109223219498
471 2.2559597547035137
472 2.2559597547035137
473 2.8326509962989004
474 2.8326509962989004
475 2.0146608983716554
476 2.0146608983716554
477 1.9720838907162954
478 1.9720838907162954
479 1.55225620670235
480 1.55225620670235
481 2.5094434485264845
482 2.5094434485264845
483 2.8394873213422307
484 2.8394873213422307
485 2.1966072868451314
486 2.1966072868451314
487 2.3536509553964433
488 2.3536509553964433
489 2.4146968259872983
490 2.4146968259872983
491 2.0014111704682294
492 2.0014111704682294
493 2.297773656115819
494 2.297773656115819
495 2.3999531887607866
496 2.3999531887607866
497 2.383500645383665
498 2.383500645383665
499 2.0739345962275273
500 2.0739345962275273
501 2.576229023443903
502 2.576229023443903
503 2.415598304351132
504 2.415598304351132
505 2.0469388608688655
506 2.0469388608688655
507 2.1490976583520323
508 2.1490976583520323
509 1.6663469193386964
510 1.6663469193386964
511 1.787143754311424
512 1.787143754311424
513 1.5328527320636949
514 1.5328527320636949
515 2.3103987885327615
516 2.3103987885327615
517 1.9645438532075299
518 1.9645438532075299
519 1.683161438188706
520 4.304005685414603
521 4.304005685414603
522 3.5302821796521746
523 3.5302821796521746
524 2.914375038847473
525 2.914375038847473
526 4.480393192397689
527 4.480393192397689
528 3.5663156441313824
529 3.5663156441313824
530 3.0100903297882864
531 3.0100903297882864
532 3.495566443530121
533 3.495566443530121
534 3.4111981239772953
535 3.4111981239772953
536 2.89266939360357
537 2.89266939360357
538 3.6696908731015077
539 3.6696908731015077
540 3.5148229397730306
541 3.5148229397730306
542 2.419509131338515
543 2.419509131338515
544 3.7033146114601867
545 3.7033146114601867
546 2.709770618557757
547 2.709770618557757
548 3.02137424879734
549 3.02137424879734
550 2.4715647681537316
551 2.4715647681537316
552 2.4857365852307165
553 2.4857365852307165
554 1.9946660078819405
555 1.9946660078819405
556 2.258117815125394
557 2.258117815125394
558 3.707683584139312
559 3.707683584139312
560 3.3502206802438756
561 3.3502206802438756
562 4.2830449638787735
563 4.2830449638787735
564 3.996374491306965
565 3.996374491306965
566 2.9694731783988106
567 2.9694731783988106
568 3.79494288183252
569 3.79494288183252
570 4.80200464736205
571 4.80200464736205
572 3.5627967073201634
573 3.5627967073201634
574 4.304478729122813
575 4.304478729122813
576 3.8295454279747174
577 3.8295454279747174
578 2.809587542649938
579 2.809587542649938
580 4.348332986337705
581 4.348332986337705
582 4.0565076263603075
583 4.0565076263603075
584 2.7498818751934175
585 2.7498818751934175
586 4.042086625137758
587 4.042086625137758
588 3.815647346676071
589 3.815647346676071
590 1.9305571775950625
591 1.9305571775950625
592 2.4384055094936796
593 2.4384055094936796
594 2.651475249567204
595 2.651475249567204
596 3.029979288337449
597 3.029979288337449
598 3.686232761463355
599 3.686232761463355
600 3.092587377622052
601 3.092587377622052
602 3.6968493376280818
603 3.6968493376280818
604 2.792192313250362
605 2.792192313250362
606 3.2555036271351216
607 3.2555036271351216
608 2.2284131671516274
609 2.2284131671516274
610 3.392380291462567
611 3.392380291462567
612 4.615772615915272
613 4.615772615915272
614 2.475203096367694
615 2.475203096367694
616 3.776357686056446
617 3.776357686056446
618 4.6744826429469
619 4.6744826429469
620 3.5344864515613863
621 3.5344864515613863
622 4.060852640345061
623 4.060852640345061
624 4.010820235182649
625 4.010820235182649
626 3.133717950966475
627 3.133717950966475
628 4.1286548162613705
629 4.1286548162613705
630 3.25765565813584
631 3.25765565813584
632 2.291620526768538
633 2.291620526768538
634 3.050142830701239
635 3.050142830701239
636 4.008330280341388
637 4.008330280341388
638 3.2281927727231974
639 3.2281927727231974
640 4.033238814073827
641 4.033238814073827
642 2.5849168413821504
643 2.5849168413821504
644 2.04252974106422
645 2.04252974106422
646 3.532090320176618
647 3.532090320176618
648 3.7191285987432328
649 3.7191285987432328
650 2.691560616841541
651 2.691560616841541
652 3.0954812085737027
653 3.0954812085737027
654 2.9572359641267267
655 2.9572359641267267
656 4.333423623566824
657 4.333423623566824
658 2.903352514184883
659 2.903352514184883
660 1.4380424279136346
661 1.4380424279136346
662 1.3198718252246862
663 1.3198718252246862
664 1.3054455958230726
665 1.3054455958230726
666 1.1347442340881058
667 1.1347442340881058
668 1.1795724371428336
669 1.1795724371428336
670 0.9579586400991649
671 0.9579586400991649
672 1.4433764081326088
673 1.4433764081326088
674 1.6088090544228775
675 1.6088090544228775
676 0.9118138767894376
677 0.9118138767894376
678 0.8802064212494884
679 0.8802064212494884
680 0.43695693277795356
681 0.43695693277795356
682 0.8175375784558532
683 0.8175375784558532
684 1.032307570041415
685 1.032307570041415
686 1.160009716798515
687 1.160009716798515
688 1.5147934811409156
689 1.5147934811409156
690 1.228689527144561
691 1.228689527144561
692 0.8969420304550207
693 0.8969420304550207
694 1.3337182746640268
695 1.3337182746640268
696 1.1559477919795553
697 1.1559477919795553
698 1.5460479424897917
699 1.5460479424897917
700 1.0120203519875801
701 1.0120203519875801
702 0.9937247438293344
703 0.9937247438293344
704 1.0431246293474055
705 1.0431246293474055
706 0.5068857008154479
707 0.5068857008154479
708 0.8921630472752865
709 0.8921630472752865
710 1.5640650672941465
711 1.5640650672941465
712 1.6863962256938263
713 1.6863962256938263
714 1.335769624243859
715 1.335769624243859
716 1.1320103002892024
717 1.1320103002892024
718 1.339699220808254
719 1.339699220808254
720 1.1490223263969577
721 1.1490223263969577
722 0.7438967147705907
723 0.7438967147705907
724 0.944849628025329
725 0.944849628025329
726 1.268817037271386
727 1.268817037271386
728 1.3243229601559283
729 1.3243229601559283
730 1.33561206293385
731 1.33561206293385
732 1.0280489882086816
733 1.0280489882086816
734 0.9029032421044997
735 0.9029032421044997
736 1.2513862102320952
737 1.2513862102320952
738 0.6038113958815369
739 0.6038113958815369
740 1.0394466042460049
741 1.0394466042460049
742 1.3009922815912387
743 1.3009922815912387
744 0.8812847807179398
745 0.8812847807179398
746 0.6483661577857959
747 0.6483661577857959
748 0.7830715846205774
749 0.7830715846205774
750 1.0380384440462702
751 1.0380384440462702
752 0.9692801684962674
753 0.9692801684962674
754 1.0805920506993705
755 1.0805920506993705
756 0.8969839553281689
757 0.8969839553281689
758 1.1386790666712638
759 1.1386790666712638
760 1.4317597857263273
761 1.4317597857263273
762 1.344856177193548
763 1.344856177193548
764 0.7996048578531446
765 0.7996048578531446
766 1.256068493503124
767 1.256068493503124
768 1.106326151795113
769 1.106326151795113
770 1.4893486546553374
771 1.4893486546553374
772 0.9889544318248585
773 0.9889544318248585
774 1.418646681226709
775 1.418646681226709
776 1.2324774838327053
777 1.2324774838327053
778 1.0668093855944025
779 1.0668093855944025
780 1.0299551112915017
781 1.0299551112915017
782 0.8677673939402297
783 0.8677673939402297
784 1.1225794691265252
785 1.1225794691265252
786 0.7969733771375965
787 0.7969733771375965
788 1.200950844710838
789 1.200950844710838
790 1.616804379397185
791 1.616804379397185
792 1.2060186297184408
793 1.2060186297184408
794 0.7200117156710348
795 0.7200117156710348
796 1.1638026777808503
797 1.1638026777808503
798 1.0409747774066518
799 1.0409747774066518
800 1.1253733317662176
801 1.1253733317662176
802 1.2379347326142542
803 1.2379347326142542
804 1.0972849326473852
805 1.0972849326473852
806 1.0542134255595357
807 1.0542134255595357
808 1.4720718515475322
809 1.4720718515475322
810 1.178751544527044
811 1.178751544527044
812 1.4384553780950977
813 1.4384553780950977
814 1.2118059820122564
815 1.2118059820122564
816 1.685303448110576
817 1.685303448110576
818 0.9803374440717327
819 0.9803374440717327
820 1.0592777289057127
821 1.0592777289057127
822 1.0237867179850317
823 1.0237867179850317
824 0.8573426414863439
825 0.8573426414863439
826 0.9219976237316834
827 0.9219976237316834
828 1.0933709648885728
829 1.0933709648885728
830 0.8235485017093254
831 0.8235485017093254
832 1.532795000119604
833 1.532795000119604
834 1.3280883955733305
835 1.3280883955733305
836 1.2644779619988722
837 1.2644779619988722
838 1.233151790287418
839 1.233151790287418
840 0.733202313279986
841 0.733202313279986
842 1.1190702153137575
843 1.1190702153137575
844 1.1877113773525707
845 1.1877113773525707
846 1.1772289601898738
847 1.1772289601898738
848 0.6454841131843241
849 0.6454841131843241
850 1.242116423342875
851 1.242116423342875
852 1.1562500735344188
853 1.1562500735344188
854 1.3775207607125206
855 1.3775207607125206
856 1.1799313306647752
857 1.1799313306647752
858 1.0803121078894558
859 1.0803121078894558
860 1.2149670466378508
861 1.2149670466378508
862 0.8043137670035123
863 0.8043137670035123
864 1.3998863230157617
865 1.3998863230157617
866 1.4950877162391216
867 1.4950877162391216
868 1.315091758770972
869 1.315091758770972
870 1.0975474227297621
871 1.0975474227297621
872 1.315710491216117
873 1.315710491216117
874 1.1391686456135928
875 1.1391686456135928
876 1.0260918631757394
877 1.0260918631757394
878 1.0709755747785623
879 1.0709755747785623
880 1.0701138664310679
881 1.0701138664310679
882 1.0363997128714975
883 1.0363997128714975
884 1.1370099108688114
885 1.1370099108688114
886 1.058084406464691
887 1.058084406464691
888 1.4558267709033814
889 1.4558267709033814
890 0.904302051684835
891 0.904302051684835
892 1.3880033650392756
893 1.3880033650392756
894 1.2158906238481932
895 1.2158906238481932
896 0.9344278634820288
897 0.9344278634820288
898 0.9943940358701824
899 0.9943940358701824
900 1.516318884519615
901 1.516318884519615
902 1.1863287231111674
903 1.1863287231111674
904 1.145647059214779
905 1.145647059214779
906 1.2200250354133102
907 1.2200250354133102
908 1.15897778862166
909 1.15897778862166
910 0.9565145002219463
911 0.9565145002219463
912 1.2545793967715775
913 1.2545793967715775
914 0.6274641246865051
915 0.6274641246865051
916 1.529747797627826
917 1.529747797627826
918 1.0029835527779807
919 1.0029835527779807
920 1.001380592430041
921 1.001380592430041
922 0.7196602352873493
923 0.7196602352873493
924 0.9135710906708099
925 0.9135710906708099
926 0.8247065601925594
927 0.8247065601925594
928 1.3683468802592347
929 1.3683468802592347
930 1.0403565394740588
931 1.0403565394740588
932 1.156215744049376
933 1.156215744049376
934 1.6034508796791678
935 1.6034508796791678
936 1.26689102230396
937 1.26689102230396
938 1.1016744040029096
939 1.1016744040029096
940 0.9281948995812174
941 0.9281948995812174
942 1.2953024745805404
943 1.2953024745805404
944 1.3255924116741495
945 1.3255924116741495
946 1.3497869560170528
947 1.3497869560170528
948 1.2936900596580185
949 1.2936900596580185
950 0.9726194422239804
951 0.9726194422239804
952 1.3558905474310325
953 1.3558905474310325
954 1.4199877869363922
955 1.4199877869363922
956 1.2722719700120853
957 1.2722719700120853
958 1.3117152595581296
959 1.3117152595581296
960 1.4011667743114422
961 1.4011667743114422
962 1.1274558667543098
963 1.1274558667543098
964 1.0106545782790446
965 1.0106545782790446
966 1.0840547184164948
967 1.0840547184164948
968 1.072132815066956
969 1.072132815066956
970 1.2234773894296491
971 1.2234773894296491
972 0.9764140306092204
973 0.9764140306092204
974 0.8766083670893544
975 0.8766083670893544
976 1.0247393954941744
977 1.0247393954941744
978 1.0941153898780915
979 1.0941153898780915
980 1.0019013067054754
981 1.0019013067054754
982 1.447919000952244
983 1.447919000952244
984 0.9010152076110498
985 0.9010152076110498
986 1.3156471915430117
987 1.3156471915430117
988 1.0580762677046553
989 1.0580762677046553
990 0.7745463059264244
991 0.7745463059264244
992 1.1409436151802443
993 1.1409436151802443
994 0.857404482158548
995 0.857404482158548
996 0.9459143905763568
997 2.557287561308338
998 2.557287561308338
999 4.153979224241088
1000 4.153979224241088
1001 2.819900156059513
1002 2.819900156059513
1003 3.2829115818118964
1004 3.2829115818118964
1005 2.445276148569421
1006 2.445276148569421
1007 2.1371156653025403
1008 2.1371156653025403
1009 2.136507656242949
1010 2.136507656242949
1011 2.2947110582718886
1012 2.2947110582718886
1013 3.2011063166695504
1014 4.38525231844248
1015 4.38525231844248
1016 5.244252268156006
1017 5.244252268156006
1018 3.579287416881551
1019 3.579287416881551
1020 4.171301554130109
1021 4.171301554130109
1022 4.965317998208534
1023 4.965317998208534
1024 4.310110585462205
1025 4.310110585462205
1026 4.1545453639828205
1027 4.1545453639828205
1028 3.6648623825904574
1029 3.6648623825904574
1030 3.6831760435236074
1031 3.6831760435236074
1032 2.8062805176126613
1033 2.8062805176126613
1034 3.658507211499562
1035 3.658507211499562
1036 3.9368644103812738
1037 3.9368644103812738
1038 5.811521284260896
1039 5.811521284260896
1040 4.057028051561604
1041 4.057028051561604
1042 4.452502028163825
1043 4.452502028163825
1044 3.8259093611775747
1045 3.8259093611775747
1046 3.357990492410722
1047 3.357990492410722
1048 3.473134444266056
1049 3.473134444266056
1050 2.726646865919581
1051 2.726646865919581
1052 3.7290754452718047
1053 3.7290754452718047
1054 4.309544102871853
1055 4.309544102871853
1056 4.067765985005385
1057 4.067765985005385
1058 4.697285164331584
1059 4.697285164331584
1060 3.0417655778392967
1061 3.0417655778392967
1062 5.083507117492401
1063 5.083507117492401
1064 3.421522572940053
1065 3.421522572940053
1066 5.853910952080032
1067 5.853910952080032
1068 3.7081434893360163
1069 3.7081434893360163
1070 5.476164077359303
1071 5.476164077359303
1072 5.464420541049967
1073 5.464420541049967
1074 6.955193458633058
1075 3.7308359681694805
1076 3.7308359681694805
1077 4.266404318219817
1078 4.266404318219817
1079 2.4434757901010653
1080 2.4434757901010653
1081 3.2462503691503737
1082 3.2462503691503737
1083 3.563299385896433
1084 3.563299385896433
1085 2.7458224978974064
1086 2.7458224978974064
1087 3.6382890053197574
1088 3.6382890053197574
1089 2.0595013304039194
1090 2.0595013304039194
1091 4.482524323604648
1092 4.482524323604648
1093 2.8988499398618837
1094 2.8988499398618837
1095 3.044749192190499
1096 3.044749192190499
1097 2.3906403693852925
1098 2.3906403693852925
1099 2.883002301125734
1100 2.883002301125734
1101 3.349974835185051
1102 3.349974835185051
1103 2.798706464034133
1104 2.798706464034133
1105 1.9900603047324477
1106 1.9900603047324477
1107 2.8273340996909595
1108 2.8273340996909595
1109 2.48778379283223
1110 2.48778379283223
1111 3.415548324647861
1112 3.415548324647861
1113 2.448094927342076
1114 2.448094927342076
1115 2.653130059864859
1116 2.653130059864859
1117 3.341991810463674
1118 3.341991810463674
1119 3.5171812602308754
1120 3.5171812602308754
1121 3.370890817616415
1122 3.370890817616415
1123 2.257979149221333
1124 2.257979149221333
1125 4.181574051356994
1126 4.181574051356994
1127 3.0389830944837706
1128 3.0389830944837706
1129 3.80278372020994
1130 3.80278372020994
1131 2.222549921003905
1132 2.222549921003905
1133 3.7973493842705692
1134 3.7973493842705692
1135 1.4190094568573588
1136 1.4190094568573588
1137 1.8177690196160192
1138 1.8177690196160192
1139 1.4296961002961042
1140 1.4296961002961042
1141 2.3578640185943947
1142 2.3578640185943947
1143 1.3645721793226888
1144 1.3645721793226888
1145 1.2875249769410837
1146 1.2875249769410837
1147 1.3849087477799988
1148 1.3849087477799988
1149 1.7010010363912582
1150 1.7010010363912582
1151 1.9181104592007885
1152 1.9181104592007885
1153 1.6118888508718063
1154 1.6118888508718063
1155 1.8040871552794928
1156 1.8040871552794928
1157 1.2487922455467626
1158 1.2487922455467626
1159 1.4360090716581044
1160 1.4360090716581044
1161 1.291105912048099
1162 1.291105912048099
1163 1.3440914364863707
1164 1.3440914364863707
1165 1.7757981358604957
1166 1.7757981358604957
1167 1.2630024142294487
1168 1.2630024142294487
1169 1.709554202825827
1170 1.709554202825827
1171 1.4993622443820933
1172 1.4993622443820933
1173 1.7993102565592047
1174 1.7993102565592047
1175 0.9467554914265484
1176 0.9467554914265484
1177 1.4833820560279458
1178 1.4833820560279458
1179 2.112556465923925
1180 2.112556465923925
1181 1.6525527143715844
1182 1.6525527143715844
1183 1.4119350090512095
1184 1.4119350090512095
1185 1.1962883302174148
1186 1.1962883302174148
1187 1.4393137451367937
1188 1.4393137451367937
1189 1.9247900085276644
1190 1.9247900085276644
1191 1.6856462070177116
1192 1.6856462070177116
1193 1.8062221662447253
1194 1.8062221662447253
1195 1.7530964782158809
1196 1.7530964782158809
1197 1.214683107889316
1198 1.214683107889316
1199 1.6763465006447422
1200 1.6763465006447422
1201 1.6693516150694085
1202 1.6693516150694085
1203 1.2792743963915258
1204 1.2792743963915258
1205 1.63453528265363
1206 1.63453528265363
1207 1.9356023591264553
1208 1.9356023591264553
1209 1.6905561298554321
1210 1.6905561298554321
1211 1.2119704287481188
1212 1.2119704287481188
1213 1.5746269595223288
1214 1.5746269595223288
1215 1.4334799717310633
1216 1.4334799717310633
1217 1.7730746598001033
1218 1.7730746598001033
1219 1.374643762672518
1220 1.374643762672518
1221 1.3263729120106476
1222 1.3263729120106476
1223 1.304573074126555
1224 1.304573074126555
1225 0.8100978969940706
1226 0.8100978969940706
1227 1.5344932105337437
1228 1.5344932105337437
1229 1.67864734407157
1230 1.67864734407157
1231 1.2200625260314741
1232 1.2200625260314741
1233 2.633946604270742
1234 2.633946604270742
1235 1.9889552212976176
1236 1.9889552212976176
1237 1.2810227736823445
1238 1.2810227736823445
1239 1.1264443911414723
1240 1.1264443911414723
1241 1.7226072314941248
1242 1.7226072314941248
1243 2.0454855554926854
1244 2.0454855554926854
1245 1.6123089533791355
1246 1.6123089533791355
1247 1.8387131015924008
1248 1.8387131015924008
1249 0.7724408009502848
1250 0.7724408009502848
1251 1.5511149286840724
1252 1.5511149286840724
1253 1.6330146736898046
1254 1.6330146736898046
1255 1.8458382479955595
1256 1.8458382479955595
1257 1.4950249472500259
1258 1.4950249472500259
1259 1.1095279151948432
1260 1.1095279151948432
1261 2.0511190337517995
1262 2.0511190337517995
1263 1.4181941913421992
1264 1.4181941913421992
1265 1.3879722603607112
1266 1.3879722603607112
1267 2.0035852958160865
1268 2.0035852958160865
1269 1.5220523383089108
1270 1.5220523383089108
1271 1.2362659217173326
1272 1.2362659217173326
1273 1.5425147562183543
1274 1.5425147562183543
1275 1.6644780269675126
1276 1.6644780269675126
1277 1.5944954610964701
1278 1.5944954610964701
1279 1.6695356328286501
1280 1.6695356328286501
1281 1.990900777462858
1282 1.990900777462858
1283 1.846393537263939
1284 1.846393537263939
1285 2.0330419990598205
1286 2.0330419990598205
1287 0.9712829649928335
1288 0.9712829649928335
1289 2.05600676448124
1290 2.05600676448124
1291 1.765078633273673
1292 1.765078633273673
1293 1.6609203368383407
1294 1.6609203368383407
1295 1.5484174171551783
1296 1.5484174171551783
1297 2.0756853434984732
1298 2.0756853434984732
1299 1.5164304149021162
1300 1.5164304149021162
1301 1.453326833622648
1302 1.453326833622648
1303 1.508924912089867
1304 1.508924912089867
1305 1.8765779245838647
1306 1.8765779245838647
1307 1.4013912119898342
1308 1.4013912119898342
1309 1.5204373997001486
1310 1.5204373997001486
1311 1.794097976290679
1312 1.794097976290679
1313 1.624784819786944
1314 1.624784819786944
1315 1.6944793606048323
1316 1.6944793606048323
1317 1.5813313387101802
1318 1.5813313387101802
1319 0.6354849017576036
1320 0.6354849017576036
1321 1.4555315981446635
1322 1.4555315981446635
1323 1.7748994975917616
1324 1.7748994975917616
1325 1.3039795124409332
1326 1.3039795124409332
1327 1.6521518055594318
1328 1.6521518055594318
1329 1.7577223433062585
1330 1.7577223433062585
1331 1.3776338414112674
1332 1.3776338414112674
1333 2.486939315506239
1334 2.486939315506239
1335 1.2600703109876095
1336 1.2600703109876095
1337 1.800618532636171
1338 1.800618532636171
1339 1.5360751742341792
1340 1.5360751742341792
1341 1.4736493710882743
1342 1.4736493710882743
1343 1.6228586701279761
1344 1.6228586701279761
1345 1.2504839685065472
1346 1.2504839685065472
1347 1.64344227828006
1348 1.64344227828006
1349 1.5678789608599084
1350 1.5678789608599084
1351 1.4217943232965617
1352 1.4217943232965617
1353 1.9806730582872636
1354 1.9806730582872636
1355 1.5076632045730014
1356 1.5076632045730014
1357 1.5890833798456518
1358 1.5890833798456518
1359 1.114363196015744
1360 1.114363196015744
1361 1.5529953200822746
1362 1.5529953200822746
1363 2.2266824200163775
1364 2.2266824200163775
1365 1.4948671761832655
1366 1.4948671761832655
1367 1.4441927809352169
1368 1.4441927809352169
1369 2.1046848931788458
1370 2.1046848931788458
1371 0.8601850618316191
1372 0.8601850618316191
1373 1.4523262805066075
1374 1.4523262805066075
1375 1.8734407370856971
1376 1.8734407370856971
1377 1.1856901438726675
1378 1.1856901438726675
1379 1.1850145804617584
1380 1.1850145804617584
1381 1.4964503334547448
1382 1.4964503334547448
1383 0.8837428363581002
1384 0.8837428363581002
1385 1.2965263675952354
1386 1.2965263675952354
1387 1.6039138612444939
1388 1.6039138612444939
1389 2.141424184350926
1390 2.141424184350926
1391 1.6839806788108669
1392 1.6839806788108669
1393 1.4700872966484768
1394 1.4700872966484768
1395 1.757141701063732
1396 1.757141701063732
1397 1.559738507081919
1398 1.559738507081919
1399 1.345379547883759
1400 1.345379547883759
1401 1.3971981119042611
1402 1.3971981119042611
1403 1.359576458850284
1404 1.359576458850284
1405 1.361691226838298
1406 1.361691226838298
1407 1.8471530163874297
1408 1.8471530163874297
1409 2.1335598997104896
1410 2.1335598997104896
1411 1.8201826832436168
1412 1.8201826832436168
1413 1.340757794424679
1414 1.340757794424679
1415 1.8391800413326305
1416 1.8391800413326305
1417 0.9590571365162988
1418 0.9590571365162988
1419 1.4021384017846394
1420 1.4021384017846394
1421 1.4608308523572837
1422 1.4608308523572837
1423 1.3974461681795136
1424 1.3974461681795136
1425 2.155737921813803
1426 2.155737921813803
1427 1.570043433750519
1428 1.570043433750519
1429 1.585428774860194
1430 1.585428774860194
1431 1.049009406504219
1432 1.049009406504219
1433 1.6712599349375101
1434 1.6712599349375101
1435 1.4197312793823214
1436 1.4197312793823214
1437 1.2864537797294635
1438 1.2864537797294635
1439 1.860529478427082
1440 1.860529478427082
1441 1.257038656988476
1442 1.257038656988476
1443 1.0471521269658313
1444 1.0471521269658313
1445 1.7220277104758666
1446 1.7220277104758666
1447 1.5300540877160536
1448 1.7315866916900693
1449 1.7315866916900693
1450 3.140063566631345
1451 3.140063566631345
1452 2.5686959831309246
1453 2.5686959831309246
1454 1.974538662813166
1455 1.974538662813166
1456 1.69733718122259
1457 1.69733718122259
1458 3.030252749110611
1459 3.030252749110611
1460 3.035048338572999
1461 3.035048338572999
1462 2.1468141389445328
1463 2.1468141389445328
1464 1.693748576220182
1465 1.693748576220182
1466 2.9944217747430084
1467 2.9944217747430084
1468 3.2114344469972025
1469 3.2114344469972025
1470 2.9913385478492938
1471 2.9913385478492938
1472 2.0372451509155773
1473 2.0372451509155773
1474 2.590907863082649
1475 2.590907863082649
1476 2.828190729861597
1477 2.828190729861597
1478 2.1245026272961915
1479 2.1245026272961915
1480 1.0739321182598183
1481 1.0739321182598183
1482 2.5452327336358245
1483 2.5452327336358245
1484 1.819040065294335
1485 1.819040065294335
1486 2.813084405821361
1487 2.813084405821361
1488 1.5070418390837756
1489 1.5070418390837756
1490 3.1875648529064455
1491 3.1875648529064455
1492 2.1812843015646144
1493 2.1812843015646144
1494 2.685974691771862
1495 2.685974691771862
1496 2.0699218277157714
1497 2.0699218277157714
1498 2.2983072745055773
1499 2.2983072745055773
1500 1.270637758465604
1501 1.270637758465604
1502 3.0830538767811726
1503 3.0830538767811726
1504 1.9925913609789103
1505 1.9925913609789103
1506 2.549983687537114
1507 2.549983687537114
1508 1.7525688017867478
1509 1.7525688017867478
1510 2.711677776665536
1511 2.711677776665536
1512 2.461036579263114
1513 2.461036579263114
1514 2.5989321193111357
1515 2.5989321193111357
1516 2.3216449173009663
1517 2.3216449173009663
1518 2.6035676500864273
1519 2.6035676500864273
1520 2.9573450179174805
1521 2.9573450179174805
1522 2.2504965817108316
1523 2.2504965817108316
1524 2.143415912860158
1525 2.143415912860158
1526 1.1064126928292712
1527 1.1064126928292712
1528 2.691265590154834
1529 2.691265590154834
1530 3.6711110096774506
1531 3.6711110096774506
1532 1.0792073677076655
1533 1.0792073677076655
1534 2.336980585849179
1535 2.336980585849179
1536 1.5223626431331847
1537 1.5223626431331847
1538 2.8458331335145157
1539 2.8458331335145157
1540 1.2172422746029583
1541 1.2172422746029583
1542 0.8572262486693127
1543 0.8572262486693127
1544 2.4014831101654703
1545 2.4014831101654703
1546 2.6116897681619475
1547 2.6116897681619475
1548 3.3862797259468724
1549 3.3862797259468724
1550 1.710777744718151
1551 1.710777744718151
1552 2.509066738075731
1553 2.509066738075731
1554 2.5185643318288724
1555 2.5185643318288724
1556 2.021737985699924
1557 2.021737985699924
1558 3.387175004486915
1559 3.387175004486915
1560 2.18633302673363
1561 2.18633302673363
1562 2.012426250431527
1563 2.012426250431527
1564 2.903693224226685
1565 2.903693224226685
1566 1.894818068699821
1567 1.894818068699821
1568 1.8925521795328466
1569 1.8925521795328466
1570 2.7554208481352642
1571 2.7554208481352642
1572 2.3079616303502886
1573 2.3079616303502886
1574 3.51735521002011
1575 3.51735521002011
1576 2.8576169526536894
1577 2.8576169526536894
1578 2.294605212923346
1579 2.294605212923346
1580 1.96656182328061
1581 1.96656182328061
1582 1.8361003242435998
1583 1.8361003242435998
1584 2.4369679345638464
1585 2.4369679345638464
1586 2.7239500998795103
1587 2.7239500998795103
1588 3.4686149412088483
1589 3.4686149412088483
1590 1.964766113654858
1591 1.964766113654858
1592 3.109642254067607
1593 3.109642254067607
1594 1.7733229145446616
1595 1.7733229145446616
1596 2.2952713185044633
1597 0.9742248996973506
1598 0.9742248996973506
1599 1.801624712274096
1600 1.801624712274096
1601 0.8807412025983163
1602 0.8807412025983163
1603 1.0648944948242964
1604 1.0648944948242964
1605 1.5564824153737893
1606 1.5564824153737893
1607 0.9910939575221231
1608 0.9910939575221231
1609 1.0634162927149067
1610 1.0634162927149067
1611 1.1439916343143683
1612 1.1439916343143683
1613 0.836182933598495
1614 0.836182933598495
1615 1.3125817546231404
1616 1.3125817546231404
1617 1.0147921813259844
1618 1.0147921813259844
1619 1.0600580409809168
1620 1.0600580409809168
1621 1.2334012041576352
1622 1.2334012041576352
1623 0.7402024227064011
1624 0.7402024227064011
1625 0.9975959687345592
1626 0.9975959687345592
1627 1.3430469618600405
1628 1.3430469618600405
1629 1.2636085538875574
1630 1.2636085538875574
1631 1.1941940732197067
1632 1.1941940732197067
1633 1.2076847495390868
1634 1.2076847495390868
1635 1.0625340213297652
1636 1.0625340213297652
1637 1.246551335900651
1638 1.246551335900651
1639 0.9547019688734145
1640 0.9547019688734145
1641 1.3453503121868848
1642 1.3453503121868848
1643 2.7224653239564844
1644 2.7224653239564844
1645 3.943060149575548
1646 3.943060149575548
1647 3.0235004897053908
1648 3.0235004897053908
1649 2.284666280706845
1650 2.284666280706845
1651 4.6502495190568345
1652 4.6502495190568345
1653 2.9551004804113448
1654 2.9551004804113448
1655 3.0576233277274856
1656 3.0576233277274856
1657 5.509391260797214
1658 5.509391260797214
1659 5.374371945241411
1660 5.374371945241411
1661 4.239682380047512
1662 4.239682380047512
1663 4.890688748990596
1664 4.890688748990596
1665 3.677943090601826
1666 3.677943090601826
1667 4.578462843745667
1668 4.578462843745667
1669 3.665744858652212
1670 3.665744858652212
1671 3.821986973141177
1672 3.821986973141177
1673 5.405223103383145
1674 5.405223103383145
1675 4.19752823374144
1676 4.19752823374144
1677 3.3933915134691124
1678 3.3933915134691124
1679 4.098273939757699
1680 4.098273939757699
1681 2.5876672868121835
1682 2.5876672868121835
1683 3.7149262858161265
1684 3.7149262858161265
1685 3.5214514308932587
1686 3.5214514308932587
1687 1.7904942255280707
1688 1.7904942255280707
1689 3.7044646892314796
1690 3.7044646892314796
1691 2.693616875676542
1692 2.693616875676542
1693 3.9127414508322693
1694 3.9127414508322693
1695 4.436592591272507
1696 4.436592591272507
1697 3.630911413828466
1698 3.630911413828466
1699 4.334499980468261
1700 4.334499980468261
1701 2.836694082152361
1702 2.836694082152361
1703 4.025476498982047
1704 4.025476498982047
1705 3.8467250622276183
1706 3.8467250622276183
1707 3.9452470294661905
1708 3.9452470294661905
1709 2.2628233889429614
1710 2.2628233889429614
1711 3.8221015830233758
1712 3.8221015830233758
1713 3.7378042804785983
1714 3.7378042804785983
1715 4.0435457113870426
1716 4.0435457113870426
1717 3.5543007493422896
1718 3.5543007493422896
1719 4.528184426057791
1720 4.528184426057791
1721 2.8870390119565372
1722 2.8870390119565372
1723 4.1682891167618035
1724 4.1682891167618035
1725 2.8378509622213426
1726 2.8378509622213426
1727 3.3169514976364645
1728 3.3169514976364645
1729 3.671354656393458
1730 3.671354656393458
1731 2.8343422632437263
1732 2.8343422632437263
1733 4.025865325429387
1734 4.025865325429387
1735 2.6341231536732446
1736 2.6341231536732446
1737 4.5847085574689945
1738 4.5847085574689945
1739 4.511399022740479
1740 4.511399022740479
1741 5.008658878676631
1742 5.008658878676631
1743 3.61625390322991
1744 3.61625390322991
1745 2.8192086237308804
1746 2.8192086237308804
1747 3.9813708461184505
1748 3.9813708461184505
1749 4.238573090962348
1750 4.238573090962348
1751 4.4854573288366675
1752 4.4854573288366675
1753 5.353910018348365
1754 5.353910018348365
1755 3.831312077013906
1756 3.831312077013906
1757 3.943756250749723
1758 3.943756250749723
1759 3.5716094028971543
1760 3.5716094028971543
1761 2.3737762641777316
1762 2.3737762641777316
1763 4.247249034287491
1764 4.247249034287491
1765 3.462204463943261
1766 3.462204463943261
1767 2.819146404973218
1768 2.819146404973218
1769 4.691620283751134
1770 4.691620283751134
1771 2.3610462010027717
1772 2.3610462010027717
1773 2.9678804439455
1774 2.9678804439455
1775 4.43405030478415
1776 4.43405030478415
1777 2.454011935381864
1778 2.454011935381864
1779 3.672223446704009
1780 3.672223446704009
1781 4.977788610575234
1782 4.977788610575234
1783 3.8400421014313864
1784 3.8400421014313864
1785 3.6494065376685274
1786 3.6494065376685274
1787 4.741001183163748
1788 4.741001183163748
1789 4.9555950836745595
1790 4.9555950836745595
1791 3.9593257413820924
1792 3.9593257413820924
1793 2.427385016871635
1794 2.427385016871635
1795 3.2251599412908303
1796 3.2251599412908303
1797 3.4271955852268556
1798 3.4271955852268556
1799 4.356599374520798
1800 4.356599374520798
1801 3.872497515655744
1802 3.872497515655744
1803 4.522976760433356
1804 4.522976760433356
1805 3.3556472748735118
1806 3.3556472748735118
1807 3.6385279030799738
1808 3.6385279030799738
1809 4.302129604276987
1810 4.302129604276987
1811 4.095848744835865
1812 4.095848744835865
1813 4.077183154851999
1814 4.077183154851999
1815 2.715082718471751
1816 2.715082718471751
1817 3.4685728376801035
1818 3.4685728376801035
1819 3.8394522863321376
1820 3.8394522863321376
1821 4.72410121086528
1822 4.72410121086528
1823 4.171345840131634
1824 4.171345840131634
1825 2.979544714421487
1826 2.979544714421487
1827 3.47697911031015
1828 3.47697911031015
1829 4.0229050178381005
1830 4.0229050178381005
1831 4.322907423506758
1832 4.322907423506758
1833 4.653314016020169
1834 4.653314016020169
1835 3.331607124373899
1836 3.331607124373899
1837 3.56893470874114
1838 3.56893470874114
1839 3.857938342749779
1840 3.857938342749779
1841 5.126329491253744
1842 5.126329491253744
1843 3.248578059337745
1844 3.248578059337745
1845 4.939452205676752
1846 4.939452205676752
1847 4.718127368315896
1848 4.718127368315896
1849 3.4407244091407208
1850 3.4407244091407208
1851 4.876365531926361
1852 4.876365531926361
1853 4.1379834556470385
1854 4.1379834556470385
1855 4.026025779946898
1856 4.026025779946898
1857 4.2207737120691995
1858 4.2207737120691995
1859 4.055521565614232
1860 4.055521565614232
1861 2.848681570924433
1862 2.848681570924433
1863 3.7377741637261073
1864 3.7377741637261073
1865 3.0880244278059856
1866 3.0880244278059856
1867 3.5260683755692575
1868 3.5260683755692575
1869 3.3259417121777104
1870 3.3259417121777104
1871 4.824119685008368
1872 4.824119685008368
1873 3.151438406584933
1874 3.151438406584933
1875 4.174100980249704
1876 4.174100980249704
1877 3.514407171031613
1878 3.514407171031613
1879 5.797656447432353
1880 5.797656447432353
1881 2.6674788431019976
1882 2.6674788431019976
1883 4.228685212125638
1884 4.228685212125638
1885 4.147633540819274
1886 4.147633540819274
1887 5.794381540813218
1888 5.794381540813218
1889 2.3994258772268853
1890 2.3994258772268853
1891 3.2589136198437276
1892 3.2589136198437276
1893 3.5902493130142656
1894 3.5902493130142656
1895 3.1594368586257144
1896 3.1594368586257144
1897 2.7553385621429047
1898 2.7553385621429047
1899 4.472374055092629
1900 4.472374055092629
1901 2.723763577907192
1902 2.723763577907192
1903 4.568976834482251
1904 4.568976834482251
1905 4.2429904009746355
1906 4.2429904009746355
1907 3.0660649833267417
1908 3.0660649833267417
1909 3.533046292517083
1910 3.533046292517083
1911 2.791070663087913
1912 2.791070663087913
1913 3.889072025673847
1914 3.889072025673847
1915 5.013710372410648
1916 0.7480510062526431
1917 0.7480510062526431
1918 0.38639741194226884
1919 0.38639741194226884
1920 0.652484623755698
1921 0.652484623755698
1922 0.7693347366921497
1923 0.7693347366921497
1924 0.8495618660984368
1925 0.8495618660984368
1926 0.6464560315391293
1927 0.6464560315391293
1928 0.8457326729237385
1929 0.8457326729237385
1930 0.4017925694286196
1931 0.4017925694286196
1932 0.6844250235587341
1933 0.6844250235587341
1934 1.74708694755515
1935 1.74708694755515
1936 1.666132992496171
1937 1.666132992496171
1938 1.5472196491071273
1939 1.5472196491071273
1940 1.6417960277699462
1941 1.6417960277699462
1942 1.8372492683487212
1943 1.8372492683487212
1944 1.3386915061540414
1945 1.3386915061540414
1946 0.9622271892867321
1947 0.9622271892867321
1948 1.5891323390927
1949 1.5891323390927
1950 1.563721076456492
1951 1.563721076456492
1952 1.0360575252279234
1953 1.0360575252279234
1954 1.5958206493003957
1955 1.5958206493003957
1956 1.1824104888159623
1957 1.1824104888159623
1958 1.685674162825841
1959 1.685674162825841
1960 1.8903936648406396
1961 1.8903936648406396
1962 1.5734083018670764
1963 1.5734083018670764
1964 1.2792522212795139
1965 1.2792522212795139
1966 1.895238296818204
1967 1.895238296818204
1968 1.4836375340403647
1969 1.4836375340403647
1970 1.3541824269914957
1971 1.3541824269914957
1972 1.5284254740644132
1973 1.5284254740644132
1974 1.490875474326652
1975 1.490875474326652
1976 0.9030714273035837
1977 0.9030714273035837
1978 1.5202579898712676
1979 1.5202579898712676
1980 1.6361479561881904
1981 4.194982914860846
1982 4.194982914860846
1983 4.667017147840281
1984 4.667017147840281
1985 3.2876984867286883
1986 3.2876984867286883
1987 4.7458889251937695
1988 4.7458889251937695
1989 3.583484609787634
1990 3.583484609787634
1991 3.3757828180073672
1992 3.3757828180073672
1993 5.787318972110251
1994 5.787318972110251
1995 2.822334648123418
1996 2.822334648123418
1997 4.062397871475237
1998 4.062397871475237
1999 3.119911391122967
