0 1.5251540144758846
1 1.5251540144758846
2 2.3114244867356324
3 2.3114244867356324
4 2.4642448137192208
5 2.4642448137192208
6 1.4652243069242992
7 1.4652243069242992
8 1.6295640471460877
9 1.6295640471460877
10 1.7835083898153434
11 1.7835083898153434
12 1.7357657022892254
13 1.7357657022892254
14 1.7801561553982077
15 1.7801561553982077
16 1.2676584613612567
17 1.2676584613612567
18 1.3506759608206689
19 1.3506759608206689
20 1.4305043379244415
21 1.4305043379244415
22 1.3403811588606072
23 1.3403811588606072
24 1.5696110751131525
25 1.5696110751131525
26 2.441710184701429
27 2.441710184701429
28 1.5091220613078624
29 1.5091220613078624
30 2.0989077386640274
31 2.0989077386640274
32 1.7443187878982052
33 1.7443187878982052
34 1.1663099271051798
35 1.1663099271051798
36 1.5242092407395753
37 1.5242092407395753
38 1.920294907326857
39 1.920294907326857
40 1.4043349140152928
41 1.4043349140152928
42 1.7700305914826109
43 1.7700305914826109
44 2.1051548005880507
45 2.1051548005880507
46 1.7172536143230317
47 1.7172536143230317
48 1.4420085622541228
49 1.4420085622541228
50 1.721078510829373
51 1.721078510829373
52 1.0876595340365034
53 1.0876595340365034
54 1.46401032878927
55 1.46401032878927
56 0.9961473907213504
57 0.9961473907213504
58 1.2639870699207998
59 1.2639870699207998
60 1.3614458064670742
61 1.3614458064670742
62 1.997755243060987
63 1.997755243060987
64 1.7374930878355381
65 1.7374930878355381
66 1.660969227268712
67 1.660969227268712
68 1.7736195265410277
69 1.7736195265410277
70 1.876238984226902
71 1.876238984226902
72 1.9896906061047606
73 1.9896906061047606
74 0.9569944275322295
75 0.9569944275322295
76 1.8103096556684923
77 1.8103096556684923
78 1.8665623877047481
79 1.8665623877047481
80 1.5838755920714054
81 1.5838755920714054
82 1.4040452029122434
83 1.4040452029122434
84 1.4213029390470506
85 1.4213029390470506
86 1.4757729841482892
87 1.4757729841482892
88 1.4237233046973994
89 1.4237233046973994
90 1.1241714235627391
91 1.1241714235627391
92 2.128789421574631
93 2.128789421574631
94 2.97418894941869
95 2.97418894941869
96 3.495677935911719
97 3.495677935911719
98 3.2211426835585755
99 3.2211426835585755
100 2.2560046827397304
101 2.2560046827397304
102 3.5464065493229473
103 3.5464065493229473
104 2.428184388311339
105 2.428184388311339
106 1.9293714998705356
107 1.9293714998705356
108 3.2468557083002363
109 3.2468557083002363
110 1.668998126957055
111 1.668998126957055
112 2.8058800893077604
113 2.8058800893077604
114 2.169603089993595
115 2.169603089993595
116 3.8877668361725872
117 3.8877668361725872
118 2.394179701609366
119 2.394179701609366
120 4.212859185347999
121 4.212859185347999
122 3.2918256761009816
123 3.2918256761009816
124 4.082459917523501
125 4.082459917523501
126 3.2774373948182243
127 3.2774373948182243
128 2.2087651690474455
129 2.2087651690474455
130 3.4784880211658757
131 3.4784880211658757
132 2.5161378438758106
133 2.5161378438758106
134 2.1616088879534616
135 2.1616088879534616
136 3.957692727556875
137 3.957692727556875
138 3.4848424925855124
139 3.4848424925855124
140 2.7960052356111147
141 2.7960052356111147
142 2.8334209992329407
143 2.8334209992329407
144 3.3878558807847563
145 3.3878558807847563
146 4.012583800185583
147 4.012583800185583
148 3.652390258665633
149 3.652390258665633
150 3.2904530504348046
151 3.2904530504348046
152 2.903623543638274
153 2.903623543638274
154 2.6989192174095793
155 2.6989192174095793
156 3.249843266150341
157 3.249843266150341
158 2.9205575529941132
159 2.9205575529941132
160 1.9635657019160768
161 1.9635657019160768
162 3.199298170910967
163 3.199298170910967
164 2.600016626484295
165 2.600016626484295
166 3.0576710719551436
167 3.0576710719551436
168 3.0614148123058134
169 3.0614148123058134
170 3.0374534313945976
171 3.0374534313945976
172 3.155717246981403
173 3.155717246981403
174 2.446308136346219
175 2.446308136346219
176 3.9194084445137385
177 3.9194084445137385
178 2.71790341021526
179 2.71790341021526
180 3.3867894651397563
181 3.3867894651397563
182 2.476068431199505
183 2.476068431199505
184 2.014655112896785
185 2.014655112896785
186 1.9212753872058672
187 1.9212753872058672
188 1.8044482610880106
189 1.8044482610880106
190 1.4254032479996392
191 1.4254032479996392
192 1.8505002911246444
193 1.8505002911246444
194 1.9733506492974664
195 1.9733506492974664
196 1.640378058792046
197 1.640378058792046
198 1.9509260022405768
199 1.9509260022405768
200 1.1867166557759619
201 1.1867166557759619
202 1.6688063677980614
203 1.6688063677980614
204 1.6198359172972496
205 1.6198359172972496
206 2.6132972052263455
207 2.6132972052263455
208 2.1055551868753883
209 2.1055551868753883
210 1.9516966443947408
211 1.9516966443947408
212 1.85739911556591
213 1.85739911556591
214 1.5526098015979624
215 1.5526098015979624
216 1.9805846935351694
217 1.9805846935351694
218 2.2001672876933043
219 2.2001672876933043
220 1.5295745236714897
221 1.5295745236714897
222 1.9432257531949355
223 1.9432257531949355
224 2.1868787773053295
225 2.1868787773053295
226 2.608212714830053
227 2.608212714830053
228 2.733475588696387
229 2.733475588696387
230 2.1385609902657343
231 2.1385609902657343
232 2.8208623707265015
233 2.8208623707265015
234 1.3253664466079256
235 1.3253664466079256
236 1.4711217910998384
237 1.4711217910998384
238 1.8478437316902807
239 1.8478437316902807
240 2.6368803515844244
241 2.6368803515844244
242 3.041154419862258
243 3.041154419862258
244 1.6559198217213373
245 1.6559198217213373
246 2.0933937888053413
247 2.0933937888053413
248 2.2757193453874667
249 2.2757193453874667
250 2.5875410031981985
251 2.5875410031981985
252 2.222027041746935
253 2.222027041746935
254 0.8984974393406026
255 0.8984974393406026
256 1.4403385701087523
257 1.4403385701087523
258 1.5455042241239927
259 1.5455042241239927
260 2.124443752440561
261 2.124443752440561
262 2.1722230047780666
263 2.1722230047780666
264 2.1628591450233206
265 2.1628591450233206
266 1.5587286263582403
267 1.5587286263582403
268 1.531378301000439
269 1.531378301000439
270 2.075959895862267
271 2.075959895862267
272 1.5102519540016963
273 1.5102519540016963
274 1.462279895408814
275 1.462279895408814
276 2.035734605086204
277 2.035734605086204
278 1.6331195638079785
279 1.6331195638079785
280 1.6292880377341459
281 1.6292880377341459
282 1.4623350195428142
283 1.4623350195428142
284 1.5222009479213465
285 1.5222009479213465
286 1.8757509782379838
287 1.8757509782379838
288 1.62976316703702
289 1.62976316703702
290 1.6688616149025841
291 1.6688616149025841
292 1.8457507767573915
293 1.8457507767573915
294 1.6665042817342324
295 1.6665042817342324
296 1.5456387222849002
297 1.5456387222849002
298 1.5318692415590143
299 1.5318692415590143
300 0.9716663338756099
301 0.9716663338756099
302 1.7228179067304648
303 1.7228179067304648
304 1.1212347587028018
305 1.1212347587028018
306 1.2630548613890196
307 1.2630548613890196
308 0.9336654548047787
309 0.9336654548047787
310 1.282842508534443
311 1.282842508534443
312 1.6681103944112918
313 1.6681103944112918
314 2.0658801425444038
315 2.0658801425444038
316 2.033075431502168
317 2.033075431502168
318 2.808130767482556
319 2.808130767482556
320 3.988016100992744
321 3.988016100992744
322 2.9376257558549272
323 2.9376257558549272
324 2.8988213105513156
325 2.8988213105513156
326 2.5773580989214215
327 2.5773580989214215
328 3.4788457292541133
329 3.4788457292541133
330 4.237614054082398
331 4.237614054082398
332 5.152135971136063
333 5.152135971136063
334 3.0218707216169522
335 3.0218707216169522
336 3.1795221023827995
337 3.1795221023827995
338 1.2613655340369538
339 1.2613655340369538
340 0.8535266832668229
341 0.8535266832668229
342 0.8873143253693134
343 0.8873143253693134
344 0.5676971723906875
345 0.5676971723906875
346 0.5879708058195825
347 0.5879708058195825
348 0.7192706886658405
349 0.7192706886658405
350 0.7648235225392941
351 0.7648235225392941
352 0.7126250012948856
353 0.7126250012948856
354 0.6928341354862189
355 0.6928341354862189
356 0.7632960553640942
357 0.7632960553640942
358 0.6401706775593464
359 0.6401706775593464
360 0.9484404144809534
361 0.9484404144809534
362 0.7351381421226038
363 0.7351381421226038
364 0.5270374859255114
365 0.5270374859255114
366 0.6321326550409119
367 0.6321326550409119
368 0.6931117850289629
369 0.6931117850289629
370 0.8110652462480853
371 0.8110652462480853
372 0.6053140021950305
373 0.6053140021950305
374 0.617351774769624
375 0.617351774769624
376 0.6314940643643561
377 0.6314940643643561
378 0.5274410741000488
379 0.5274410741000488
380 0.6618679219065352
381 0.6618679219065352
382 0.4805363548999708
383 0.4805363548999708
384 0.6426863052111107
385 0.6426863052111107
386 0.7179778646040067
387 5.419808356645341
388 5.419808356645341
389 3.7279998256998526
390 3.7279998256998526
391 3.3003614344355405
392 3.3003614344355405
393 4.565558593007186
394 4.565558593007186
395 4.038202036373332
396 4.038202036373332
397 2.1085942927434056
398 2.1085942927434056
399 0.6195653851314088
400 0.6195653851314088
401 0.6950386822137192
402 0.6950386822137192
403 0.6239531517875715
404 0.6239531517875715
405 0.7060669205652399
406 0.7060669205652399
407 0.4706830669158587
408 0.4706830669158587
409 0.6725442810294086
410 0.6725442810294086
411 0.6418629421589037
412 0.6418629421589037
413 0.7509363313157483
414 0.7509363313157483
415 0.5475558646970857
416 0.5475558646970857
417 0.6502405920059823
418 0.6502405920059823
419 0.677450915004579
420 0.677450915004579
421 0.6508519159412144
422 0.6508519159412144
423 0.826330310096332
424 0.826330310096332
425 0.598573279372848
426 0.598573279372848
427 0.5397578238168004
428 0.5397578238168004
429 0.6251960101609713
430 0.6251960101609713
431 0.6636842770471937
432 0.6636842770471937
433 0.7759444347968479
434 0.7759444347968479
435 0.7243161372688605
436 0.7243161372688605
437 0.8078493276707098
438 0.8078493276707098
439 0.5820182639723058
440 0.5820182639723058
441 0.5276289501395899
442 0.5276289501395899
443 0.6874276813239864
444 0.6874276813239864
445 0.756041258227619
446 0.756041258227619
447 0.8557872836753075
448 0.8557872836753075
449 0.530969468865757
450 0.530969468865757
451 0.4712759813273254
452 0.4712759813273254
453 1.6375888698002743
454 1.6375888698002743
455 2.0202228715550303
456 2.0202228715550303
457 1.6320284614604956
458 1.6320284614604956
459 1.4715405471580216
460 1.4715405471580216
461 1.1616488302918926
462 1.1616488302918926
463 1.9909151844874189
464 1.9909151844874189
465 1.4722781961727602
466 1.4722781961727602
467 0.8772578905725412
468 0.8772578905725412
469 1.7331568144209095
470 1.7331568144209095
471 1.5501800872811131
472 1.5501800872811131
473 1.2462753495548486
474 1.2462753495548486
475 1.6118001413823655
476 1.6118001413823655
477 1.3208925435014054
478 1.3208925435014054
479 1.68159835012689
480 1.68159835012689
481 1.9856044032540658
482 1.9856044032540658
483 1.3622823520741156
484 1.3622823520741156
485 1.5326245654579513
486 1.5326245654579513
487 1.7767677331690417
488 1.7767677331690417
489 1.5027681183400219
490 0.22867039302532352
491 0.22867039302532352
492 0.22803582936671118
493 0.22803582936671118
494 0.11941727025037135
495 0.11941727025037135
496 0.2760546082985365
497 0.2760546082985365
498 0.2679854466411317
499 0.2679854466411317
500 0.17351631499343576
501 0.17351631499343576
502 0.24338848558908008
503 0.24338848558908008
504 0.20752595815028113
505 0.20752595815028113
506 0.20544249266045572
507 0.20544249266045572
508 0.15205501071144406
509 0.15205501071144406
510 0.2100900885250346
511 0.2100900885250346
512 0.1784976835385054
513 0.1784976835385054
514 0.2843772215174986
515 0.2843772215174986
516 0.2462924304065116
517 0.2462924304065116
518 0.20449637641305796
519 0.20449637641305796
520 0.18824102406708917
521 0.18824102406708917
522 0.2611456147498476
523 0.2611456147498476
524 0.1952074869256964
525 0.1952074869256964
526 0.19685829727342022
527 0.19685829727342022
528 0.19617859342374766
529 0.19617859342374766
530 0.2152934863461933
531 0.2152934863461933
532 0.1622020434051928
533 0.1622020434051928
534 0.21251912745370607
535 0.21251912745370607
536 0.27359744089111193
537 0.27359744089111193
538 0.14062149220192732
539 0.14062149220192732
540 0.20672017141324384
541 0.20672017141324384
542 0.25707957997800285
543 0.25707957997800285
544 0.15728747931048562
545 0.15728747931048562
546 0.15907233968847512
547 0.15907233968847512
548 0.18992825973518696
549 0.18992825973518696
550 0.18329940772972847
551 0.18329940772972847
552 0.18088031361070855
553 0.18088031361070855
554 0.112457933297388
555 0.112457933297388
556 0.1
557 0.1
558 0.15372201093818091
559 0.15372201093818091
560 0.2050380866296809
561 0.2050380866296809
562 3.4089296398150264
563 3.4089296398150264
564 3.230367339807344
565 3.230367339807344
566 3.8924900144257384
567 3.8924900144257384
568 2.901657216054958
569 2.901657216054958
570 2.5587794846197784
571 2.5587794846197784
572 3.3198563461365387
573 3.3198563461365387
574 1.4887387037604705
575 1.4887387037604705
576 3.053116860047556
577 3.053116860047556
578 2.082530824119405
579 2.082530824119405
580 3.266298431130724
581 3.266298431130724
582 2.8189339746828934
583 2.8189339746828934
584 3.3051518286226336
585 3.3051518286226336
586 2.270831369410365
587 2.270831369410365
588 2.918684310593277
589 2.918684310593277
590 3.7922181313894328
591 3.7922181313894328
592 4.256812098647268
593 4.256812098647268
594 2.879406111238709
595 2.879406111238709
596 2.2215689750804666
597 2.2215689750804666
598 2.107120313448951
599 2.107120313448951
600 0.6429761230971239
601 0.6429761230971239
602 2.312321268501945
603 2.312321268501945
604 1.217051834735894
605 1.217051834735894
606 1.4437855002241042
607 1.4437855002241042
608 1.479024327823689
609 1.479024327823689
610 1.6952023739868782
611 1.6952023739868782
612 1.909756649583761
613 1.909756649583761
614 1.2216817114655019
615 1.2216817114655019
616 1.1983782105889973
617 1.1983782105889973
618 1.356946491595616
619 1.356946491595616
620 1.6410205271895904
621 1.6410205271895904
622 1.6725062472964938
623 1.6725062472964938
624 1.3236232990192842
625 1.3236232990192842
626 2.017422974716501
627 2.017422974716501
628 1.3624661009795016
629 1.3624661009795016
630 1.9054805801157955
631 1.9054805801157955
632 1.5158692797967777
633 1.5158692797967777
634 1.1988655342952317
635 1.1988655342952317
636 1.5405657234196282
637 1.5405657234196282
638 1.5316148886442797
639 1.5316148886442797
640 2.3127490447401633
641 2.3127490447401633
642 1.7147916631401936
643 1.7147916631401936
644 1.394138403512157
645 1.394138403512157
646 2.104667064891425
647 2.104667064891425
648 0.7276636904480239
649 0.7276636904480239
650 1.5261287638157104
651 1.5261287638157104
652 1.697030354170161
653 1.697030354170161
654 1.919678815751924
655 1.919678815751924
656 1.6000317449383943
657 1.6000317449383943
658 1.7400198935809494
659 1.7400198935809494
660 1.540950939543316
661 1.540950939543316
662 1.570206363398637
663 1.570206363398637
664 2.1353934261507312
665 2.1353934261507312
666 1.9666794966497456
667 1.9666794966497456
668 1.27994764847027
669 1.27994764847027
670 1.6177781952280401
671 1.6177781952280401
672 2.0019804521771913
673 2.0019804521771913
674 1.6886830033964564
675 1.6886830033964564
676 1.84581295049618
677 1.84581295049618
678 1.1199650070662401
679 1.1199650070662401
680 1.28464741660931
681 1.28464741660931
682 1.6868555786268862
683 1.6868555786268862
684 1.1231285779024536
685 1.1231285779024536
686 0.8539521420449369
687 0.8539521420449369
688 1.3048315276372298
689 1.3048315276372298
690 1.866616907123897
691 1.866616907123897
692 1.3887821064415173
693 1.3887821064415173
694 1.3724026077119789
695 1.3724026077119789
696 1.0776684200226678
697 1.0776684200226678
698 1.232174525393077
699 1.232174525393077
700 1.9968699694320415
701 1.9968699694320415
702 1.1601063272292507
703 1.1601063272292507
704 1.7155950727353142
705 1.7155950727353142
706 0.7084387016356658
707 0.7084387016356658
708 1.857459022789597
709 1.857459022789597
710 1.401735187083765
711 1.401735187083765
712 1.7541550131601076
713 1.7541550131601076
714 0.9693940212112816
715 0.9693940212112816
716 1.3016890273177937
717 1.3016890273177937
718 1.4824163130155943
719 1.4824163130155943
720 1.6304777475049723
721 1.6304777475049723
722 1.3635522709975452
723 1.3635522709975452
724 1.7289630521995463
725 1.7289630521995463
726 1.4554914443452018
727 1.4554914443452018
728 1.3697905767517178
729 1.3697905767517178
730 2.3992253331407314
731 2.3992253331407314
732 1.0510647104974646
733 1.0510647104974646
734 2.5889685430082805
735 2.5889685430082805
736 1.8801726266730279
737 1.8801726266730279
738 1.81912305571334
739 1.81912305571334
740 1.5729280066646396
741 1.5729280066646396
742 1.935953820547347
743 1.935953820547347
744 1.2734622897516994
745 1.2734622897516994
746 1.4096827315796965
747 1.4096827315796965
748 2.5135061881578813
749 2.5135061881578813
750 3.303624103363279
751 3.303624103363279
752 2.82263881051449
753 2.82263881051449
754 3.132349543113705
755 3.132349543113705
756 2.2281975529940485
757 2.2281975529940485
758 2.565100840367361
759 2.565100840367361
760 2.2765831314066984
761 2.2765831314066984
762 1.4499981122439982
763 1.4499981122439982
764 2.4239447732765145
765 2.4239447732765145
766 2.550121054764061
767 2.550121054764061
768 2.5148589766045255
769 2.5148589766045255
770 2.2295800802827794
771 2.2295800802827794
772 2.4085298072559067
773 2.4085298072559067
774 1.8990250353063338
775 1.8990250353063338
776 2.322990168001985
777 2.322990168001985
778 1.9787535639669456
779 1.9787535639669456
780 3.1494784485216814
781 3.1494784485216814
782 2.740563709532975
783 2.740563709532975
784 2.7927876847901545
785 2.7927876847901545
786 2.010913034836805
787 2.010913034836805
788 1.5033533802918164
789 1.5033533802918164
790 2.1233610409845647
791 2.1233610409845647
792 2.7073886759727426
793 2.7073886759727426
794 2.461973614259276
795 2.461973614259276
796 1.376098988482274
797 1.376098988482274
798 2.2886087308341123
799 2.2886087308341123
800 2.3364943688517252
801 2.3364943688517252
802 1.9509656662067036
803 1.9509656662067036
804 2.795295769900882
805 2.795295769900882
806 2.4693686223814884
807 2.4693686223814884
808 1.3549458412613484
809 1.3549458412613484
810 2.466149756508674
811 2.466149756508674
812 1.8967069370444072
813 1.8967069370444072
814 1.9596999840900315
815 1.9596999840900315
816 2.3810878454843545
817 2.3810878454843545
818 2.364419949397458
819 2.364419949397458
820 2.6378034272724564
821 2.6378034272724564
822 1.8380873736746484
823 1.8380873736746484
824 2.713874823587128
825 2.713874823587128
826 1.849770909442563
827 1.849770909442563
828 2.796280845268896
829 2.796280845268896
830 3.2637405102580694
831 3.2637405102580694
832 2.16132681192263
833 2.16132681192263
834 2.5380966714768065
835 2.5380966714768065
836 2.548744352438068
837 2.548744352438068
838 2.7015360940283517
839 2.7015360940283517
840 2.3487530389271214
841 2.3487530389271214
842 2.7611440071252513
843 2.7611440071252513
844 2.639820872530893
845 2.639820872530893
846 1.992900780780345
847 1.992900780780345
848 2.3204222982469185
849 2.3204222982469185
850 2.955229642258879
851 2.955229642258879
852 2.043010556113839
853 2.043010556113839
854 3.041602606781454
855 3.041602606781454
856 2.100553197002515
857 2.100553197002515
858 2.47487044087508
859 2.47487044087508
860 2.922164480697383
861 2.922164480697383
862 2.126277942912126
863 2.126277942912126
864 1.913122027067049
865 1.913122027067049
866 3.0905690544933826
867 3.0905690544933826
868 3.197049585932243
869 3.197049585932243
870 2.02276316310556
871 2.02276316310556
872 2.8087598046945565
873 2.8087598046945565
874 2.0868628484978715
875 2.0868628484978715
876 2.7576143847581553
877 2.7576143847581553
878 2.464283812829849
879 2.464283812829849
880 2.8410553336152145
881 2.8410553336152145
882 2.3341433224645427
883 2.3341433224645427
884 2.829394784081904
885 2.829394784081904
886 2.415994362474953
887 2.415994362474953
888 2.003391783584325
889 2.003391783584325
890 1.727941825190525
891 1.727941825190525
892 2.7345978466192835
893 2.7345978466192835
894 2.151029451008014
895 2.151029451008014
896 2.4712021679965166
897 2.4712021679965166
898 2.7153961892518526
899 2.7153961892518526
900 2.2004040192107155
901 2.2004040192107155
902 2.201562461456107
903 2.201562461456107
904 2.4905972910550265
905 2.4905972910550265
906 1.9083046985869612
907 1.9083046985869612
908 2.8703734662702485
909 2.8703734662702485
910 1.6329137523816715
911 1.6329137523816715
912 2.4968042057299487
913 2.4968042057299487
914 3.227005310301848
915 3.227005310301848
916 2.751268453504059
917 2.751268453504059
918 3.6634705337465974
919 3.6634705337465974
920 2.6774111634450533
921 2.6774111634450533
922 2.003596889645217
923 2.003596889645217
924 1.4847508906911653
925 1.4847508906911653
926 1.9459703838350566
927 1.9459703838350566
928 1.8736770036205024
929 1.8736770036205024
930 2.454457714624119
931 2.454457714624119
932 1.7153639382713077
933 1.7153639382713077
934 2.09638214013495
935 2.09638214013495
936 3.043348685981772
937 3.043348685981772
938 1.901369850988442
939 1.901369850988442
940 2.5071363829918942
941 2.5071363829918942
942 2.408550434793642
943 2.408550434793642
944 2.453162851446938
945 2.453162851446938
946 3.534499081723509
947 3.534499081723509
948 3.148443188964893
949 3.148443188964893
950 2.157990532735402
951 2.157990532735402
952 2.292576454238085
953 2.292576454238085
954 2.3550864330631747
955 2.3550864330631747
956 3.1977388376059785
957 3.1977388376059785
958 2.705634880635173
959 2.705634880635173
960 3.2553863137432417
961 3.2553863137432417
962 2.405605711068562
963 4.733810514106196
964 4.733810514106196
965 2.4806433166659234
966 2.4806433166659234
967 4.640278606092351
968 4.640278606092351
969 3.7800630282005487
970 3.7800630282005487
971 2.2885895220054837
972 2.2885895220054837
973 5.504452008560611
974 5.504452008560611
975 5.064716213403663
976 5.064716213403663
977 4.222309148507383
978 4.222309148507383
979 4.961668965943674
980 4.961668965943674
981 2.809234608523954
982 2.809234608523954
983 3.60658430942732
984 3.60658430942732
985 5.348294447917049
986 5.348294447917049
987 5.25433857957951
988 5.25433857957951
989 4.153102962627954
990 4.153102962627954
991 3.9877066747986807
992 3.9877066747986807
993 5.579937579897332
994 5.579937579897332
995 4.936318597424553
996 4.936318597424553
997 4.915566828565796
998 4.915566828565796
999 4.185850545993292
1000 4.185850545993292
1001 4.5613898863908355
1002 4.5613898863908355
1003 3.8449240290766644
1004 3.8449240290766644
1005 4.08812602996937
1006 4.08812602996937
1007 5.098952104484635
1008 5.098952104484635
1009 4.593083502902231
1010 4.593083502902231
1011 7.286835594262118
1012 7.286835594262118
1013 5.167023072643247
1014 5.167023072643247
1015 4.632257939227655
1016 4.632257939227655
1017 3.735561237466367
1018 3.735561237466367
1019 3.9701798323485766
1020 3.9701798323485766
1021 2.8023048164212643
1022 2.8023048164212643
1023 4.586944803196335
1024 4.586944803196335
1025 4.541798149268705
1026 4.541798149268705
1027 3.018056789213531
1028 3.018056789213531
1029 3.411744582814575
1030 3.411744582814575
1031 4.596643899939969
1032 0.8793281678430768
1033 0.8793281678430768
1034 0.8192727978546005
1035 0.8192727978546005
1036 1.061232914420108
1037 1.061232914420108
1038 1.2644118185935131
1039 1.2644118185935131
1040 1.3681580662385537
1041 1.3681580662385537
1042 0.9968104979938959
1043 0.9968104979938959
1044 1.3644661583936197
1045 1.3644661583936197
1046 1.2393046678728543
1047 1.2393046678728543
1048 1.0256425166648075
1049 1.0256425166648075
1050 0.7311604950804635
1051 0.7311604950804635
1052 0.9189228976952185
1053 0.9189228976952185
1054 1.246692558492204
1055 1.246692558492204
1056 1.3822282063986486
1057 1.3822282063986486
1058 1.5000476891622787
1059 1.5000476891622787
1060 1.205362199724856
1061 1.205362199724856
1062 0.8674283483769306
1063 0.8674283483769306
1064 1.1155188032319658
1065 1.1155188032319658
1066 1.1406644616137944
1067 1.1406644616137944
1068 1.3680842814630254
1069 1.3680842814630254
1070 0.8206775332593315
1071 0.8206775332593315
1072 1.2685316865782472
1073 1.2685316865782472
1074 1.2722405982587843
1075 1.2722405982587843
1076 1.6024199292560908
1077 1.6024199292560908
1078 0.8728084825023458
1079 0.8728084825023458
1080 1.1091902496401724
1081 1.1091902496401724
1082 1.429235016894986
1083 1.429235016894986
1084 1.1231564020834446
1085 1.1231564020834446
1086 1.0876334983447657
1087 1.0876334983447657
1088 1.2791787830254198
1089 1.2791787830254198
1090 0.9374609782628159
1091 0.9374609782628159
1092 1.0668428785582238
1093 1.0668428785582238
1094 1.289218917035105
1095 1.289218917035105
1096 1.5189767777252268
1097 1.5189767777252268
1098 1.0933177038409914
1099 1.0933177038409914
1100 1.2204453691136603
1101 1.2204453691136603
1102 1.1468917149625728
1103 1.1468917149625728
1104 1.839306134982642
1105 1.839306134982642
1106 0.8928489409235383
1107 0.8928489409235383
1108 0.936035370159322
1109 0.936035370159322
1110 1.159303137884471
1111 1.159303137884471
1112 1.068171819831309
1113 1.068171819831309
1114 1.2657197470516586
1115 1.2657197470516586
1116 1.2237767955008652
1117 1.2237767955008652
1118 0.8930396234914111
1119 0.8930396234914111
1120 0.6357986864902181
1121 0.6357986864902181
1122 1.0648032237439846
1123 1.0648032237439846
1124 0.8045217138109042
1125 0.8045217138109042
1126 1.0313830556748287
1127 1.0313830556748287
1128 1.2015785896680191
1129 1.2015785896680191
1130 0.960564534143933
1131 0.960564534143933
1132 1.3103070581298595
1133 1.3103070581298595
1134 1.4005507740489889
1135 1.4005507740489889
1136 1.4826544867901807
1137 1.4826544867901807
1138 0.9275161348636229
1139 0.9275161348636229
1140 0.9620032097622566
1141 0.9620032097622566
1142 1.3330224606465406
1143 1.3330224606465406
1144 0.8219392353177768
1145 0.8219392353177768
1146 1.490098934155761
1147 1.490098934155761
1148 1.11378360363745
1149 1.11378360363745
1150 1.318464852256334
1151 1.318464852256334
1152 0.788303818991037
1153 0.788303818991037
1154 1.3208194413371765
1155 1.3208194413371765
1156 1.19476415921711
1157 1.19476415921711
1158 1.1910971210067345
1159 1.1910971210067345
1160 0.569684419833645
1161 0.569684419833645
1162 0.8917300639397788
1163 0.8917300639397788
1164 1.13054149689131
1165 1.13054149689131
1166 0.8126384157803693
1167 0.8126384157803693
1168 1.0820094439113923
1169 1.0820094439113923
1170 0.9981074148354235
1171 0.9981074148354235
1172 1.3094873400145284
1173 1.3094873400145284
1174 0.9549300966008313
1175 0.9549300966008313
1176 1.1672255678800632
1177 1.1672255678800632
1178 0.6374491412716955
1179 0.6374491412716955
1180 0.7960718658073229
1181 0.7960718658073229
1182 0.6080017494637895
1183 0.6080017494637895
1184 0.7708472584643731
1185 0.7708472584643731
1186 0.6744770734278669
1187 0.6744770734278669
1188 0.5261725327460236
1189 0.5261725327460236
1190 0.8208534818506004
1191 0.8208534818506004
1192 0.7921093640293829
1193 0.7921093640293829
1194 0.715783536578489
1195 0.715783536578489
1196 0.5756594651993447
1197 0.5756594651993447
1198 0.7598118794405068
1199 0.7598118794405068
1200 0.7596599002891248
1201 0.7596599002891248
1202 0.5840068554351274
1203 0.5840068554351274
1204 0.45071218480948927
1205 0.45071218480948927
1206 0.6135718992805247
1207 0.6135718992805247
1208 0.6801364014312439
1209 0.6801364014312439
1210 0.5391475737569578
1211 0.5391475737569578
1212 0.8105407188845097
1213 0.8105407188845097
1214 0.6258317317540897
1215 0.6258317317540897
1216 0.6277393183842137
1217 0.6277393183842137
1218 0.579500805989995
1219 0.579500805989995
1220 0.7796831503844456
1221 0.7796831503844456
1222 0.8265714127550674
1223 0.8265714127550674
1224 0.813510014471496
1225 0.813510014471496
1226 0.7246481928059771
1227 0.7246481928059771
1228 0.5216899959674955
1229 0.5216899959674955
1230 0.7798993877640225
1231 0.7798993877640225
1232 0.7370129527995537
1233 0.7370129527995537
1234 0.7019258864063064
1235 0.7019258864063064
1236 0.7551314616604171
1237 0.7551314616604171
1238 0.5150773086715623
1239 0.5150773086715623
1240 0.5744134260739121
1241 0.5744134260739121
1242 0.5554666358297374
1243 0.5554666358297374
1244 0.5301570761908334
1245 0.5301570761908334
1246 2.065703074442554
1247 2.065703074442554
1248 3.1127790329639433
1249 3.1127790329639433
1250 3.538025417742339
1251 3.538025417742339
1252 3.5395799116931115
1253 3.5395799116931115
1254 2.9705598434849647
1255 2.9705598434849647
1256 3.712499929731215
1257 3.712499929731215
1258 2.348118869872489
1259 2.348118869872489
1260 3.1528628885614443
1261 3.1528628885614443
1262 4.0216824807134675
1263 4.0216824807134675
1264 3.680483849415707
1265 3.680483849415707
1266 2.789216736244795
1267 2.789216736244795
1268 3.722963490082986
1269 3.722963490082986
1270 2.8380971858034076
1271 2.8380971858034076
1272 2.376172518049384
1273 2.376172518049384
1274 2.4417051636470686
1275 2.4417051636470686
1276 2.583594361999608
1277 2.583594361999608
1278 2.4777010635057017
1279 2.4777010635057017
1280 2.583505072091847
1281 2.583505072091847
1282 3.454800875420629
1283 3.454800875420629
1284 3.2214409320868387
1285 3.2214409320868387
1286 4.540186999466272
1287 4.540186999466272
1288 3.401310129480229
1289 3.401310129480229
1290 2.762534778859873
1291 2.762534778859873
1292 3.3814549681967025
1293 3.3814549681967025
1294 2.422507478118608
1295 2.422507478118608
1296 3.888863350868805
1297 3.888863350868805
1298 3.1634872810467374
1299 3.1634872810467374
1300 3.1488250369037374
1301 3.1488250369037374
1302 3.125828729427034
1303 3.125828729427034
1304 2.9476400739559816
1305 2.9476400739559816
1306 3.6899835967660692
1307 3.369908707143072
1308 3.369908707143072
1309 4.790903132776639
1310 4.790903132776639
1311 2.927186131106022
1312 2.927186131106022
1313 5.374921915475845
1314 5.374921915475845
1315 4.79623557068111
1316 4.79623557068111
1317 4.019442346437444
1318 4.019442346437444
1319 3.7374454053973842
1320 3.7374454053973842
1321 5.948570547419871
1322 5.948570547419871
1323 4.472648900799369
1324 4.472648900799369
1325 4.261941782289062
1326 4.261941782289062
1327 5.089416872927593
1328 5.089416872927593
1329 3.5311802406522332
1330 3.5311802406522332
1331 4.965974869746101
1332 4.965974869746101
1333 5.406889563891919
1334 5.406889563891919
1335 5.416862109960337
1336 5.416862109960337
1337 2.3888048611517676
1338 2.3888048611517676
1339 3.1457550551657056
1340 3.1457550551657056
1341 2.230444462729452
1342 2.230444462729452
1343 3.049954004870094
1344 3.049954004870094
1345 1.626531826432321
1346 1.626531826432321
1347 2.1498297258339907
1348 2.1498297258339907
1349 2.4182279362853247
1350 2.4182279362853247
1351 2.8029382211299887
1352 2.8029382211299887
1353 1.7280001238917175
1354 1.7280001238917175
1355 3.225702564096103
1356 3.225702564096103
1357 3.1483571782907545
1358 3.1483571782907545
1359 2.135411640423049
1360 2.135411640423049
1361 3.0101986577938837
1362 3.0101986577938837
1363 1.9797033162345141
1364 1.9797033162345141
1365 1.840361176896435
1366 1.840361176896435
1367 2.2701735236334915
1368 2.2701735236334915
1369 2.857818605113243
1370 2.857818605113243
1371 3.0020552343111295
1372 3.0020552343111295
1373 2.8423806333588795
1374 2.8423806333588795
1375 2.255636651110456
1376 0.8736675495896464
1377 0.8736675495896464
1378 1.3452443543300998
1379 1.3452443543300998
1380 1.4417750599080874
1381 1.4417750599080874
1382 1.06184760703843
1383 1.06184760703843
1384 1.2674166820630732
1385 1.2674166820630732
1386 1.426062818949851
1387 1.426062818949851
1388 1.0159877971544216
1389 1.0159877971544216
1390 1.2958956652191218
1391 1.2958956652191218
1392 1.3055790125325388
1393 1.3055790125325388
1394 1.3263070023270604
1395 1.3263070023270604
1396 0.6798745584200454
1397 0.6798745584200454
1398 0.8231412066756033
1399 0.8231412066756033
1400 1.071417019284396
1401 1.071417019284396
1402 1.2994744367767221
1403 1.2994744367767221
1404 1.400545245274985
1405 1.400545245274985
1406 1.135442033454502
1407 1.135442033454502
1408 1.4023306216517222
1409 1.4023306216517222
1410 0.6247281935656563
1411 0.6247281935656563
1412 0.9121634916452817
1413 0.9121634916452817
1414 1.0944727433638084
1415 1.0944727433638084
1416 0.9788504465412013
1417 0.9788504465412013
1418 1.034814460758298
1419 1.034814460758298
1420 1.163219165500098
1421 1.163219165500098
1422 1.1614602166608745
1423 1.1614602166608745
1424 1.2278086920738005
1425 1.2278086920738005
1426 1.0731356906680796
1427 1.0731356906680796
1428 0.5742330715195221
1429 0.5742330715195221
1430 1.0529407038281529
1431 1.0529407038281529
1432 1.2266945739965165
1433 1.2266945739965165
1434 0.8193198950831307
1435 0.8193198950831307
1436 0.902713312046317
1437 0.902713312046317
1438 0.9704674489986587
1439 0.9704674489986587
1440 1.1879258310209275
1441 1.1879258310209275
1442 1.2225375551374342
1443 1.2225375551374342
1444 1.1309048086617937
1445 1.1309048086617937
1446 0.7235358279225808
1447 0.7235358279225808
1448 1.1563279174418755
1449 1.1563279174418755
1450 1.2386749082585327
1451 1.2386749082585327
1452 0.9266364431480418
1453 0.9266364431480418
1454 0.9435752172928329
1455 0.9435752172928329
1456 1.5954055812195747
1457 1.5954055812195747
1458 1.0813382386817292
1459 1.0813382386817292
1460 0.9561455305367988
1461 0.9561455305367988
1462 0.9115280889153328
1463 0.9115280889153328
1464 1.3045079725112934
1465 1.3045079725112934
1466 1.5263656247582758
1467 1.5263656247582758
1468 1.3677916330516855
1469 1.3677916330516855
1470 1.210548155466214
1471 1.210548155466214
1472 1.1974590549862119
1473 1.1974590549862119
1474 0.9294819679016404
1475 0.9294819679016404
1476 1.493829926511008
1477 1.493829926511008
1478 1.4220398677400894
1479 1.4220398677400894
1480 0.9500749615156336
1481 0.9500749615156336
1482 0.8177798029497259
1483 0.8177798029497259
1484 1.2008198969450277
1485 1.2008198969450277
1486 1.0539548694092156
1487 1.0539548694092156
1488 1.1140459383309291
1489 1.1140459383309291
1490 1.0691443867723727
1491 1.0691443867723727
1492 0.7377863862765754
1493 0.7377863862765754
1494 0.8577235784040964
1495 0.8577235784040964
1496 1.1010054313916142
1497 1.1010054313916142
1498 0.9598395055327478
1499 0.9598395055327478
1500 0.8653337792194129
1501 0.8653337792194129
1502 1.3078307288230557
1503 1.3078307288230557
1504 1.4688913951262643
1505 1.4688913951262643
1506 0.8167160552307271
1507 0.8167160552307271
1508 1.1295843594116428
1509 1.1295843594116428
1510 1.344516829723125
1511 1.344516829723125
1512 1.5169007960099254
1513 1.5169007960099254
1514 0.9767848061310289
1515 0.9767848061310289
1516 1.0696906791168737
1517 1.0696906791168737
1518 0.6922024997276659
1519 0.6922024997276659
1520 1.279729094134877
1521 1.279729094134877
1522 0.8570320235179341
1523 0.8570320235179341
1524 0.9661299028314313
1525 0.9661299028314313
1526 1.004982113217075
1527 1.004982113217075
1528 0.9583922310803095
1529 0.9583922310803095
1530 1.4995864767245646
1531 1.4995864767245646
1532 1.3462795532483793
1533 1.3462795532483793
1534 1.4033645044661314
1535 1.4033645044661314
1536 0.7703485873495659
1537 0.7703485873495659
1538 0.8242877229071246
1539 0.8242877229071246
1540 1.165816020405305
1541 1.165816020405305
1542 1.0105059363953115
1543 1.0105059363953115
1544 1.3703562609433317
1545 1.3703562609433317
1546 0.7230548199077351
1547 0.7230548199077351
1548 0.7613415529667034
1549 0.7613415529667034
1550 1.2384894579835115
1551 1.2384894579835115
1552 0.9326124608032946
1553 0.9326124608032946
1554 1.3368015943789882
1555 1.3368015943789882
1556 1.1365477677638247
1557 1.1365477677638247
1558 1.4834595714940115
1559 1.4834595714940115
1560 1.0033379283040582
1561 1.0033379283040582
1562 0.8194136048300587
1563 0.8194136048300587
1564 0.8586787708313725
1565 0.8586787708313725
1566 1.1117020486628029
1567 1.1117020486628029
1568 0.9838991584438497
1569 0.9838991584438497
1570 0.9652384728435435
1571 0.9652384728435435
1572 1.5998573301962082
1573 1.5998573301962082
1574 0.8424487843786324
1575 0.8424487843786324
1576 1.086357255762123
1577 1.086357255762123
1578 1.1787472403327168
1579 1.1787472403327168
1580 0.9492392461441804
1581 0.9492392461441804
1582 1.0014844090929504
1583 1.0014844090929504
1584 1.0182649546265197
1585 1.0182649546265197
1586 1.3690676345827288
1587 1.3690676345827288
1588 0.8663221316544447
1589 0.8663221316544447
1590 1.0561969298705405
1591 1.0561969298705405
1592 1.2055782484181288
1593 1.2055782484181288
1594 0.9104962604742799
1595 0.9104962604742799
1596 0.9796246524106116
1597 0.9796246524106116
1598 1.480775153723964
1599 1.480775153723964
1600 1.2760786807888052
1601 1.2760786807888052
1602 1.3664733983078194
1603 1.3664733983078194
1604 0.8944758616304489
1605 0.8944758616304489
1606 1.1152984439619624
1607 1.1152984439619624
1608 1.0395395170587787
1609 1.0395395170587787
1610 0.9569886307160382
1611 0.9569886307160382
1612 1.1304844800032137
1613 1.1304844800032137
1614 1.1501105829543525
1615 1.1501105829543525
1616 1.4925140357657805
1617 1.4925140357657805
1618 0.8743383581463287
1619 0.8743383581463287
1620 1.0929804205542004
1621 1.0929804205542004
1622 1.0955386073465159
1623 1.0955386073465159
1624 1.1782259897907565
1625 1.1782259897907565
1626 1.03433689924095
1627 1.03433689924095
1628 0.820343383908825
1629 0.820343383908825
1630 1.4567151799620772
1631 1.4567151799620772
1632 1.083866085021212
1633 1.083866085021212
1634 1.1243475624558066
1635 1.1243475624558066
1636 1.312184908746235
1637 1.312184908746235
1638 1.1010956745519007
1639 1.1010956745519007
1640 0.8211914538118954
1641 0.8211914538118954
1642 0.8923536722978482
1643 0.8923536722978482
1644 1.048123739351539
1645 1.048123739351539
1646 1.4068145606439337
1647 1.4068145606439337
1648 1.540583515603885
1649 1.540583515603885
1650 0.8391203983913201
1651 0.8391203983913201
1652 1.239263596249354
1653 1.239263596249354
1654 1.1816767691044716
1655 1.1816767691044716
1656 1.3561535796055222
1657 1.3561535796055222
1658 1.0628616934984807
1659 1.0628616934984807
1660 1.2532210563891284
1661 1.2532210563891284
1662 1.2856972533790814
1663 1.2856972533790814
1664 0.7748318866051647
1665 0.7748318866051647
1666 1.0980769980352625
1667 1.0980769980352625
1668 1.6613578024564544
1669 1.6613578024564544
1670 1.1853693642416117
1671 1.1853693642416117
1672 1.0474079596250767
1673 1.0474079596250767
1674 1.2037624415287203
1675 1.2037624415287203
1676 1.3805372419283723
1677 1.3805372419283723
1678 1.4000607976640649
1679 1.4000607976640649
1680 0.523984666357365
1681 0.523984666357365
1682 1.303588965463755
1683 1.303588965463755
1684 1.0582152164257759
1685 1.0582152164257759
1686 1.4658353636377406
1687 1.4658353636377406
1688 1.0497971967813218
1689 1.0497971967813218
1690 0.9683981717234381
1691 0.9683981717234381
1692 1.1632244510169771
1693 1.1632244510169771
1694 1.0308648393150222
1695 1.0308648393150222
1696 1.0901251370289413
1697 1.0901251370289413
1698 1.306310542328758
1699 1.306310542328758
1700 1.1920760643850703
1701 1.1920760643850703
1702 2.8506636958818503
1703 2.8506636958818503
1704 0.7892117642159409
1705 0.7892117642159409
1706 0.6929421457809155
1707 0.6929421457809155
1708 0.702891728079438
1709 0.702891728079438
1710 0.4001458313406915
1711 0.4001458313406915
1712 0.6743058349881461
1713 0.6743058349881461
1714 0.7931749880491218
1715 0.7931749880491218
1716 0.4484148822950942
1717 0.4484148822950942
1718 0.5639786962685698
1719 0.5639786962685698
1720 0.840773708831692
1721 0.840773708831692
1722 0.5327849354416964
1723 0.5327849354416964
1724 0.7429271424041938
1725 0.7429271424041938
1726 0.6725915845529802
1727 0.6725915845529802
1728 0.8412221975346847
1729 0.8412221975346847
1730 0.8091013410617204
1731 0.8091013410617204
1732 0.7373656822216272
1733 0.7373656822216272
1734 0.6642244513936184
1735 0.6642244513936184
1736 0.8389435736018668
1737 0.8389435736018668
1738 0.4301938004066099
1739 0.4301938004066099
1740 0.8310900418662489
1741 0.8310900418662489
1742 0.7672065675475157
1743 0.7672065675475157
1744 0.7839206703814602
1745 0.7839206703814602
1746 0.5154311720555571
1747 0.5154311720555571
1748 1.5868806086861618
1749 1.5868806086861618
1750 2.6212935355634572
1751 2.6212935355634572
1752 1.8133576465533008
1753 1.8133576465533008
1754 2.2488139228124577
1755 2.2488139228124577
1756 3.2398907015427527
1757 3.2398907015427527
1758 2.9253863074839517
1759 2.9253863074839517
1760 3.138547531422866
1761 3.138547531422866
1762 2.211884912091907
1763 2.211884912091907
1764 1.9707544559192112
1765 1.9707544559192112
1766 2.5021931393792443
1767 2.5021931393792443
1768 2.2705995666485244
1769 2.2705995666485244
1770 3.778452161440052
1771 3.778452161440052
1772 3.2136563771260898
1773 3.2136563771260898
1774 4.502294140378714
1775 4.502294140378714
1776 5.35620182712902
1777 5.35620182712902
1778 3.3921912747126197
1779 3.3921912747126197
1780 4.428060188428286
1781 4.428060188428286
1782 3.2044295919413424
1783 3.2044295919413424
1784 5.3060955005700094
1785 5.3060955005700094
1786 3.727216165213657
1787 3.727216165213657
1788 3.842173931030066
1789 3.842173931030066
1790 3.870328267006749
1791 3.870328267006749
1792 5.131973841452694
1793 5.131973841452694
1794 4.2476921803804615
1795 4.2476921803804615
1796 6.736050401986912
1797 6.736050401986912
1798 5.051297641753556
1799 5.051297641753556
1800 3.0958723980403313
1801 3.0958723980403313
1802 4.287219507703402
1803 4.287219507703402
1804 4.904239958066728
1805 4.904239958066728
1806 4.094733698523776
1807 4.094733698523776
1808 4.571492438924101
1809 4.571492438924101
1810 3.317164575740945
1811 3.317164575740945
1812 3.530039847533934
1813 3.530039847533934
1814 3.0557523898146366
1815 3.0557523898146366
1816 3.299081278878261
1817 3.299081278878261
1818 4.79422521526838
1819 4.79422521526838
1820 4.034797453730825
1821 4.034797453730825
1822 4.556045599174173
1823 4.556045599174173
1824 4.993474375768887
1825 4.993474375768887
1826 4.566863210564503
1827 4.566863210564503
1828 5.5609300506140595
1829 5.5609300506140595
1830 4.442258261490493
1831 4.442258261490493
1832 5.182280644729668
1833 5.182280644729668
1834 4.987270279554939
1835 4.987270279554939
1836 3.02155082099536
1837 3.02155082099536
1838 4.030447809908593
1839 4.030447809908593
1840 3.594760015353744
1841 3.594760015353744
1842 4.496207298206563
1843 4.496207298206563
1844 3.7548976331305663
1845 3.7548976331305663
1846 4.4377573704298
1847 4.4377573704298
1848 4.317819931709554
1849 4.317819931709554
1850 5.163297380360884
1851 5.163297380360884
1852 6.85379622499001
1853 6.85379622499001
1854 4.392831033575499
1855 4.392831033575499
1856 3.454278272138711
1857 3.454278272138711
1858 3.976750991819797
1859 3.976750991819797
1860 4.637925527929505
1861 4.637925527929505
1862 5.2752432113781005
1863 5.2752432113781005
1864 4.2870465392597605
1865 4.2870465392597605
1866 3.3542367243094366
1867 3.3542367243094366
1868 4.361754319905792
1869 4.361754319905792
1870 4.712172103630515
1871 4.712172103630515
1872 5.379230884292746
1873 5.379230884292746
1874 3.1483845022186903
1875 3.1483845022186903
1876 4.781038170694871
1877 4.781038170694871
1878 3.761120691635834
1879 3.761120691635834
1880 2.029030389740261
1881 2.029030389740261
1882 3.14859646814896
1883 3.14859646814896
1884 4.7068955456257875
1885 4.7068955456257875
1886 4.540392114364694
1887 4.540392114364694
1888 5.51654477270411
1889 5.51654477270411
1890 4.7431052225344414
1891 4.7431052225344414
1892 4.559687159121007
1893 4.559687159121007
1894 5.552681834977664
1895 5.552681834977664
1896 5.356211802095507
1897 5.356211802095507
1898 5.142764400469317
1899 5.142764400469317
1900 4.344836178332584
1901 4.344836178332584
1902 4.160786210200635
1903 4.160786210200635
1904 3.9047455715260404
1905 3.9047455715260404
1906 4.946398412891302
1907 4.946398412891302
1908 4.469931936043908
1909 4.469931936043908
1910 5.212894540318607
1911 5.212894540318607
1912 3.5913515389472717
1913 3.5913515389472717
1914 4.743725640479453
1915 4.743725640479453
1916 4.310129270618398
1917 4.310129270618398
1918 4.606041637274932
1919 4.606041637274932
1920 4.046305647122137
1921 4.046305647122137
1922 3.4994557668703
1923 3.4994557668703
1924 3.909290452945548
1925 3.909290452945548
1926 4.105356742671697
1927 4.105356742671697
1928 2.3898417330656287
1929 2.3898417330656287
1930 4.186515116327255
1931 4.186515116327255
1932 2.5882794591006943
1933 2.5882794591006943
1934 3.6510928746575884
1935 3.6510928746575884
1936 2.9564401854112203
1937 2.9564401854112203
1938 4.14559936614277
1939 4.14559936614277
1940 2.5176674646042745
1941 2.5176674646042745
1942 3.3668959632514435
1943 3.3668959632514435
1944 4.601517090275116
1945 4.601517090275116
1946 2.903291203508497
1947 2.903291203508497
1948 2.9491153605309783
1949 2.9491153605309783
1950 2.871878365935386
1951 2.871878365935386
1952 3.397965214324619
1953 3.397965214324619
1954 3.5978100261702695
1955 3.5978100261702695
1956 4.783492398700754
1957 4.783492398700754
1958 3.532422978906523
1959 3.532422978906523
1960 3.6254271075274875
1961 3.6254271075274875
1962 4.395386498401207
1963 4.395386498401207
1964 3.5443731967849934
1965 3.5443731967849934
1966 3.300456532918395
1967 3.300456532918395
1968 2.3879604540171844
1969 2.3879604540171844
1970 4.245398761063521
1971 4.245398761063521
1972 2.9762707768758805
1973 2.9762707768758805
1974 3.6185460227246717
1975 3.6185460227246717
1976 3.052132937683351
1977 3.052132937683351
1978 2.5251601736238634
1979 2.5251601736238634
1980 4.465978151134114
1981 4.465978151134114
1982 3.579713944992713
1983 3.579713944992713
1984 3.434712833063148
1985 3.434712833063148
1986 4.091588273700966
1987 4.091588273700966
1988 4.533447272380342
1989 4.533447272380342
1990 2.951575743859607
1991 2.951575743859607
1992 3.8515041556488483
1993 3.8515041556488483
1994 3.2868012517447025
1995 3.2868012517447025
1996 2.901052348309081
1997 2.901052348309081
1998 3.3533363423997935
1999 3.3533363423997935
