0 4.005856641517547
1 4.005856641517547
2 4.005856641517547
3 4.005856641517547
4 4.005856641517547
5 3.0590243935925554
6 3.0590243935925554
7 3.0590243935925554
8 3.0590243935925554
9 3.0590243935925554
10 4.0538646708312625
11 4.0538646708312625
12 4.0538646708312625
13 4.0538646708312625
14 4.0538646708312625
15 3.6383303510925247
16 3.6383303510925247
17 3.6383303510925247
18 3.6383303510925247
19 3.6383303510925247
20 4.0644537827806175
21 4.0644537827806175
22 4.0644537827806175
23 4.0644537827806175
24 4.0644537827806175
25 3.3412570071481063
26 3.3412570071481063
27 3.3412570071481063
28 3.3412570071481063
29 3.3412570071481063
30 4.016320280471008
31 4.016320280471008
32 4.016320280471008
33 4.016320280471008
34 4.016320280471008
35 3.8415315409224178
36 3.8415315409224178
37 3.8415315409224178
38 3.8415315409224178
39 3.8415315409224178
40 2.8222230388083007
41 2.8222230388083007
42 2.8222230388083007
43 2.8222230388083007
44 2.8222230388083007
45 3.831343972574454
46 3.831343972574454
47 3.831343972574454
48 3.831343972574454
49 3.831343972574454
50 4.302112214001805
51 4.302112214001805
52 4.302112214001805
53 4.302112214001805
54 4.302112214001805
55 3.3200290838263236
56 3.3200290838263236
57 3.3200290838263236
58 3.3200290838263236
59 3.3200290838263236
60 4.947127118747728
61 4.947127118747728
62 4.947127118747728
63 4.947127118747728
64 4.947127118747728
65 3.288567224793625
66 3.288567224793625
67 3.288567224793625
68 3.288567224793625
69 3.288567224793625
70 3.2516793568418523
71 3.2516793568418523
72 3.2516793568418523
73 3.2516793568418523
74 3.2516793568418523
75 2.9246770155455026
76 2.9246770155455026
77 2.9246770155455026
78 2.9246770155455026
79 2.9246770155455026
80 3.685913478832373
81 3.685913478832373
82 3.685913478832373
83 3.685913478832373
84 3.685913478832373
85 4.088570879795102
86 4.088570879795102
87 4.088570879795102
88 4.088570879795102
89 4.088570879795102
90 4.585983395810758
91 4.585983395810758
92 4.585983395810758
93 4.585983395810758
94 4.585983395810758
95 2.5222135517419337
96 2.5222135517419337
97 2.5222135517419337
98 2.5222135517419337
99 2.5222135517419337
100 5.393331255951906
101 5.393331255951906
102 5.393331255951906
103 5.393331255951906
104 5.393331255951906
105 3.9357068378965243
106 3.9357068378965243
107 3.9357068378965243
108 3.9357068378965243
109 3.9357068378965243
110 2.787877006988956
111 2.787877006988956
112 2.787877006988956
113 1.9170624577152005
114 1.990216472769624
115 1.990216472769624
116 1.990216472769624
117 1.990216472769624
118 1.990216472769624
119 2.534346427827662
120 2.534346427827662
121 2.534346427827662
122 2.534346427827662
123 2.534346427827662
124 2.2556748641345736
125 2.2556748641345736
126 2.2556748641345736
127 2.2556748641345736
128 2.2556748641345736
129 1.0400612217684042
130 1.0400612217684042
131 1.0400612217684042
132 1.0400612217684042
133 1.0400612217684042
134 1.7654350183936591
135 1.7654350183936591
136 1.7654350183936591
137 1.7654350183936591
138 1.7654350183936591
139 2.0871562297262596
140 2.0871562297262596
141 2.0871562297262596
142 2.0871562297262596
143 2.0871562297262596
144 2.771744483933057
145 2.771744483933057
146 2.771744483933057
147 2.771744483933057
148 2.771744483933057
149 1.853655519724751
150 1.853655519724751
151 1.853655519724751
152 1.853655519724751
153 4.8560568587564
154 4.8560568587564
155 4.8560568587564
156 4.8560568587564
157 4.8560568587564
158 4.502226219476373
159 4.502226219476373
160 4.502226219476373
161 4.502226219476373
162 4.502226219476373
163 4.788525752692438
164 4.788525752692438
165 4.788525752692438
166 4.788525752692438
167 4.788525752692438
168 3.5912412297825638
169 3.5912412297825638
170 3.5912412297825638
171 3.5912412297825638
172 3.5912412297825638
173 4.412304407498247
174 4.412304407498247
175 4.412304407498247
176 4.412304407498247
177 4.412304407498247
178 4.086198595902831
179 4.086198595902831
180 4.086198595902831
181 4.086198595902831
182 4.086198595902831
183 4.145935874351592
184 4.145935874351592
185 4.145935874351592
186 4.145935874351592
187 2.7386009357293877
188 2.7386009357293877
189 2.7386009357293877
190 2.7386009357293877
191 2.7386009357293877
192 1.8078962031510377
193 1.8078962031510377
194 1.8078962031510377
195 1.8078962031510377
196 1.8078962031510377
197 1.6830526167737097
198 1.6830526167737097
199 1.6830526167737097
200 1.6830526167737097
201 1.6830526167737097
202 2.3757115354438842
203 2.3757115354438842
204 2.3757115354438842
205 2.3757115354438842
206 2.3757115354438842
207 2.2819630312385417
208 2.2819630312385417
209 2.2819630312385417
210 2.2819630312385417
211 2.2819630312385417
212 1.9331542274891746
213 1.9331542274891746
214 1.9331542274891746
215 1.9331542274891746
216 1.9331542274891746
217 2.690298948192795
218 2.690298948192795
219 2.690298948192795
220 2.690298948192795
221 2.690298948192795
222 2.7587776266103705
223 2.7587776266103705
224 2.7587776266103705
225 2.7587776266103705
226 2.7587776266103705
227 2.1830770578939442
228 2.1830770578939442
229 2.1830770578939442
230 2.1830770578939442
231 2.1830770578939442
232 2.394613622813918
233 2.394613622813918
234 2.394613622813918
235 2.394613622813918
236 2.394613622813918
237 2.9957066195556035
238 2.9957066195556035
239 2.9957066195556035
240 2.9957066195556035
241 2.9957066195556035
242 2.122021279230543
243 2.122021279230543
244 2.122021279230543
245 2.122021279230543
246 2.122021279230543
247 2.255638400548052
248 2.255638400548052
249 2.255638400548052
250 2.255638400548052
251 2.255638400548052
252 2.435509334884803
253 2.435509334884803
254 2.435509334884803
255 2.435509334884803
256 2.435509334884803
257 2.310561392422127
258 2.310561392422127
259 2.310561392422127
260 2.310561392422127
261 2.310561392422127
262 2.2383281303813236
263 2.2383281303813236
264 2.2383281303813236
265 2.2383281303813236
266 2.2383281303813236
267 3.4542293103110953
268 3.4542293103110953
269 3.4542293103110953
270 3.4542293103110953
271 3.4542293103110953
272 2.050206789939326
273 2.050206789939326
274 2.050206789939326
275 2.050206789939326
276 2.050206789939326
277 2.465171065691407
278 2.465171065691407
279 2.465171065691407
280 2.465171065691407
281 2.465171065691407
282 2.875779973579438
283 2.875779973579438
284 0.7570801448898825
285 0.7570801448898825
286 0.7570801448898825
287 0.7570801448898825
288 0.7570801448898825
289 3.4297422722537503
290 3.4297422722537503
291 3.4297422722537503
292 3.4297422722537503
293 3.4297422722537503
294 3.0614578948507667
295 3.0614578948507667
296 3.0614578948507667
297 3.0614578948507667
298 3.0614578948507667
299 2.946916823197083
300 2.946916823197083
301 2.946916823197083
302 2.946916823197083
303 1.458207515042545
304 1.458207515042545
305 1.458207515042545
306 1.458207515042545
307 1.458207515042545
308 0.6286835973128304
309 0.6286835973128304
310 0.6286835973128304
311 0.6286835973128304
312 0.6286835973128304
313 0.8430817795672402
314 3.1437718982968827
315 3.1437718982968827
316 3.1437718982968827
317 3.1437718982968827
318 3.1437718982968827
319 4.101063036179491
320 4.101063036179491
321 4.101063036179491
322 4.101063036179491
323 4.101063036179491
324 2.860292300852041
325 2.860292300852041
326 2.860292300852041
327 2.860292300852041
328 2.860292300852041
329 3.243034253179268
330 3.243034253179268
331 3.243034253179268
332 3.243034253179268
333 3.243034253179268
334 3.5009265971200314
335 3.5009265971200314
336 3.5009265971200314
337 3.5009265971200314
338 3.5009265971200314
339 2.355313805505881
340 2.355313805505881
341 2.355313805505881
342 2.355313805505881
343 2.355313805505881
344 0.7248985441171589
345 0.7248985441171589
346 0.7248985441171589
347 0.7248985441171589
348 0.7248985441171589
349 0.9035821419961432
350 0.9035821419961432
351 0.9035821419961432
352 0.9035821419961432
353 0.9035821419961432
354 1.1443340153552737
355 1.1443340153552737
356 1.1443340153552737
357 1.1443340153552737
358 1.1443340153552737
359 1.2948221593202824
360 1.2948221593202824
361 1.2948221593202824
362 1.2948221593202824
363 1.2948221593202824
364 1.5441371967492428
365 1.5441371967492428
366 1.5441371967492428
367 1.5441371967492428
368 1.5441371967492428
369 1.0877850207481403
370 1.0877850207481403
371 1.0877850207481403
372 1.0877850207481403
373 1.0877850207481403
374 0.818927675642296
375 0.818927675642296
376 0.818927675642296
377 0.818927675642296
378 0.818927675642296
379 1.4893994387060907
380 1.4893994387060907
381 1.4893994387060907
382 1.4893994387060907
383 1.4893994387060907
384 1.4115643978403294
385 1.4115643978403294
386 1.4115643978403294
387 1.4115643978403294
388 1.4115643978403294
389 1.2397896342662653
390 1.2397896342662653
391 1.2397896342662653
392 1.2397896342662653
393 1.2397896342662653
394 1.0796241099250186
395 1.0796241099250186
396 1.0796241099250186
397 1.0796241099250186
398 1.0796241099250186
399 0.8626183499441047
400 0.8626183499441047
401 0.8626183499441047
402 0.8626183499441047
403 0.8626183499441047
404 0.987635277053671
405 0.987635277053671
406 0.987635277053671
407 0.987635277053671
408 0.987635277053671
409 5.361303076982565
410 5.361303076982565
411 5.361303076982565
412 5.361303076982565
413 5.361303076982565
414 4.263075295574258
415 4.263075295574258
416 4.263075295574258
417 4.263075295574258
418 4.263075295574258
419 4.48752070751487
420 4.48752070751487
421 4.48752070751487
422 4.48752070751487
423 4.48752070751487
424 2.758684264619243
425 2.758684264619243
426 2.758684264619243
427 2.758684264619243
428 2.758684264619243
429 4.3790178730754645
430 4.3790178730754645
431 4.3790178730754645
432 4.3790178730754645
433 4.3790178730754645
434 4.741135859204533
435 4.741135859204533
436 4.741135859204533
437 4.741135859204533
438 4.741135859204533
439 4.171820398785636
440 4.171820398785636
441 4.171820398785636
442 4.171820398785636
443 4.171820398785636
444 3.1414895856650458
445 3.1414895856650458
446 3.1414895856650458
447 3.1414895856650458
448 3.1414895856650458
449 3.6001159822948043
450 3.6001159822948043
451 3.6001159822948043
452 3.6001159822948043
453 3.6001159822948043
454 1.877275831102268
455 1.877275831102268
456 1.877275831102268
457 1.877275831102268
458 1.877275831102268
459 3.0440458574409894
460 3.0440458574409894
461 3.0440458574409894
462 3.0440458574409894
463 3.0440458574409894
464 4.24746706764219
465 4.24746706764219
466 4.24746706764219
467 4.24746706764219
468 4.24746706764219
469 4.391873893816844
470 4.391873893816844
471 4.391873893816844
472 4.391873893816844
473 4.391873893816844
474 4.072294751417651
475 4.072294751417651
476 4.072294751417651
477 4.072294751417651
478 4.072294751417651
479 4.4877188128504875
480 1.9991163785930024
481 1.9991163785930024
482 1.9991163785930024
483 1.9991163785930024
484 1.9991163785930024
485 3.569307685539139
486 3.569307685539139
487 3.569307685539139
488 3.569307685539139
489 3.569307685539139
490 2.622694563686223
491 2.622694563686223
492 2.622694563686223
493 2.622694563686223
494 2.622694563686223
495 3.722543666373425
496 3.722543666373425
497 3.722543666373425
498 3.722543666373425
499 3.722543666373425
500 2.4327055814974616
501 1.6494384808002378
502 1.6494384808002378
503 1.6494384808002378
504 1.6494384808002378
505 1.6494384808002378
506 2.800596215957625
507 2.800596215957625
508 2.800596215957625
509 2.800596215957625
510 2.800596215957625
511 2.0049045819389995
512 2.0049045819389995
513 2.0049045819389995
514 2.0049045819389995
515 2.0049045819389995
516 3.49364999712336
517 3.49364999712336
518 3.49364999712336
519 3.49364999712336
520 3.49364999712336
521 0.8930669091987569
522 0.8930669091987569
523 0.8930669091987569
524 0.8930669091987569
525 0.8930669091987569
526 2.594377486047599
527 2.594377486047599
528 2.594377486047599
529 2.594377486047599
530 2.594377486047599
531 2.5715381620233786
532 2.5715381620233786
533 2.5715381620233786
534 2.5715381620233786
535 2.5715381620233786
536 2.8485573498000214
537 2.8485573498000214
538 2.8485573498000214
539 2.8485573498000214
540 2.8485573498000214
541 3.203246486203755
542 3.203246486203755
543 3.203246486203755
544 3.203246486203755
545 3.203246486203755
546 3.0070112327311156
547 3.0070112327311156
548 3.0070112327311156
549 3.0070112327311156
550 3.0070112327311156
551 2.5037453828918608
552 2.5037453828918608
553 2.5037453828918608
554 2.5037453828918608
555 2.5037453828918608
556 3.569489917716368
557 3.569489917716368
558 3.569489917716368
559 3.569489917716368
560 3.569489917716368
561 4.409537776925363
562 4.409537776925363
563 4.409537776925363
564 4.409537776925363
565 4.409537776925363
566 2.2735136570607573
567 2.2735136570607573
568 2.2735136570607573
569 2.2735136570607573
570 2.2735136570607573
571 3.066913068390295
572 3.066913068390295
573 3.066913068390295
574 3.066913068390295
575 3.066913068390295
576 3.6719991591651904
577 3.6719991591651904
578 3.6719991591651904
579 3.6719991591651904
580 3.6719991591651904
581 2.637338946005049
582 2.637338946005049
583 2.637338946005049
584 2.637338946005049
585 2.637338946005049
586 3.559185207062001
587 3.559185207062001
588 3.559185207062001
589 3.559185207062001
590 3.559185207062001
591 2.1251447908345646
592 2.1251447908345646
593 2.1251447908345646
594 2.1251447908345646
595 2.1251447908345646
596 3.4658833004186613
597 3.4658833004186613
598 3.4658833004186613
599 3.4658833004186613
600 3.4658833004186613
601 2.7900693466783384
602 2.7900693466783384
603 2.7900693466783384
604 2.7900693466783384
605 2.7900693466783384
606 4.582269093346149
607 1.2670500910922375
608 1.6892371299958266
609 1.6892371299958266
610 1.6892371299958266
611 1.6892371299958266
612 1.6892371299958266
613 2.0546252109371586
614 2.0546252109371586
615 2.0546252109371586
616 2.0546252109371586
617 2.0546252109371586
618 1.4726450143936451
619 1.4726450143936451
620 1.4726450143936451
621 1.4726450143936451
622 1.4726450143936451
623 0.8652254526583243
624 0.8652254526583243
625 0.8652254526583243
626 0.8652254526583243
627 0.8652254526583243
628 1.6876405682406126
629 1.6876405682406126
630 1.6876405682406126
631 1.6876405682406126
632 1.6876405682406126
633 0.6910115010013913
634 0.6910115010013913
635 0.6910115010013913
636 0.6910115010013913
637 0.6910115010013913
638 1.3226518559461162
639 1.3226518559461162
640 1.3226518559461162
641 1.3226518559461162
642 1.3226518559461162
643 2.235122128667526
644 2.235122128667526
645 2.235122128667526
646 2.235122128667526
647 2.235122128667526
648 1.1385259999816073
649 1.1385259999816073
650 1.1385259999816073
651 1.1385259999816073
652 1.1385259999816073
653 1.5119558943318432
654 1.5119558943318432
655 1.5119558943318432
656 1.5119558943318432
657 1.5119558943318432
658 1.7569085922144565
659 1.7569085922144565
660 1.7569085922144565
661 1.7569085922144565
662 1.7569085922144565
663 1.6600435181946662
664 1.6600435181946662
665 1.6600435181946662
666 1.6600435181946662
667 1.6600435181946662
668 1.5328710265042138
669 1.5328710265042138
670 1.5328710265042138
671 1.5328710265042138
672 1.5328710265042138
673 1.2309478599174624
674 1.2309478599174624
675 1.2309478599174624
676 1.2309478599174624
677 1.2309478599174624
678 1.3572690824292541
679 1.3572690824292541
680 1.3572690824292541
681 1.3572690824292541
682 1.3572690824292541
683 1.3786435294827886
684 1.3786435294827886
685 1.3786435294827886
686 1.3786435294827886
687 1.3786435294827886
688 1.5517910282818475
689 1.5517910282818475
690 1.5517910282818475
691 1.5517910282818475
692 1.5517910282818475
693 1.427758067433906
694 1.427758067433906
695 1.427758067433906
696 1.427758067433906
697 1.427758067433906
698 1.095965757344724
699 1.095965757344724
700 1.095965757344724
701 1.095965757344724
702 1.095965757344724
703 1.0200106800752113
704 1.0200106800752113
705 1.0200106800752113
706 1.0200106800752113
707 1.0200106800752113
708 1.5542200386978473
709 1.5542200386978473
710 1.5542200386978473
711 1.5542200386978473
712 1.5542200386978473
713 1.0381115201447026
714 1.0381115201447026
715 1.0381115201447026
716 1.0381115201447026
717 1.0381115201447026
718 1.8470395315355936
719 1.8470395315355936
720 1.8470395315355936
721 1.8470395315355936
722 1.8470395315355936
723 1.8480326224412904
724 1.8480326224412904
725 1.8480326224412904
726 1.8480326224412904
727 1.8480326224412904
728 1.7173868494541507
729 1.7173868494541507
730 1.7173868494541507
731 1.7173868494541507
732 1.7173868494541507
733 1.866026333256388
734 1.866026333256388
735 1.866026333256388
736 1.866026333256388
737 1.866026333256388
738 1.284783400491395
739 1.284783400491395
740 1.284783400491395
741 1.284783400491395
742 1.284783400491395
743 1.6595838593257692
744 1.6595838593257692
745 1.6595838593257692
746 1.6595838593257692
747 1.6595838593257692
748 2.15676239535134
749 2.15676239535134
750 2.15676239535134
751 2.15676239535134
752 2.15676239535134
753 2.1571191370196408
754 2.1571191370196408
755 2.1571191370196408
756 2.1571191370196408
757 2.1571191370196408
758 1.1636189662090806
759 1.1636189662090806
760 1.1636189662090806
761 1.1636189662090806
762 1.1636189662090806
763 1.6043382692201766
764 1.6043382692201766
765 1.6043382692201766
766 1.6043382692201766
767 1.6043382692201766
768 1.7149551547638184
769 1.7149551547638184
770 1.7149551547638184
771 1.7149551547638184
772 1.7149551547638184
773 1.4907162135674403
774 1.4907162135674403
775 1.4907162135674403
776 1.4907162135674403
777 1.4907162135674403
778 1.152949410385478
779 1.152949410385478
780 1.152949410385478
781 1.152949410385478
782 1.152949410385478
783 1.281124618412291
784 1.281124618412291
785 1.281124618412291
786 1.281124618412291
787 1.281124618412291
788 1.2206364032649524
789 1.2206364032649524
790 1.2206364032649524
791 1.2206364032649524
792 1.2206364032649524
793 1.903222796525154
794 1.903222796525154
795 1.903222796525154
796 1.903222796525154
797 1.903222796525154
798 0.9996329492970417
799 0.9996329492970417
800 2.069839644037084
801 2.069839644037084
802 2.069839644037084
803 2.069839644037084
804 2.069839644037084
805 3.6284082551880195
806 3.6284082551880195
807 3.6284082551880195
808 3.6284082551880195
809 3.6284082551880195
810 2.681537562926619
811 2.681537562926619
812 2.681537562926619
813 4.837509370428176
814 4.837509370428176
815 4.837509370428176
816 4.837509370428176
817 4.837509370428176
818 2.8477944182997748
819 2.8477944182997748
820 2.8477944182997748
821 2.8477944182997748
822 2.8477944182997748
823 4.907807873954616
824 4.907807873954616
825 4.907807873954616
826 4.907807873954616
827 4.907807873954616
828 3.750550474386298
829 3.750550474386298
830 3.750550474386298
831 3.750550474386298
832 3.750550474386298
833 3.9317600082475512
834 3.9317600082475512
835 3.9317600082475512
836 3.9317600082475512
837 3.9317600082475512
838 3.9759084900565727
839 3.9759084900565727
840 3.9759084900565727
841 3.9759084900565727
842 3.9759084900565727
843 3.1934552422985814
844 3.1934552422985814
845 3.1934552422985814
846 3.1934552422985814
847 3.1934552422985814
848 3.7027260607573225
849 3.7027260607573225
850 3.7027260607573225
851 3.7027260607573225
852 3.7027260607573225
853 3.924357236757686
854 3.924357236757686
855 3.924357236757686
856 3.924357236757686
857 3.924357236757686
858 2.8734876152232762
859 2.8734876152232762
860 2.8734876152232762
861 2.8734876152232762
862 2.8734876152232762
863 5.118112557077737
864 5.118112557077737
865 5.118112557077737
866 5.118112557077737
867 5.118112557077737
868 3.5784142604639646
869 3.5784142604639646
870 3.5784142604639646
871 3.5784142604639646
872 3.5784142604639646
873 2.929058226766114
874 2.929058226766114
875 2.929058226766114
876 2.929058226766114
877 2.929058226766114
878 3.8399722671115297
879 3.8399722671115297
880 3.8399722671115297
881 3.8399722671115297
882 3.8399722671115297
883 5.2332143127022395
884 5.2332143127022395
885 5.2332143127022395
886 5.2332143127022395
887 5.2332143127022395
888 3.8838490949826157
889 3.8838490949826157
890 3.8838490949826157
891 3.8838490949826157
892 3.8838490949826157
893 3.314268250003491
894 3.314268250003491
895 3.314268250003491
896 3.314268250003491
897 3.314268250003491
898 3.0785600483472972
899 3.0785600483472972
900 3.0785600483472972
901 3.0785600483472972
902 3.0785600483472972
903 3.2963030598471423
904 3.2963030598471423
905 3.2963030598471423
906 3.2963030598471423
907 3.2963030598471423
908 3.44745382667217
909 3.44745382667217
910 3.44745382667217
911 3.44745382667217
912 3.44745382667217
913 3.0099803378837295
914 3.0099803378837295
915 3.0099803378837295
916 3.0099803378837295
917 3.319342702577934
918 3.319342702577934
919 3.319342702577934
920 3.319342702577934
921 3.319342702577934
922 2.7501535836750306
923 2.7501535836750306
924 2.7501535836750306
925 2.7501535836750306
926 2.7501535836750306
927 3.032012122856553
928 3.032012122856553
929 3.032012122856553
930 3.032012122856553
931 3.032012122856553
932 4.510119887707679
933 4.510119887707679
934 4.510119887707679
935 4.510119887707679
936 4.510119887707679
937 3.5666335663411424
938 3.5666335663411424
939 3.5666335663411424
940 3.5666335663411424
941 3.5666335663411424
942 1.238438879106902
943 1.238438879106902
944 1.238438879106902
945 1.238438879106902
946 1.238438879106902
947 3.354520755892051
948 3.354520755892051
949 3.354520755892051
950 3.354520755892051
951 3.354520755892051
952 3.6915511528339655
953 3.6915511528339655
954 3.6915511528339655
955 3.6915511528339655
956 3.6915511528339655
957 2.3847929523130778
958 2.3847929523130778
959 2.3847929523130778
960 2.3847929523130778
961 2.3847929523130778
962 1.5633899462224012
963 1.5633899462224012
964 1.5633899462224012
965 1.5633899462224012
966 1.5633899462224012
967 3.2938446481897787
968 3.2938446481897787
969 3.2938446481897787
970 3.2938446481897787
971 3.2938446481897787
972 2.4338595394133984
973 2.4338595394133984
974 2.4338595394133984
975 2.4338595394133984
976 2.4338595394133984
977 2.6342191414842273
978 2.6342191414842273
979 2.6342191414842273
980 2.6342191414842273
981 2.6342191414842273
982 3.756107170032706
983 3.756107170032706
984 3.756107170032706
985 3.756107170032706
986 3.756107170032706
987 0.8111261153811125
988 0.8111261153811125
989 0.8111261153811125
990 0.8111261153811125
991 0.8111261153811125
992 0.8309437607851378
993 0.8309437607851378
994 0.8309437607851378
995 0.8309437607851378
996 0.8309437607851378
997 0.4765594368157465
998 0.4765594368157465
999 0.4765594368157465
1000 0.4765594368157465
1001 0.4765594368157465
1002 0.6159838257748668
1003 0.6159838257748668
1004 0.6159838257748668
1005 0.6159838257748668
1006 0.6159838257748668
1007 1.1053606440421326
1008 1.1053606440421326
1009 1.1053606440421326
1010 1.1053606440421326
1011 1.1053606440421326
1012 0.7702147457930034
1013 0.7702147457930034
1014 0.7702147457930034
1015 0.7702147457930034
1016 0.7702147457930034
1017 0.662894668602114
1018 0.662894668602114
1019 0.662894668602114
1020 0.662894668602114
1021 0.662894668602114
1022 0.6626555254729092
1023 0.6626555254729092
1024 0.6626555254729092
1025 0.6626555254729092
1026 0.6626555254729092
1027 0.5494534597916656
1028 0.5494534597916656
1029 0.5494534597916656
1030 0.5494534597916656
1031 0.5494534597916656
1032 0.4118420683706927
1033 0.4118420683706927
1034 0.4118420683706927
1035 0.4118420683706927
1036 0.4118420683706927
1037 0.5210824981167862
1038 0.5210824981167862
1039 0.5210824981167862
1040 0.5210824981167862
1041 0.5210824981167862
1042 0.8811200600215678
1043 0.8811200600215678
1044 0.8811200600215678
1045 0.8811200600215678
1046 0.8811200600215678
1047 0.4614660240373277
1048 0.4614660240373277
1049 0.4614660240373277
1050 0.4614660240373277
1051 3.151855284878349
1052 3.151855284878349
1053 3.151855284878349
1054 3.151855284878349
1055 3.151855284878349
1056 3.0041332725162517
1057 3.0041332725162517
1058 3.0041332725162517
1059 3.0041332725162517
1060 3.0041332725162517
1061 4.081123633857207
1062 4.081123633857207
1063 4.081123633857207
1064 4.081123633857207
1065 4.081123633857207
1066 4.736096347117865
1067 4.736096347117865
1068 4.736096347117865
1069 4.736096347117865
1070 4.736096347117865
1071 5.554258611539076
1072 1.3111478384936763
1073 1.3111478384936763
1074 1.3111478384936763
1075 1.3111478384936763
1076 1.3111478384936763
1077 1.9862654128895452
1078 1.9862654128895452
1079 1.9862654128895452
1080 1.9862654128895452
1081 1.9862654128895452
1082 2.5223433826467274
1083 2.5223433826467274
1084 2.5223433826467274
1085 2.5223433826467274
1086 2.5223433826467274
1087 1.6377210866890572
1088 1.6377210866890572
1089 1.6377210866890572
1090 1.6377210866890572
1091 1.6377210866890572
1092 2.942334588482559
1093 2.942334588482559
1094 2.942334588482559
1095 2.942334588482559
1096 2.942334588482559
1097 2.2583132212812966
1098 2.2583132212812966
1099 2.2583132212812966
1100 2.2583132212812966
1101 2.2583132212812966
1102 1.8013119338962917
1103 1.8013119338962917
1104 1.8013119338962917
1105 1.8013119338962917
1106 1.8013119338962917
1107 2.135268144176268
1108 2.135268144176268
1109 2.135268144176268
1110 2.135268144176268
1111 2.135268144176268
1112 1.2779966929963895
1113 1.2779966929963895
1114 1.2779966929963895
1115 1.2779966929963895
1116 1.2779966929963895
1117 2.2045163752393457
1118 2.2045163752393457
1119 2.2045163752393457
1120 2.2045163752393457
1121 2.2045163752393457
1122 2.324892521481715
1123 2.324892521481715
1124 2.324892521481715
1125 2.324892521481715
1126 2.324892521481715
1127 0.8999076688176573
1128 0.8999076688176573
1129 0.8999076688176573
1130 0.8999076688176573
1131 0.8999076688176573
1132 2.249579901416853
1133 2.249579901416853
1134 2.249579901416853
1135 2.249579901416853
1136 2.249579901416853
1137 2.0430020606837354
1138 2.0430020606837354
1139 2.0430020606837354
1140 2.0430020606837354
1141 2.0430020606837354
1142 2.602546022089104
1143 2.602546022089104
1144 2.602546022089104
1145 2.602546022089104
1146 2.602546022089104
1147 1.8014201897337703
1148 1.8014201897337703
1149 1.8014201897337703
1150 1.8014201897337703
1151 1.8014201897337703
1152 1.6777721008424826
1153 1.6777721008424826
1154 1.6777721008424826
1155 1.6777721008424826
1156 1.6777721008424826
1157 0.8425200870301162
1158 0.8425200870301162
1159 0.8425200870301162
1160 0.8425200870301162
1161 0.8425200870301162
1162 1.4536618648980921
1163 1.4536618648980921
1164 1.4536618648980921
1165 1.4536618648980921
1166 1.4536618648980921
1167 2.4659837252323076
1168 2.4659837252323076
1169 2.4659837252323076
1170 2.4659837252323076
1171 2.4659837252323076
1172 2.133386048244793
1173 2.133386048244793
1174 2.133386048244793
1175 2.133386048244793
1176 2.133386048244793
1177 2.875170196917929
1178 2.875170196917929
1179 2.875170196917929
1180 2.875170196917929
1181 2.875170196917929
1182 2.1598691221757713
1183 2.1598691221757713
1184 2.1598691221757713
1185 2.1598691221757713
1186 2.1598691221757713
1187 2.4601710168265267
1188 2.4601710168265267
1189 2.4601710168265267
1190 2.4601710168265267
1191 2.4601710168265267
1192 2.106182224331994
1193 2.106182224331994
1194 2.106182224331994
1195 2.106182224331994
1196 2.106182224331994
1197 2.0282319781021503
1198 2.0282319781021503
1199 2.0282319781021503
1200 2.0282319781021503
1201 2.0282319781021503
1202 2.353675359264427
1203 2.353675359264427
1204 2.353675359264427
1205 2.353675359264427
1206 2.353675359264427
1207 2.586332251397744
1208 2.586332251397744
1209 2.586332251397744
1210 2.586332251397744
1211 2.586332251397744
1212 1.4873029456487816
1213 1.4873029456487816
1214 1.4873029456487816
1215 1.4873029456487816
1216 1.4873029456487816
1217 1.984777495940499
1218 1.984777495940499
1219 1.984777495940499
1220 1.984777495940499
1221 1.984777495940499
1222 2.172550080340678
1223 2.172550080340678
1224 2.172550080340678
1225 2.172550080340678
1226 2.172550080340678
1227 1.9801438519654344
1228 1.9801438519654344
1229 1.9801438519654344
1230 1.9801438519654344
1231 1.620302167877957
1232 1.620302167877957
1233 1.620302167877957
1234 1.620302167877957
1235 1.620302167877957
1236 2.1386406866116454
1237 2.1386406866116454
1238 2.1386406866116454
1239 2.1386406866116454
1240 2.1386406866116454
1241 1.4001293344698358
1242 1.4001293344698358
1243 1.4001293344698358
1244 1.4001293344698358
1245 4.3412463111334905
1246 4.3412463111334905
1247 4.3412463111334905
1248 4.3412463111334905
1249 4.3412463111334905
1250 2.615348081704038
1251 2.615348081704038
1252 2.615348081704038
1253 2.615348081704038
1254 2.615348081704038
1255 4.41458506841709
1256 0.9236231186957813
1257 0.9236231186957813
1258 0.9236231186957813
1259 0.9236231186957813
1260 0.9236231186957813
1261 1.2317539554695405
1262 1.2317539554695405
1263 1.2317539554695405
1264 1.2317539554695405
1265 1.2317539554695405
1266 1.356284596129749
1267 1.356284596129749
1268 1.356284596129749
1269 1.356284596129749
1270 1.356284596129749
1271 1.1309832565938955
1272 1.1309832565938955
1273 1.1309832565938955
1274 1.1309832565938955
1275 1.8317636428158477
1276 1.8317636428158477
1277 1.8317636428158477
1278 1.8317636428158477
1279 1.8317636428158477
1280 1.4945299972932904
1281 1.4945299972932904
1282 1.4945299972932904
1283 1.4945299972932904
1284 1.4945299972932904
1285 1.4676343332858528
1286 1.4676343332858528
1287 1.4676343332858528
1288 1.4676343332858528
1289 1.4676343332858528
1290 1.6569835724088349
1291 1.6569835724088349
1292 1.6569835724088349
1293 1.6569835724088349
1294 1.6569835724088349
1295 1.4121389652801275
1296 1.4121389652801275
1297 1.4121389652801275
1298 1.4121389652801275
1299 1.4121389652801275
1300 1.5753461032767833
1301 1.5753461032767833
1302 1.5753461032767833
1303 1.5753461032767833
1304 1.5753461032767833
1305 0.9301579917090704
1306 4.4551376662132425
1307 4.4551376662132425
1308 4.4551376662132425
1309 4.4551376662132425
1310 4.4551376662132425
1311 3.9830239464764667
1312 3.9830239464764667
1313 3.9830239464764667
1314 3.9830239464764667
1315 3.9830239464764667
1316 3.7699534578752236
1317 3.7699534578752236
1318 3.7699534578752236
1319 3.7699534578752236
1320 1.4114273850605064
1321 1.4114273850605064
1322 1.4114273850605064
1323 1.4114273850605064
1324 1.4114273850605064
1325 1.6136428396609717
1326 1.6136428396609717
1327 1.6136428396609717
1328 1.6136428396609717
1329 1.6136428396609717
1330 1.772932519959761
1331 1.772932519959761
1332 1.772932519959761
1333 1.772932519959761
1334 1.772932519959761
1335 2.5067560054670803
1336 2.5067560054670803
1337 2.5067560054670803
1338 4.677431086609658
1339 4.677431086609658
1340 4.677431086609658
1341 4.677431086609658
1342 4.677431086609658
1343 3.7491970384965754
1344 3.7491970384965754
1345 2.944860434806473
1346 2.944860434806473
1347 2.944860434806473
1348 2.944860434806473
1349 2.944860434806473
1350 3.340535131671679
1351 3.340535131671679
1352 3.340535131671679
1353 3.340535131671679
1354 3.340535131671679
1355 3.6577317624069283
1356 3.6577317624069283
1357 3.6577317624069283
1358 3.6577317624069283
1359 3.6577317624069283
1360 2.8970423236517515
1361 2.8970423236517515
1362 2.8970423236517515
1363 2.8970423236517515
1364 2.8970423236517515
1365 3.7369376091900883
1366 3.7369376091900883
1367 3.7369376091900883
1368 3.7369376091900883
1369 3.7369376091900883
1370 3.061326701168398
1371 3.061326701168398
1372 3.061326701168398
1373 3.061326701168398
1374 3.061326701168398
1375 2.443574050672188
1376 2.443574050672188
1377 2.443574050672188
1378 2.443574050672188
1379 2.443574050672188
1380 2.3786979083300404
1381 2.3786979083300404
1382 2.3786979083300404
1383 2.3786979083300404
1384 2.3786979083300404
1385 4.39055337013243
1386 4.39055337013243
1387 4.39055337013243
1388 4.39055337013243
1389 4.39055337013243
1390 2.1724623163946983
1391 2.1724623163946983
1392 2.1724623163946983
1393 2.1724623163946983
1394 2.1724623163946983
1395 3.239266657298118
1396 3.239266657298118
1397 3.239266657298118
1398 3.239266657298118
1399 3.239266657298118
1400 3.1323732407712233
1401 3.6463891512199313
1402 3.6463891512199313
1403 3.6463891512199313
1404 3.6463891512199313
1405 3.6463891512199313
1406 4.062390307643126
1407 4.062390307643126
1408 4.062390307643126
1409 4.062390307643126
1410 4.062390307643126
1411 5.652213876247087
1412 5.652213876247087
1413 5.652213876247087
1414 5.652213876247087
1415 5.652213876247087
1416 6.091379654708605
1417 6.091379654708605
1418 6.091379654708605
1419 2.2142992935261
1420 2.2142992935261
1421 2.2142992935261
1422 2.2142992935261
1423 2.2142992935261
1424 3.004170492238269
1425 3.004170492238269
1426 3.004170492238269
1427 3.004170492238269
1428 3.004170492238269
1429 3.4434875865550194
1430 3.4434875865550194
1431 3.4434875865550194
1432 3.4434875865550194
1433 3.4434875865550194
1434 4.31673305460425
1435 4.31673305460425
1436 4.31673305460425
1437 4.31673305460425
1438 4.31673305460425
1439 2.4833843505879765
1440 2.4833843505879765
1441 2.4833843505879765
1442 2.4833843505879765
1443 2.4833843505879765
1444 3.6348567924941033
1445 3.6348567924941033
1446 3.6348567924941033
1447 3.6348567924941033
1448 3.6348567924941033
1449 2.274974165329647
1450 2.274974165329647
1451 2.274974165329647
1452 2.274974165329647
1453 2.274974165329647
1454 2.3074960728489002
1455 2.3074960728489002
1456 2.3074960728489002
1457 2.3074960728489002
1458 2.3074960728489002
1459 1.410552902088086
1460 1.410552902088086
1461 1.410552902088086
1462 1.410552902088086
1463 1.410552902088086
1464 2.6555899941376557
1465 2.6555899941376557
1466 2.6555899941376557
1467 2.6555899941376557
1468 2.6555899941376557
1469 3.9997305344938368
1470 3.9997305344938368
1471 3.9997305344938368
1472 3.9997305344938368
1473 3.9997305344938368
1474 2.194392457120465
1475 2.194392457120465
1476 2.194392457120465
1477 2.194392457120465
1478 2.194392457120465
1479 3.45734066739957
1480 3.45734066739957
1481 3.45734066739957
1482 3.45734066739957
1483 3.45734066739957
1484 2.993331426804495
1485 2.993331426804495
1486 2.993331426804495
1487 2.993331426804495
1488 2.993331426804495
1489 3.1219999858388
1490 3.1219999858388
1491 3.1219999858388
1492 3.1219999858388
1493 3.1219999858388
1494 3.5524411657080046
1495 3.5524411657080046
1496 3.5524411657080046
1497 3.5524411657080046
1498 3.5524411657080046
1499 2.005335020599457
1500 2.005335020599457
1501 3.3370986135968765
1502 3.3370986135968765
1503 3.3370986135968765
1504 3.3370986135968765
1505 3.3370986135968765
1506 3.3584214323597075
1507 3.3584214323597075
1508 3.3584214323597075
1509 3.3584214323597075
1510 3.3584214323597075
1511 4.427398039056701
1512 4.427398039056701
1513 4.427398039056701
1514 4.427398039056701
1515 4.427398039056701
1516 4.016920026782474
1517 4.016920026782474
1518 4.016920026782474
1519 4.016920026782474
1520 4.016920026782474
1521 5.163473090257671
1522 5.163473090257671
1523 5.163473090257671
1524 5.163473090257671
1525 5.163473090257671
1526 3.874155759737538
1527 3.874155759737538
1528 3.874155759737538
1529 3.874155759737538
1530 3.874155759737538
1531 2.197020217431896
1532 2.197020217431896
1533 2.197020217431896
1534 2.197020217431896
1535 2.197020217431896
1536 3.0139591283632186
1537 3.0139591283632186
1538 3.0139591283632186
1539 3.0139591283632186
1540 3.0139591283632186
1541 3.8684518397525807
1542 3.8684518397525807
1543 3.8684518397525807
1544 3.8684518397525807
1545 3.8684518397525807
1546 4.0856531259734865
1547 4.0856531259734865
1548 4.0856531259734865
1549 4.0856531259734865
1550 4.0856531259734865
1551 6.261606521127774
1552 6.261606521127774
1553 6.261606521127774
1554 6.261606521127774
1555 6.261606521127774
1556 3.6159396543584306
1557 3.6159396543584306
1558 3.6159396543584306
1559 3.6159396543584306
1560 3.6159396543584306
1561 2.759310942610817
1562 2.759310942610817
1563 2.759310942610817
1564 2.759310942610817
1565 2.759310942610817
1566 5.084911542771748
1567 5.084911542771748
1568 5.084911542771748
1569 5.084911542771748
1570 5.084911542771748
1571 3.862367869841516
1572 3.862367869841516
1573 3.862367869841516
1574 3.3160283676790034
1575 1.3337474710631052
1576 1.3337474710631052
1577 1.3337474710631052
1578 1.3337474710631052
1579 1.3337474710631052
1580 2.050976453180236
1581 2.050976453180236
1582 2.050976453180236
1583 2.050976453180236
1584 2.050976453180236
1585 1.6999517392680128
1586 1.6999517392680128
1587 1.6999517392680128
1588 1.6999517392680128
1589 1.6999517392680128
1590 2.979724169197967
1591 2.979724169197967
1592 2.979724169197967
1593 2.979724169197967
1594 2.979724169197967
1595 1.8685378290739838
1596 1.8685378290739838
1597 1.8685378290739838
1598 1.8685378290739838
1599 1.8685378290739838
1600 0.8081884958785805
1601 0.8081884958785805
1602 0.8081884958785805
1603 0.8081884958785805
1604 0.8081884958785805
1605 2.3577558017129547
1606 2.3577558017129547
1607 2.3577558017129547
1608 2.3577558017129547
1609 2.3577558017129547
1610 2.002322186581413
1611 2.002322186581413
1612 2.002322186581413
1613 2.002322186581413
1614 2.002322186581413
1615 2.4170412197311704
1616 2.4170412197311704
1617 2.4170412197311704
1618 2.4170412197311704
1619 2.4170412197311704
1620 1.2308164255209886
1621 1.2308164255209886
1622 1.2308164255209886
1623 1.2308164255209886
1624 1.2308164255209886
1625 2.4227641665759636
1626 2.4227641665759636
1627 2.4227641665759636
1628 2.4227641665759636
1629 2.4227641665759636
1630 1.244245771408535
1631 1.244245771408535
1632 1.244245771408535
1633 1.244245771408535
1634 1.244245771408535
1635 2.3435538908035234
1636 2.3435538908035234
1637 2.3435538908035234
1638 2.3435538908035234
1639 2.3435538908035234
1640 2.764976648348959
1641 2.764976648348959
1642 2.764976648348959
1643 2.764976648348959
1644 2.764976648348959
1645 2.2666854643727685
1646 2.2666854643727685
1647 2.2666854643727685
1648 2.2666854643727685
1649 2.2666854643727685
1650 1.958509625876361
1651 1.958509625876361
1652 1.958509625876361
1653 1.958509625876361
1654 1.958509625876361
1655 2.134512346917969
1656 2.134512346917969
1657 2.134512346917969
1658 2.134512346917969
1659 2.134512346917969
1660 2.9435056182450547
1661 2.9435056182450547
1662 2.9435056182450547
1663 2.9435056182450547
1664 2.9435056182450547
1665 2.187716521589984
1666 2.187716521589984
1667 2.187716521589984
1668 2.187716521589984
1669 2.187716521589984
1670 2.7352918750985493
1671 2.7352918750985493
1672 2.7352918750985493
1673 2.7352918750985493
1674 2.7352918750985493
1675 1.5983941381487985
1676 1.5983941381487985
1677 1.5983941381487985
1678 1.5983941381487985
1679 1.5983941381487985
1680 2.4325047002484537
1681 2.4325047002484537
1682 2.4325047002484537
1683 2.4325047002484537
1684 2.4325047002484537
1685 2.5770413221388573
1686 2.5770413221388573
1687 2.5770413221388573
1688 2.5770413221388573
1689 2.5770413221388573
1690 2.309701461359711
1691 2.309701461359711
1692 2.309701461359711
1693 2.309701461359711
1694 2.309701461359711
1695 1.3279928806676644
1696 1.3279928806676644
1697 1.3279928806676644
1698 1.3279928806676644
1699 1.3279928806676644
1700 1.9207317476307797
1701 1.9207317476307797
1702 1.9207317476307797
1703 1.9207317476307797
1704 1.9207317476307797
1705 2.6212256698157503
1706 2.6212256698157503
1707 2.6212256698157503
1708 2.6212256698157503
1709 2.6212256698157503
1710 2.162319253100677
1711 2.162319253100677
1712 2.162319253100677
1713 2.162319253100677
1714 2.162319253100677
1715 2.01121606391174
1716 2.01121606391174
1717 2.01121606391174
1718 2.01121606391174
1719 2.01121606391174
1720 1.3760895683193786
1721 1.3760895683193786
1722 1.3760895683193786
1723 1.3760895683193786
1724 1.3760895683193786
1725 1.4295092861011103
1726 1.4295092861011103
1727 1.4295092861011103
1728 1.4295092861011103
1729 1.4295092861011103
1730 2.2780787547502612
1731 2.2780787547502612
1732 2.2780787547502612
1733 2.5538382413910785
1734 2.5538382413910785
1735 2.5538382413910785
1736 2.5538382413910785
1737 2.5538382413910785
1738 4.032305964454127
1739 4.032305964454127
1740 4.032305964454127
1741 4.032305964454127
1742 4.032305964454127
1743 4.021414584400378
1744 4.021414584400378
1745 4.021414584400378
1746 4.021414584400378
1747 4.021414584400378
1748 3.2332230447828034
1749 3.2332230447828034
1750 3.2332230447828034
1751 3.2332230447828034
1752 3.2332230447828034
1753 4.172089180317219
1754 4.172089180317219
1755 4.172089180317219
1756 4.172089180317219
1757 4.172089180317219
1758 2.5531581478523924
1759 2.5531581478523924
1760 2.5531581478523924
1761 2.5531581478523924
1762 2.5531581478523924
1763 4.631945517236889
1764 4.631945517236889
1765 4.631945517236889
1766 4.631945517236889
1767 4.631945517236889
1768 2.5511475470580676
1769 2.5511475470580676
1770 2.5511475470580676
1771 2.5511475470580676
1772 2.5511475470580676
1773 3.374474722167081
1774 3.374474722167081
1775 3.374474722167081
1776 3.374474722167081
1777 3.374474722167081
1778 3.525836893747066
1779 3.525836893747066
1780 3.525836893747066
1781 3.525836893747066
1782 3.525836893747066
1783 3.6570815396253
1784 3.6570815396253
1785 3.6570815396253
1786 3.6570815396253
1787 3.6570815396253
1788 2.3803809066483828
1789 2.3803809066483828
1790 2.3803809066483828
1791 2.3803809066483828
1792 2.3803809066483828
1793 2.6919969165809983
1794 2.6919969165809983
1795 2.6919969165809983
1796 2.6919969165809983
1797 2.6919969165809983
1798 2.4328186556832767
1799 2.4328186556832767
1800 2.4328186556832767
1801 2.4328186556832767
1802 2.4328186556832767
1803 3.923437674781268
1804 3.923437674781268
1805 3.923437674781268
1806 3.923437674781268
1807 3.923437674781268
1808 3.4089422068312567
1809 3.4089422068312567
1810 3.4089422068312567
1811 3.4089422068312567
1812 3.4089422068312567
1813 3.3293353390960823
1814 3.3293353390960823
1815 3.3293353390960823
1816 3.3293353390960823
1817 3.3293353390960823
1818 4.641099440663246
1819 4.641099440663246
1820 4.641099440663246
1821 4.641099440663246
1822 4.641099440663246
1823 2.9067906076596177
1824 2.9067906076596177
1825 2.9067906076596177
1826 2.9067906076596177
1827 2.9067906076596177
1828 2.3411093353567822
1829 2.3411093353567822
1830 2.3411093353567822
1831 2.3411093353567822
1832 2.3411093353567822
1833 1.7044865591644007
1834 1.7044865591644007
1835 1.7044865591644007
1836 1.7044865591644007
1837 1.7044865591644007
1838 2.2065499197897704
1839 2.2065499197897704
1840 2.2065499197897704
1841 2.2065499197897704
1842 2.2065499197897704
1843 3.3575723483794016
1844 3.3575723483794016
1845 3.3575723483794016
1846 3.1856474313031087
1847 3.1856474313031087
1848 3.1856474313031087
1849 3.1856474313031087
1850 3.1856474313031087
1851 2.857209981041989
1852 2.857209981041989
1853 2.857209981041989
1854 2.857209981041989
1855 2.857209981041989
1856 2.5543117230777383
1857 2.5543117230777383
1858 2.5543117230777383
1859 2.5543117230777383
1860 2.5543117230777383
1861 2.6483822720753363
1862 2.6483822720753363
1863 2.6483822720753363
1864 2.6483822720753363
1865 2.6483822720753363
1866 2.616929341171753
1867 2.616929341171753
1868 2.616929341171753
1869 2.616929341171753
1870 2.616929341171753
1871 3.1478172107372697
1872 3.1478172107372697
1873 3.1478172107372697
1874 3.1478172107372697
1875 3.1478172107372697
1876 2.3998544896811937
1877 2.3998544896811937
1878 2.3998544896811937
1879 2.3998544896811937
1880 2.3998544896811937
1881 3.054749926490493
1882 3.054749926490493
1883 3.054749926490493
1884 3.054749926490493
1885 3.054749926490493
1886 3.996435430345368
1887 3.996435430345368
1888 3.996435430345368
1889 3.996435430345368
1890 3.996435430345368
1891 3.2649305678207914
1892 3.2649305678207914
1893 3.2649305678207914
1894 3.2649305678207914
1895 3.2649305678207914
1896 3.191793375264627
1897 3.191793375264627
1898 3.191793375264627
1899 3.191793375264627
1900 3.191793375264627
1901 3.3081455813500344
1902 3.3081455813500344
1903 3.3081455813500344
1904 3.3081455813500344
1905 3.3081455813500344
1906 4.169336244354549
1907 4.169336244354549
1908 4.169336244354549
1909 4.169336244354549
1910 4.169336244354549
1911 3.113460404311598
1912 3.113460404311598
1913 3.113460404311598
1914 3.113460404311598
1915 3.113460404311598
1916 2.4548128511918397
1917 2.4548128511918397
1918 2.4548128511918397
1919 2.4548128511918397
1920 2.4548128511918397
1921 2.215191083187368
1922 2.215191083187368
1923 2.215191083187368
1924 2.215191083187368
1925 2.215191083187368
1926 3.3706380591381455
1927 3.3706380591381455
1928 3.3706380591381455
1929 3.3706380591381455
1930 3.3706380591381455
1931 3.05178462697421
1932 3.05178462697421
1933 3.05178462697421
1934 3.05178462697421
1935 3.05178462697421
1936 3.54712506418913
1937 3.54712506418913
1938 3.54712506418913
1939 3.54712506418913
1940 3.54712506418913
1941 3.328587266038906
1942 3.328587266038906
1943 3.328587266038906
1944 3.328587266038906
1945 3.328587266038906
1946 3.8970555296061598
1947 1.0666172744942481
1948 1.0666172744942481
1949 1.0666172744942481
1950 1.0666172744942481
1951 1.0666172744942481
1952 0.9559764406498963
1953 0.9559764406498963
1954 0.9559764406498963
1955 0.9559764406498963
1956 0.9559764406498963
1957 0.9887147864777874
1958 0.9887147864777874
1959 0.9887147864777874
1960 0.9887147864777874
1961 0.9887147864777874
1962 1.4060657790599942
1963 1.4060657790599942
1964 1.4060657790599942
1965 1.4060657790599942
1966 1.4060657790599942
1967 1.1241431682336707
1968 1.1241431682336707
1969 1.1241431682336707
1970 1.1241431682336707
1971 1.1241431682336707
1972 1.1980421915988526
1973 1.1980421915988526
1974 1.1980421915988526
1975 1.1980421915988526
1976 1.1980421915988526
1977 1.1267468675701402
1978 1.1267468675701402
1979 1.1267468675701402
1980 1.1267468675701402
1981 1.1267468675701402
1982 1.500427953520209
1983 1.500427953520209
1984 1.500427953520209
1985 1.500427953520209
1986 1.500427953520209
1987 0.8925618463056293
1988 0.8925618463056293
1989 0.8925618463056293
1990 0.8925618463056293
1991 0.8925618463056293
1992 1.0485630207518788
1993 1.0485630207518788
1994 1.0485630207518788
1995 1.0485630207518788
1996 1.0485630207518788
1997 0.9282188075226143
1998 0.9282188075226143
1999 0.9282188075226143
