0 0.17479622481137103
1 0.17479622481137103
2 0.22084206529152808
3 0.22084206529152808
4 0.21625628459142632
5 0.21625628459142632
6 0.22368162129859237
7 0.22368162129859237
8 0.16960429847385344
9 0.16960429847385344
10 0.22572995667638607
11 0.22572995667638607
12 0.20106534575001675
13 0.20106534575001675
14 0.2170100250229695
15 0.2170100250229695
16 0.208875218527319
17 0.208875218527319
18 0.18161305999489166
19 0.18161305999489166
20 0.2333569564674512
21 0.2333569564674512
22 0.21429326809272523
23 0.21429326809272523
24 0.17365036835082165
25 0.17365036835082165
26 0.20965637314468305
27 0.20965637314468305
28 0.2147584561335158
29 0.2147584561335158
30 0.19795995563797314
31 0.19795995563797314
32 0.21180810603192832
33 0.21180810603192832
34 0.1933318150035626
35 0.1933318150035626
36 0.20718403443457273
37 0.20718403443457273
38 0.19790980639163977
39 0.19790980639163977
40 0.20033537227136883
41 0.20033537227136883
42 0.20116495242699806
43 0.20116495242699806
44 0.20430308321296414
45 0.20430308321296414
46 0.22737934243135172
47 0.22737934243135172
48 0.16810634529017798
49 0.16810634529017798
50 0.20089321838136154
51 0.20089321838136154
52 0.25176304862429233
53 0.25176304862429233
54 0.1982097340823745
55 1.6205941761749527
56 1.6205941761749527
57 1.6843480575292142
58 1.6843480575292142
59 1.7425528568842406
60 1.7425528568842406
61 1.8214279255136439
62 1.8214279255136439
63 1.5245239994826711
64 1.5245239994826711
65 1.5233835643902405
66 1.5233835643902405
67 1.484163956049521
68 1.484163956049521
69 1.5903520055838665
70 0.9741212929384062
71 0.9741212929384062
72 0.8569771035989096
73 0.8569771035989096
74 1.038471341245952
75 1.038471341245952
76 1.0895735225691954
77 1.0895735225691954
78 1.2907098100498733
79 1.2907098100498733
80 1.1023881215964701
81 1.1023881215964701
82 1.4184793222596328
83 1.4184793222596328
84 1.1005019479465763
85 1.1005019479465763
86 1.318379751575419
87 1.318379751575419
88 0.9962956450446292
89 0.9962956450446292
90 0.9493019522566735
91 0.9493019522566735
92 1.2248323876888063
93 1.2248323876888063
94 1.2588281165853983
95 1.2588281165853983
96 0.9652144989644447
97 0.9652144989644447
98 0.9353784089414181
99 0.9353784089414181
100 1.2786687654399462
101 1.2786687654399462
102 1.2519168002567378
103 1.2519168002567378
104 0.8829823390844349
105 0.8829823390844349
106 1.0617010544627232
107 1.0617010544627232
108 1.1054102190519188
109 1.1054102190519188
110 0.9315080621751256
111 0.9315080621751256
112 1.266652623271158
113 1.266652623271158
114 1.201016199306255
115 1.201016199306255
116 1.2460660082447645
117 1.2460660082447645
118 1.0302099247024568
119 1.0302099247024568
120 1.2964039899605626
121 1.2964039899605626
122 1.1953933434606054
123 1.1953933434606054
124 1.0011159735469202
125 1.0011159735469202
126 1.1566874683058372
127 1.1566874683058372
128 1.0592852554480472
129 1.0592852554480472
130 1.0924898527867348
131 1.0924898527867348
132 0.9657459797536985
133 0.9657459797536985
134 1.164748939981959
135 1.164748939981959
136 1.1797479069989976
137 1.1797479069989976
138 1.0534582713193643
139 1.0534582713193643
140 1.3252069873285162
141 1.3252069873285162
142 1.2666362947465466
143 1.2666362947465466
144 1.1175104310794857
145 1.1175104310794857
146 1.100675066509697
147 1.100675066509697
148 1.2027634784790746
149 1.2027634784790746
150 0.9753060511999558
151 0.9753060511999558
152 1.1380436457481093
153 1.1380436457481093
154 1.1223536511615901
155 1.1223536511615901
156 1.0565188802665306
157 1.0565188802665306
158 1.0496946403399523
159 1.0496946403399523
160 1.1186062277714468
161 1.1186062277714468
162 1.1275915395992766
163 1.1275915395992766
164 0.8565374377233761
165 0.8565374377233761
166 1.2182144027607567
167 1.2182144027607567
168 1.0254241644697233
169 1.0254241644697233
170 1.268503278296766
171 1.268503278296766
172 1.3473684662976189
173 1.3473684662976189
174 1.20461030023766
175 1.20461030023766
176 1.1622260741179284
177 1.1622260741179284
178 0.9838143992271808
179 0.9838143992271808
180 1.0517564904343704
181 1.0517564904343704
182 1.1075301977830738
183 1.1075301977830738
184 1.2217818480093043
185 1.2217818480093043
186 0.9662689993122193
187 0.9662689993122193
188 1.0818611918295173
189 1.0818611918295173
190 1.1963087373140298
191 1.1963087373140298
192 1.153503510998098
193 1.153503510998098
194 1.0305921016143142
195 1.0305921016143142
196 0.9997326376220236
197 0.9997326376220236
198 1.1095798084999013
199 1.1095798084999013
200 1.135498058191013
201 1.135498058191013
202 1.1607108850429737
203 1.1607108850429737
204 1.1148652226457423
205 1.1148652226457423
206 1.074670516852295
207 1.074670516852295
208 0.9272164518288282
209 0.9272164518288282
210 1.3588644925438715
211 1.3588644925438715
212 0.9657066615878135
213 0.9657066615878135
214 1.1362921915886999
215 1.1362921915886999
216 0.9977744065963589
217 0.9977744065963589
218 1.2093082611746349
219 1.2093082611746349
220 1.3314976649565102
221 1.3314976649565102
222 1.136815952279568
223 1.136815952279568
224 1.1653079788455623
225 1.1653079788455623
226 0.9865039223934262
227 0.9865039223934262
228 1.0482169683755347
229 1.0482169683755347
230 1.0840459969715808
231 1.0840459969715808
232 1.1669951845692823
233 1.1669951845692823
234 1.0514083188149288
235 1.0514083188149288
236 1.234336658400066
237 1.234336658400066
238 0.9158358584992745
239 0.9158358584992745
240 0.8106700387819685
241 0.8106700387819685
242 2.1166271804012493
243 2.1166271804012493
244 3.2201990839834895
245 3.2201990839834895
246 3.557797043058044
247 3.557797043058044
248 2.8612566668899224
249 2.8612566668899224
250 3.2196093999762665
251 3.2196093999762665
252 2.975209943894438
253 2.975209943894438
254 3.2758775645730864
255 3.2758775645730864
256 3.2119844446351413
257 3.2119844446351413
258 3.001417881744198
259 3.001417881744198
260 2.5757072263982246
261 2.5757072263982246
262 3.2530133299107504
263 3.2530133299107504
264 2.5105234225616186
265 2.5105234225616186
266 2.9820882145144862
267 2.9820882145144862
268 3.0705925397032474
269 3.0705925397032474
270 2.585019309068521
271 2.585019309068521
272 2.99315566279333
273 2.99315566279333
274 3.484815135713101
275 3.484815135713101
276 3.1916362403374894
277 3.1916362403374894
278 3.3273600045228706
279 3.3273600045228706
280 3.640527522864309
281 3.640527522864309
282 2.3350511211612237
283 2.3350511211612237
284 2.837563235455227
285 2.837563235455227
286 3.309476408624127
287 3.309476408624127
288 2.6891580346053408
289 2.6891580346053408
290 3.488485377240054
291 3.488485377240054
292 3.3599408127028982
293 3.3599408127028982
294 2.85920497682475
295 2.85920497682475
296 2.3662139423142383
297 2.3662139423142383
298 3.089530784060161
299 3.089530784060161
300 2.9992645093210544
301 2.9992645093210544
302 2.6128968921340476
303 2.6128968921340476
304 2.614299870928292
305 2.614299870928292
306 3.1719331363956305
307 3.1719331363956305
308 2.9518830155203553
309 2.9518830155203553
310 3.107614462258039
311 3.107614462258039
312 2.378689588872485
313 2.378689588872485
314 2.8137746309387914
315 2.8137746309387914
316 2.8667212800852018
317 2.8667212800852018
318 2.661265362690762
319 2.661265362690762
320 3.1818567033840783
321 3.1818567033840783
322 2.60251026975239
323 2.60251026975239
324 2.8976020831362614
325 2.8976020831362614
326 3.568937559108484
327 3.568937559108484
328 3.431985264278004
329 3.431985264278004
330 2.8437063781374294
331 2.8437063781374294
332 3.2240739736293427
333 3.2240739736293427
334 2.7656566707163246
335 2.7656566707163246
336 2.9607045569846595
337 2.9607045569846595
338 2.9969849730850826
339 2.9969849730850826
340 2.9588411121469784
341 2.9588411121469784
342 2.9977794850707222
343 2.9977794850707222
344 2.8112644516815117
345 2.8112644516815117
346 3.0508417538890766
347 3.0508417538890766
348 3.302746692328041
349 3.302746692328041
350 2.802699094632506
351 2.802699094632506
352 2.8340435639449058
353 2.8340435639449058
354 3.1536487003382088
355 3.1536487003382088
356 3.3586604883973092
357 3.3586604883973092
358 3.141890163119946
359 3.141890163119946
360 3.18704496283245
361 3.18704496283245
362 2.835754468254291
363 2.835754468254291
364 2.9237548742721406
365 2.9237548742721406
366 3.2025506984310197
367 3.2025506984310197
368 2.583648783986896
369 2.583648783986896
370 2.828330002767206
371 2.828330002767206
372 3.003605763908733
373 3.003605763908733
374 3.4910305332850204
375 3.4910305332850204
376 2.9934074457568984
377 2.9934074457568984
378 2.4281364359966653
379 2.4281364359966653
380 3.0381148733554
381 3.0381148733554
382 3.0217343949765163
383 3.0217343949765163
384 2.8864789928559147
385 2.8864789928559147
386 2.299534037580509
387 2.299534037580509
388 2.6732748028282467
389 2.6732748028282467
390 3.101149425505831
391 3.101149425505831
392 2.6513498929192543
393 2.6513498929192543
394 2.930941753329134
395 2.930941753329134
396 3.489742191749995
397 3.489742191749995
398 1.386545735344908
399 1.386545735344908
400 1.6869354235015726
401 1.6869354235015726
402 1.6279193342400924
403 1.6279193342400924
404 3.703125376222527
405 3.703125376222527
406 4.2362473063876385
407 4.2362473063876385
408 3.1733842518346833
409 3.1733842518346833
410 3.4215759622548356
411 3.4215759622548356
412 3.9568479831426404
413 3.9568479831426404
414 3.631388820055253
415 3.631388820055253
416 3.693081974145534
417 3.693081974145534
418 3.629186151339064
419 3.629186151339064
420 3.785294047666378
421 3.213780620044049
422 3.213780620044049
423 1.9653450520451774
424 1.9653450520451774
425 2.0667877415026417
426 2.0667877415026417
427 1.9338863553895989
428 1.9338863553895989
429 2.187577912555984
430 2.187577912555984
431 2.5363757684286234
432 2.5363757684286234
433 2.0909704775615516
434 2.0909704775615516
435 2.0010532726182046
436 2.0010532726182046
437 1.7117990819164008
438 1.7117990819164008
439 2.0554542154792936
440 2.0554542154792936
441 2.300655712957571
442 2.300655712957571
443 2.0878222211734805
444 2.0878222211734805
445 2.176613596303717
446 2.176613596303717
447 2.0941831415875107
448 2.0941831415875107
449 2.050915878393349
450 2.050915878393349
451 1.8319379410667491
452 1.8319379410667491
453 2.272906987627813
454 2.272906987627813
455 2.238272322065629
456 2.238272322065629
457 2.0030147323525895
458 2.0030147323525895
459 3.054760477424379
460 3.054760477424379
461 3.105833140712628
462 3.105833140712628
463 5.113084968338863
464 5.113084968338863
465 4.207313765365013
466 4.207313765365013
467 4.569509104643161
468 4.569509104643161
469 4.91249069905972
470 4.91249069905972
471 4.439742494160649
472 4.439742494160649
473 5.100937826458198
474 5.100937826458198
475 4.164263562090705
476 4.164263562090705
477 4.178245486051406
478 4.178245486051406
479 4.8481820195958925
480 4.8481820195958925
481 4.60636776789913
482 4.60636776789913
483 3.9474181420436625
484 3.9474181420436625
485 3.619093390526466
486 3.619093390526466
487 3.808681062737913
488 3.808681062737913
489 4.276388281836823
490 4.276388281836823
491 3.3498427696883697
492 3.3498427696883697
493 4.369017096492372
494 4.369017096492372
495 4.172164774439571
496 4.172164774439571
497 3.448619806507085
498 3.448619806507085
499 4.9578246279355245
500 4.9578246279355245
501 4.1505339298399155
502 4.1505339298399155
503 4.694616379327872
504 4.694616379327872
505 4.5807526322249865
506 4.5807526322249865
507 4.381537798399524
508 4.381537798399524
509 4.527674767013639
510 4.527674767013639
511 3.6820563173786143
512 3.6820563173786143
513 3.5115108556903585
514 3.5115108556903585
515 4.235645048479267
516 4.235645048479267
517 4.911144610808986
518 4.911144610808986
519 4.0901812260828905
520 4.0901812260828905
521 4.622870493743824
522 4.622870493743824
523 3.8305549566558956
524 3.8305549566558956
525 5.327566915167439
526 5.327566915167439
527 5.410992012529593
528 5.410992012529593
529 4.6838701875718085
530 4.6838701875718085
531 4.52455829587519
532 4.52455829587519
533 4.812635717324193
534 4.812635717324193
535 4.286620350688876
536 4.286620350688876
537 4.906592693388685
538 4.906592693388685
539 4.0239583370630285
540 4.0239583370630285
541 4.238723275321353
542 4.238723275321353
543 3.6007862411421527
544 3.6007862411421527
545 3.850811097884466
546 3.850811097884466
547 3.924509548241256
548 3.924509548241256
549 4.1754143003908615
550 4.1754143003908615
551 3.8750733492916614
552 3.135966945279661
553 3.135966945279661
554 3.283796867319348
555 3.283796867319348
556 3.1551471040222188
557 3.1551471040222188
558 2.871192247477192
559 2.871192247477192
560 2.970346918522381
561 2.970346918522381
562 2.992977530862973
563 2.992977530862973
564 2.9372075962028164
565 2.9372075962028164
566 3.1195319549159737
567 3.1195319549159737
568 2.703767624820814
569 2.703767624820814
570 2.625360448919703
571 2.625360448919703
572 2.935869518368527
573 2.935869518368527
574 2.3440032290208968
575 2.3440032290208968
576 3.117389954897372
577 3.117389954897372
578 2.751462290767044
579 2.751462290767044
580 3.2918281543338415
581 3.2918281543338415
582 3.059614862487053
583 3.059614862487053
584 2.799357857886987
585 2.799357857886987
586 2.9415419357537598
587 2.9415419357537598
588 3.159170054402291
589 3.159170054402291
590 3.3634922386998314
591 3.3634922386998314
592 2.8239102904158506
593 2.8239102904158506
594 2.2668756874815053
595 2.2668756874815053
596 2.9658046519479684
597 2.9658046519479684
598 2.423037484034869
599 2.423037484034869
600 2.9905413035146227
601 2.9905413035146227
602 2.976883936359464
603 2.976883936359464
604 2.5853496439802126
605 2.5853496439802126
606 3.5954835574743416
607 3.5954835574743416
608 2.536696161977767
609 2.536696161977767
610 2.6913250989805717
611 2.6913250989805717
612 3.178703097416239
613 3.178703097416239
614 2.8830160782080068
615 2.8830160782080068
616 2.82549115699918
617 2.82549115699918
618 3.1619927872479585
619 3.1619927872479585
620 2.9229529799302525
621 2.9229529799302525
622 3.3362953479117747
623 3.3362953479117747
624 3.0445694211616763
625 3.0445694211616763
626 2.981779790770485
627 2.981779790770485
628 3.083921324199535
629 3.083921324199535
630 3.3019783787074086
631 3.3019783787074086
632 2.8153415463040186
633 2.8153415463040186
634 3.305103131755202
635 3.305103131755202
636 2.708597443599718
637 2.708597443599718
638 2.8110788509986464
639 2.8110788509986464
640 2.7685676181871774
641 2.7685676181871774
642 3.101056082503934
643 3.101056082503934
644 2.8237916114490598
645 2.8237916114490598
646 2.6306084344442926
647 2.6306084344442926
648 3.1060888028750524
649 3.1060888028750524
650 2.427989072485726
651 2.427989072485726
652 2.9780813118818337
653 2.9780813118818337
654 3.12889765203584
655 3.12889765203584
656 3.2466372354828437
657 3.2466372354828437
658 2.656468794968849
659 2.656468794968849
660 2.5622976491774336
661 2.5622976491774336
662 2.5798908990826845
663 2.5798908990826845
664 3.153423013187447
665 3.153423013187447
666 2.443087265061288
667 2.443087265061288
668 3.126846552332703
669 3.126846552332703
670 2.8827101388975147
671 2.8827101388975147
672 2.6943059530485454
673 2.6943059530485454
674 2.5485188110637456
675 2.5485188110637456
676 2.701744640750674
677 2.701744640750674
678 2.828257900639853
679 2.828257900639853
680 3.312375457464324
681 3.312375457464324
682 2.6180158759061367
683 2.6180158759061367
684 2.6214172723389706
685 2.6214172723389706
686 2.8446360077474084
687 2.8446360077474084
688 3.1843320453556196
689 3.1843320453556196
690 3.06951601712971
691 3.06951601712971
692 2.98981094130804
693 2.98981094130804
694 2.9197868195007417
695 2.9197868195007417
696 2.2721748746072117
697 2.2721748746072117
698 2.995546145292552
699 2.995546145292552
700 3.50330435530289
701 3.50330435530289
702 3.03155827174614
703 3.03155827174614
704 3.1192842602174795
705 3.1192842602174795
706 3.2362912130724557
707 3.2362912130724557
708 2.922945867932344
709 2.922945867932344
710 3.8590265372906103
711 0.8473996835070504
712 0.8473996835070504
713 0.7030907906893734
714 0.7030907906893734
715 0.7038329450322325
716 0.7038329450322325
717 0.6194097947467129
718 0.6194097947467129
719 0.538514071029882
720 0.538514071029882
721 0.6303161129292519
722 0.6303161129292519
723 0.717504798417023
724 0.717504798417023
725 0.5362542887601128
726 0.5362542887601128
727 0.6995368823021186
728 0.6995368823021186
729 0.6523835363967041
730 0.6523835363967041
731 0.6255377508102516
732 0.6255377508102516
733 0.7743334006909308
734 0.7743334006909308
735 2.4825617255364207
736 2.4825617255364207
737 2.247932160220062
738 2.247932160220062
739 2.651546914011588
740 2.651546914011588
741 2.626691160317485
742 2.626691160317485
743 2.279008814778904
744 2.279008814778904
745 2.750814750264655
746 2.750814750264655
747 2.909586940499896
748 2.909586940499896
749 2.4507542973440164
750 2.4507542973440164
751 2.7947255932246766
752 2.7947255932246766
753 3.4498009237922425
754 3.4498009237922425
755 2.9641251436548917
756 2.9641251436548917
757 2.6978345517013107
758 2.6978345517013107
759 2.7996061300796646
760 2.7996061300796646
761 3.2043672266941887
762 3.2043672266941887
763 2.5581783638264963
764 2.5581783638264963
765 2.8812966120610946
766 2.8812966120610946
767 3.399082526938443
768 3.399082526938443
769 2.8721419640660497
770 2.8721419640660497
771 2.758007905977404
772 2.758007905977404
773 3.4238782770310094
774 3.4238782770310094
775 2.820580011797988
776 2.820580011797988
777 2.9442092224382623
778 2.9442092224382623
779 3.2736677536319494
780 3.2736677536319494
781 3.2550556479725605
782 3.2550556479725605
783 3.3943302394455195
784 3.3943302394455195
785 1.9315703437392455
786 1.9315703437392455
787 1.8535724165474707
788 1.8535724165474707
789 2.081474359024242
790 2.081474359024242
791 2.181341418168076
792 2.181341418168076
793 2.423322715148164
794 2.423322715148164
795 2.0105356888745067
796 2.0105356888745067
797 2.041353300109082
798 2.041353300109082
799 2.1992843863104787
800 2.1992843863104787
801 1.9684404473138593
802 1.9684404473138593
803 2.3217074676040816
804 2.3217074676040816
805 1.99493346787077
806 1.99493346787077
807 1.9612448695392384
808 0.25080292739837196
809 0.25080292739837196
810 0.20575132475584926
811 0.20575132475584926
812 0.23608319028528757
813 0.23608319028528757
814 0.18164790852223123
815 0.18164790852223123
816 0.1642013852816013
817 0.1642013852816013
818 0.1889278621249474
819 0.1889278621249474
820 0.18570393840643218
821 0.18570393840643218
822 0.19344764891471097
823 0.19344764891471097
824 0.20067370049064198
825 0.20067370049064198
826 0.15971006543415497
827 0.15971006543415497
828 0.20303026828469753
829 0.20303026828469753
830 0.17086466293329805
831 0.17086466293329805
832 0.19607026768646768
833 0.19607026768646768
834 0.18120915686650307
835 0.18120915686650307
836 0.21220268778118934
837 0.21220268778118934
838 0.20717009136989656
839 0.20717009136989656
840 0.19845431567741303
841 0.19845431567741303
842 0.1607993358308235
843 0.1607993358308235
844 0.17558212454824215
845 0.17558212454824215
846 0.2091242001814602
847 0.2091242001814602
848 0.21218787154416238
849 0.21218787154416238
850 0.18096811528081366
851 0.18096811528081366
852 0.2141554086849402
853 0.2141554086849402
854 0.22380022362579585
855 0.22380022362579585
856 0.16826165452336306
857 0.16826165452336306
858 0.192569997920677
859 0.192569997920677
860 0.19360414910348606
861 0.19360414910348606
862 0.17649823806461423
863 0.17649823806461423
864 0.1601485498063198
865 0.1601485498063198
866 0.19599689780856003
867 0.19599689780856003
868 0.210105396308007
869 0.210105396308007
870 0.18721537941942695
871 0.18721537941942695
872 0.20600042989517778
873 0.20600042989517778
874 0.22703348559560427
875 0.22703348559560427
876 0.22093066948072485
877 0.22093066948072485
878 0.1886281386061359
879 0.1886281386061359
880 0.19616061696061365
881 0.19616061696061365
882 0.19528951985291676
883 0.19528951985291676
884 0.1906066995940819
885 0.1906066995940819
886 0.15731752714990085
887 0.15731752714990085
888 0.18119359337623822
889 0.18119359337623822
890 0.18622765170768388
891 0.18622765170768388
892 0.18483770716684875
893 0.18483770716684875
894 0.19570893579916096
895 0.19570893579916096
896 0.19925955842364657
897 0.19925955842364657
898 0.22178274757827227
899 0.22178274757827227
900 0.2570961253719274
901 0.2570961253719274
902 0.23529388112321492
903 0.23529388112321492
904 0.22422682716794892
905 0.22422682716794892
906 0.22873924301424894
907 0.22873924301424894
908 0.2181445284127588
909 0.2181445284127588
910 0.19717986203155902
911 0.19717986203155902
912 0.20929269082270893
913 0.20929269082270893
914 0.181929794952153
915 0.181929794952153
916 0.18711524628176024
917 0.18711524628176024
918 0.18978470985147078
919 0.18978470985147078
920 0.20388499734263818
921 0.20388499734263818
922 0.18000608715946603
923 0.18000608715946603
924 0.20600081341464405
925 0.20600081341464405
926 0.1885365104451203
927 0.1885365104451203
928 0.17963266413346185
929 0.17963266413346185
930 0.22401107916928617
931 0.22401107916928617
932 0.17889521669446892
933 0.17889521669446892
934 0.23674451479895142
935 0.23674451479895142
936 0.22656185368683446
937 2.6869544015031623
938 2.6869544015031623
939 2.3603382075935087
940 2.3603382075935087
941 2.3890231159544864
942 2.3890231159544864
943 2.05989388520713
944 2.05989388520713
945 2.3931103073028797
946 2.3931103073028797
947 2.085032384640168
948 2.085032384640168
949 1.8518228242023766
950 1.8518228242023766
951 2.6591809077602706
952 2.6591809077602706
953 2.3103601875357738
954 2.3103601875357738
955 2.2332985101610205
956 2.2332985101610205
957 2.9923202646022293
958 2.9923202646022293
959 2.15001018811314
960 2.15001018811314
961 2.6653103732664762
962 2.6653103732664762
963 2.622875470533447
964 2.622875470533447
965 2.430669726771004
966 2.430669726771004
967 2.416777754245223
968 2.416777754245223
969 2.6215121988872347
970 2.6215121988872347
971 2.49927479247978
972 2.49927479247978
973 2.6517079240006223
974 3.2700677266911047
975 3.2700677266911047
976 3.790888082926741
977 3.790888082926741
978 3.7000780498213457
979 3.7000780498213457
980 3.9787102925619937
981 3.9787102925619937
982 4.189803736776359
983 4.189803736776359
984 4.094376845789797
985 4.094376845789797
986 3.085645614990815
987 3.085645614990815
988 3.963801428910973
989 3.963801428910973
990 3.57693942011832
991 3.57693942011832
992 3.9016019047032957
993 3.9016019047032957
994 4.329895745263031
995 4.329895745263031
996 3.605630389560392
997 3.605630389560392
998 3.834701647365013
999 3.834701647365013
1000 4.1585582170593804
1001 4.1585582170593804
1002 4.320740154128894
1003 4.320740154128894
1004 3.630028544980824
1005 3.630028544980824
1006 3.5736683530668083
1007 3.5736683530668083
1008 3.829246042400515
1009 3.829246042400515
1010 4.1544820331123855
1011 4.1544820331123855
1012 3.9335348827394996
1013 3.9335348827394996
1014 1.0927543140646798
1015 1.0927543140646798
1016 0.862354656975762
1017 0.862354656975762
1018 1.1272410506947486
1019 1.1272410506947486
1020 1.3486372043129107
1021 1.3486372043129107
1022 1.014764451324917
1023 1.014764451324917
1024 1.2120924518538239
1025 1.2120924518538239
1026 1.1045228612738611
1027 1.1045228612738611
1028 1.377719336158354
1029 1.377719336158354
1030 0.9672559978431226
1031 0.9672559978431226
1032 1.175864893404824
1033 1.175864893404824
1034 1.073645880209641
1035 1.073645880209641
1036 0.9900177810427222
1037 0.9900177810427222
1038 0.9269679127196708
1039 0.9269679127196708
1040 1.1436209390409835
1041 1.1436209390409835
1042 1.1716852514362452
1043 1.1716852514362452
1044 1.2123818874020733
1045 1.2123818874020733
1046 1.093804295843202
1047 1.093804295843202
1048 0.9971410530310544
1049 0.9971410530310544
1050 0.9821261006198614
1051 0.9821261006198614
1052 1.1663723606787821
1053 1.1663723606787821
1054 1.223936347789515
1055 4.264010358163812
1056 4.264010358163812
1057 4.006529210201471
1058 3.3219530168233975
1059 3.3219530168233975
1060 2.64740175273265
1061 2.64740175273265
1062 2.9689336675839
1063 2.9689336675839
1064 2.9929994685860186
1065 2.9929994685860186
1066 3.621154488382845
1067 3.621154488382845
1068 2.8399500761547674
1069 2.8399500761547674
1070 2.626363868642229
1071 2.626363868642229
1072 2.6420292261334426
1073 2.6420292261334426
1074 3.1746565170731316
1075 3.1746565170731316
1076 2.834146104189888
1077 2.834146104189888
1078 2.843148386231442
1079 2.843148386231442
1080 3.1936171478166426
1081 3.1936171478166426
1082 2.7940861600209463
1083 2.7940861600209463
1084 2.845936700189169
1085 2.845936700189169
1086 2.555590532672003
1087 2.555590532672003
1088 2.661191914394206
1089 2.661191914394206
1090 2.684964264457682
1091 2.684964264457682
1092 3.2033050917219277
1093 3.2033050917219277
1094 3.0805100480683296
1095 3.0805100480683296
1096 3.406265469986155
1097 3.406265469986155
1098 1.6718334475037702
1099 1.6718334475037702
1100 1.209938185696322
1101 1.209938185696322
1102 1.5095620015060762
1103 1.5095620015060762
1104 1.6313671359782633
1105 1.6313671359782633
1106 1.6938296610234747
1107 1.6938296610234747
1108 1.2523549215478587
1109 1.2523549215478587
1110 1.5361474247440596
1111 1.5361474247440596
1112 1.5104061791501977
1113 1.5104061791501977
1114 1.7493445573158026
1115 1.7493445573158026
1116 2.7339898801650175
1117 2.7339898801650175
1118 2.48340186978224
1119 2.48340186978224
1120 2.482075133156846
1121 2.482075133156846
1122 2.633736877528408
1123 2.633736877528408
1124 2.1674381527777506
1125 2.1674381527777506
1126 2.3715838948332717
1127 2.3715838948332717
1128 2.9604237968919738
1129 2.9604237968919738
1130 2.103250027831664
1131 2.103250027831664
1132 2.4258517567720306
1133 2.4258517567720306
1134 2.4512943316861553
1135 2.4512943316861553
1136 2.715037452046781
1137 2.715037452046781
1138 2.605447370381336
1139 2.605447370381336
1140 2.206560101573035
1141 2.206560101573035
1142 2.8342787356182644
1143 2.8342787356182644
1144 2.6716270791840735
1145 2.6716270791840735
1146 2.573987039073846
1147 3.845487200056837
1148 3.845487200056837
1149 3.6140243061288184
1150 3.6140243061288184
1151 3.9040319762318685
1152 3.9040319762318685
1153 4.6356908231592815
1154 4.6356908231592815
1155 4.578011436978454
1156 4.578011436978454
1157 3.687928910061074
1158 3.687928910061074
1159 3.859576218334045
1160 3.859576218334045
1161 4.829249259080183
1162 4.829249259080183
1163 3.962228942622662
1164 3.962228942622662
1165 3.5370718007838886
1166 3.5370718007838886
1167 3.770795204655912
1168 3.770795204655912
1169 4.223130688632119
1170 4.223130688632119
1171 3.7110106253618875
1172 3.7110106253618875
1173 3.711907398483678
1174 3.711907398483678
1175 3.6032394759176736
1176 3.6032394759176736
1177 3.502231783716203
1178 3.502231783716203
1179 4.082105829394869
1180 4.082105829394869
1181 3.9924088903291612
1182 3.9924088903291612
1183 4.082558545359259
1184 4.082558545359259
1185 3.8772398333477525
1186 3.8772398333477525
1187 3.8663157569706876
1188 3.8663157569706876
1189 3.272545702211071
1190 3.272545702211071
1191 3.866698921900815
1192 3.866698921900815
1193 3.7269574570433526
1194 3.7269574570433526
1195 4.051975576126607
1196 4.051975576126607
1197 4.058558063321436
1198 4.058558063321436
1199 3.705172490334682
1200 3.705172490334682
1201 3.1562419568157054
1202 3.1562419568157054
1203 4.248519472446738
1204 4.248519472446738
1205 4.271286940049783
1206 4.271286940049783
1207 4.049695558392377
1208 4.049695558392377
1209 4.301774272701801
1210 4.301774272701801
1211 3.349392775210493
1212 3.349392775210493
1213 3.747733482433416
1214 3.747733482433416
1215 3.6893062079836474
1216 3.6893062079836474
1217 3.4544175123579963
1218 3.4544175123579963
1219 3.653189637915688
1220 3.653189637915688
1221 3.541641660763527
1222 3.541641660763527
1223 3.7750776184155495
1224 3.7750776184155495
1225 3.9276928341198776
1226 3.9276928341198776
1227 3.60673657068347
1228 3.60673657068347
1229 3.8495314069684285
1230 3.8495314069684285
1231 3.965836008484475
1232 3.965836008484475
1233 3.787476399740802
1234 3.787476399740802
1235 3.7448420520789836
1236 3.7448420520789836
1237 3.7847994720881424
1238 3.7847994720881424
1239 4.197764889449663
1240 4.197764889449663
1241 3.6953338032546896
1242 3.6953338032546896
1243 4.014660206019203
1244 4.014660206019203
1245 3.705613362020125
1246 3.705613362020125
1247 4.057143139642722
1248 4.057143139642722
1249 3.9878903406728514
1250 3.9878903406728514
1251 3.59259859789338
1252 3.59259859789338
1253 3.877771232298945
1254 3.877771232298945
1255 4.367413790200564
1256 4.367413790200564
1257 3.9644304901613747
1258 3.9644304901613747
1259 4.008902199102679
1260 4.008902199102679
1261 3.9646565474298328
1262 3.9646565474298328
1263 4.526140644776277
1264 4.526140644776277
1265 3.706048132339883
1266 3.706048132339883
1267 4.331780426115521
1268 4.331780426115521
1269 3.726517861049184
1270 3.726517861049184
1271 3.7664540808932583
1272 3.7664540808932583
1273 3.8093503124446824
1274 3.8093503124446824
1275 4.2297001899067626
1276 4.2297001899067626
1277 3.85998847887444
1278 3.85998847887444
1279 3.5774427243272333
1280 3.5774427243272333
1281 3.2079407433908917
1282 3.2079407433908917
1283 4.99459324329604
1284 4.99459324329604
1285 3.996341293027471
1286 3.996341293027471
1287 3.5318497020989517
1288 3.5318497020989517
1289 3.566812298150018
1290 3.566812298150018
1291 3.6823797428556175
1292 3.6823797428556175
1293 3.902108540836051
1294 3.902108540836051
1295 3.239924031117765
1296 3.239924031117765
1297 3.8038506456748222
1298 3.8038506456748222
1299 3.7727594039737227
1300 3.7727594039737227
1301 4.239960644017906
1302 4.239960644017906
1303 3.640411737405353
1304 3.640411737405353
1305 3.952196661653468
1306 3.952196661653468
1307 3.777658357486979
1308 3.777658357486979
1309 3.9950753303366335
1310 3.9950753303366335
1311 4.037858954112307
1312 4.037858954112307
1313 4.223141081841571
1314 0.7525676346951569
1315 0.7525676346951569
1316 0.6088318707450603
1317 0.6088318707450603
1318 0.6328859576884828
1319 0.6328859576884828
1320 0.6656048049197255
1321 0.6656048049197255
1322 0.6670796636489129
1323 0.6670796636489129
1324 0.5195933605043803
1325 0.5195933605043803
1326 0.5523518223115463
1327 0.5523518223115463
1328 3.6432434041162107
1329 3.6432434041162107
1330 3.931900575738812
1331 3.931900575738812
1332 3.797716652977096
1333 3.797716652977096
1334 3.443313647558706
1335 3.443313647558706
1336 3.172260583793026
1337 3.172260583793026
1338 3.7457620440272925
1339 3.7457620440272925
1340 3.9162864075086925
1341 3.9162864075086925
1342 4.20286347235716
1343 4.20286347235716
1344 4.108704354338913
1345 4.108704354338913
1346 4.065730575142379
1347 4.065730575142379
1348 3.5389158412875226
1349 3.5389158412875226
1350 4.0087190644406485
1351 4.0087190644406485
1352 4.311765664396383
1353 4.311765664396383
1354 4.106809914997475
1355 4.106809914997475
1356 3.664849294284392
1357 3.664849294284392
1358 3.988400088631014
1359 3.988400088631014
1360 3.754749174946364
1361 3.754749174946364
1362 3.975731490621296
1363 3.975731490621296
1364 3.6794638446489305
1365 3.6794638446489305
1366 3.889362408922006
1367 3.889362408922006
1368 2.9579559345225057
1369 2.9579559345225057
1370 4.1844543648981665
1371 4.1844543648981665
1372 3.410835278671957
1373 3.410835278671957
1374 4.435559827820244
1375 4.435559827820244
1376 4.760413968686324
1377 4.760413968686324
1378 4.597721736569241
1379 4.597721736569241
1380 3.5752007864527986
1381 3.5752007864527986
1382 4.215189133034425
1383 4.215189133034425
1384 3.647003583142704
1385 3.647003583142704
1386 4.304574701474224
1387 4.304574701474224
1388 3.427948611065495
1389 3.427948611065495
1390 3.3482245610657553
1391 3.3482245610657553
1392 3.5632972447308378
1393 3.5632972447308378
1394 3.860127446400168
1395 3.860127446400168
1396 4.203937492677702
1397 1.9843287372210212
1398 1.9843287372210212
1399 1.9630921227191596
1400 1.9630921227191596
1401 2.2394235499507267
1402 2.2394235499507267
1403 2.028150064002815
1404 2.028150064002815
1405 1.813812618719168
1406 1.813812618719168
1407 2.209333222713397
1408 2.209333222713397
1409 2.1880443775450993
1410 2.1880443775450993
1411 2.1735387304567437
1412 2.1735387304567437
1413 2.18429621585606
1414 2.18429621585606
1415 2.1860093423683824
1416 2.1860093423683824
1417 2.2556048847483523
1418 2.2556048847483523
1419 1.988336117955008
1420 1.988336117955008
1421 2.026674385786097
1422 2.026674385786097
1423 2.283266896113294
1424 2.283266896113294
1425 2.0189323820290466
1426 1.2221296888093927
1427 1.2221296888093927
1428 1.1487949631991423
1429 1.1487949631991423
1430 1.0884666865173076
1431 1.0884666865173076
1432 1.0240133234867907
1433 1.0240133234867907
1434 0.9420655323892986
1435 0.9420655323892986
1436 1.2683961331519658
1437 1.2683961331519658
1438 0.9573565020547025
1439 0.9573565020547025
1440 1.1312474656592448
1441 1.1312474656592448
1442 1.0562003351096152
1443 3.7147566234488902
1444 3.7147566234488902
1445 3.5420913172210473
1446 3.5420913172210473
1447 3.343950435145049
1448 3.343950435145049
1449 3.715198432553711
1450 3.715198432553711
1451 3.3500838960009762
1452 3.3500838960009762
1453 4.011675632295172
1454 4.011675632295172
1455 3.4616539821982073
1456 3.4616539821982073
1457 3.6267009785217357
1458 3.6267009785217357
1459 3.8900413025239997
1460 3.8900413025239997
1461 3.8489764040527397
1462 3.8489764040527397
1463 4.352355386052155
1464 4.352355386052155
1465 4.097446618460452
1466 4.097446618460452
1467 3.178612174649233
1468 3.178612174649233
1469 3.5624217044312965
1470 3.5624217044312965
1471 4.248447428719099
1472 4.248447428719099
1473 3.7485961380126454
1474 3.7485961380126454
1475 3.432727375102115
1476 3.432727375102115
1477 3.4202569010713217
1478 3.4202569010713217
1479 3.3899358481627613
1480 3.3899358481627613
1481 3.740771193670615
1482 3.740771193670615
1483 3.9816895457031602
1484 3.9816895457031602
1485 3.857319034377724
1486 3.857319034377724
1487 3.419815583208948
1488 3.419815583208948
1489 3.7860911432904527
1490 3.7860911432904527
1491 3.9282686888058924
1492 3.9282686888058924
1493 4.106028903390799
1494 4.106028903390799
1495 4.135843271011238
1496 4.135843271011238
1497 4.119198557169216
1498 4.119198557169216
1499 4.018896735448318
1500 4.018896735448318
1501 4.233022853594884
1502 4.233022853594884
1503 3.147947828243829
1504 3.147947828243829
1505 3.968665844186134
1506 3.968665844186134
1507 4.011476501886429
1508 4.011476501886429
1509 4.118218717593101
1510 4.118218717593101
1511 3.55124381606694
1512 3.55124381606694
1513 4.262338658794116
1514 4.262338658794116
1515 3.717691097683552
1516 3.717691097683552
1517 3.7223620285100916
1518 3.7223620285100916
1519 4.000945245047239
1520 4.000945245047239
1521 3.8953325692092218
1522 3.8953325692092218
1523 3.7510655083209574
1524 3.7510655083209574
1525 4.870625197599832
1526 4.870625197599832
1527 4.133521723780516
1528 4.133521723780516
1529 3.0978329512991714
1530 3.0978329512991714
1531 3.5517215878952886
1532 3.5517215878952886
1533 3.7469648221398595
1534 3.7469648221398595
1535 3.579570766764595
1536 3.579570766764595
1537 3.862295840910202
1538 3.862295840910202
1539 3.942791403297612
1540 3.942791403297612
1541 3.616887689749936
1542 3.616887689749936
1543 3.793742674271213
1544 3.793742674271213
1545 3.6172942566211908
1546 3.6172942566211908
1547 4.062682429151275
1548 4.062682429151275
1549 3.7577962152735567
1550 3.7577962152735567
1551 3.537052515465298
1552 3.537052515465298
1553 3.5361869644886816
1554 3.5361869644886816
1555 3.413195562276093
1556 3.413195562276093
1557 4.479418748041924
1558 4.479418748041924
1559 4.067811542507946
1560 4.067811542507946
1561 4.122588756178391
1562 4.122588756178391
1563 3.7353468981317013
1564 3.7353468981317013
1565 3.853346658922566
1566 3.853346658922566
1567 3.2962763958661934
1568 3.2962763958661934
1569 3.7096708425314695
1570 3.7096708425314695
1571 3.5534576178804365
1572 3.5534576178804365
1573 3.6101358715714977
1574 3.6101358715714977
1575 3.136874935381047
1576 3.136874935381047
1577 3.680352407538958
1578 3.680352407538958
1579 3.7408921562456108
1580 3.7408921562456108
1581 4.26019748097256
1582 4.26019748097256
1583 4.282224837949711
1584 4.282224837949711
1585 2.8791094050518042
1586 2.8791094050518042
1587 3.5667076676197897
1588 1.9415376503006483
1589 1.9415376503006483
1590 2.285430987596915
1591 2.285430987596915
1592 1.7402284886768373
1593 1.7402284886768373
1594 1.8958013067036816
1595 1.8958013067036816
1596 1.978499463479791
1597 1.978499463479791
1598 1.9210696823580242
1599 1.9210696823580242
1600 2.027751336682984
1601 2.027751336682984
1602 2.192784803672076
1603 2.192784803672076
1604 2.0037327429831366
1605 2.0037327429831366
1606 1.8716709924464123
1607 1.8716709924464123
1608 2.262381665332654
1609 2.262381665332654
1610 2.239153183284697
1611 2.239153183284697
1612 1.9189424598754612
1613 1.9189424598754612
1614 1.942198379890501
1615 1.942198379890501
1616 1.9710370810139621
1617 1.9710370810139621
1618 1.6958257479170975
1619 1.6958257479170975
1620 2.1628877431068094
1621 2.1628877431068094
1622 2.13938360024878
1623 2.13938360024878
1624 1.4989732131792386
1625 1.4989732131792386
1626 2.092166194518677
1627 2.092166194518677
1628 2.2442312792907746
1629 2.2442312792907746
1630 2.032800476255985
1631 2.032800476255985
1632 1.8835822971065717
1633 1.8835822971065717
1634 2.0116825046765117
1635 2.0116825046765117
1636 1.6965828793033362
1637 1.6965828793033362
1638 2.2183132710803464
1639 2.2183132710803464
1640 2.38512335370502
1641 2.38512335370502
1642 2.0557664475402944
1643 2.0557664475402944
1644 2.2269033370783244
1645 2.2269033370783244
1646 1.949218123366935
1647 1.949218123366935
1648 2.369728649995905
1649 2.369728649995905
1650 1.9651606579004188
1651 1.9651606579004188
1652 1.8898509994929573
1653 1.8898509994929573
1654 1.6588812458852868
1655 1.6588812458852868
1656 2.059714414483132
1657 2.059714414483132
1658 2.09062661447578
1659 2.09062661447578
1660 1.8347950933379007
1661 1.8347950933379007
1662 2.0004238719073597
1663 2.0004238719073597
1664 1.8128728102421188
1665 1.8128728102421188
1666 1.7356034044639026
1667 1.7356034044639026
1668 1.9078543159041483
1669 1.9078543159041483
1670 1.9989701040485837
1671 1.9989701040485837
1672 2.3002492876588363
1673 2.3002492876588363
1674 2.0442389458314207
1675 2.0442389458314207
1676 1.8915728580584665
1677 1.8915728580584665
1678 1.9510584799543365
1679 1.9510584799543365
1680 1.9548487240698096
1681 1.9548487240698096
1682 2.006694824831723
1683 2.006694824831723
1684 2.1814164734644472
1685 2.1814164734644472
1686 1.7856374946351197
1687 1.7856374946351197
1688 1.763801424325877
1689 1.763801424325877
1690 2.221568817247574
1691 2.221568817247574
1692 2.045070349155554
1693 2.045070349155554
1694 2.343222851570913
1695 2.343222851570913
1696 2.1213630849046132
1697 2.1213630849046132
1698 1.9930103815254423
1699 1.9930103815254423
1700 2.3804898282641944
1701 2.3804898282641944
1702 1.9313655515406567
1703 1.9313655515406567
1704 1.7770664719810423
1705 1.7770664719810423
1706 1.9677814923165857
1707 1.9677814923165857
1708 1.9480265109768768
1709 1.9480265109768768
1710 2.053032837005846
1711 2.053032837005846
1712 1.856170727717184
1713 1.856170727717184
1714 1.8709048822572953
1715 1.8709048822572953
1716 2.019978521489004
1717 2.019978521489004
1718 2.1610543634604396
1719 2.1610543634604396
1720 2.169291587930417
1721 2.169291587930417
1722 1.9298492372862646
1723 1.9298492372862646
1724 1.6694492045438507
1725 1.6694492045438507
1726 1.9133615363550904
1727 1.9133615363550904
1728 2.158810995729017
1729 2.158810995729017
1730 1.9079935556441783
1731 1.9079935556441783
1732 2.316650758395823
1733 2.316650758395823
1734 2.0650980936874728
1735 0.20214732209992575
1736 0.20214732209992575
1737 0.20919278638538516
1738 0.20919278638538516
1739 0.25144647232963846
1740 0.25144647232963846
1741 0.23023085603410778
1742 0.23023085603410778
1743 0.2521913711873893
1744 0.2521913711873893
1745 0.2107287170992117
1746 0.2107287170992117
1747 0.2386106536772358
1748 0.2386106536772358
1749 0.21386911995742436
1750 0.21386911995742436
1751 0.23510978729373408
1752 0.23510978729373408
1753 0.21300072705431122
1754 0.21300072705431122
1755 0.21438167205299338
1756 0.21438167205299338
1757 0.23639531545454018
1758 0.23639531545454018
1759 0.1734269117041493
1760 0.1734269117041493
1761 0.20811814227503714
1762 0.20811814227503714
1763 0.18324599706344094
1764 0.18324599706344094
1765 0.2173382562185151
1766 0.2173382562185151
1767 0.14773903968401092
1768 0.14773903968401092
1769 0.22126538800900786
1770 0.22126538800900786
1771 0.17571916230701226
1772 0.17571916230701226
1773 0.20360383980325
1774 0.20360383980325
1775 0.186012153374345
1776 0.186012153374345
1777 0.19922713137653933
1778 0.19922713137653933
1779 0.2475576285253588
1780 0.2475576285253588
1781 0.168310227391238
1782 0.168310227391238
1783 0.24399511531471008
1784 0.24399511531471008
1785 0.18541325265745348
1786 0.18541325265745348
1787 0.2180159825967438
1788 0.2180159825967438
1789 0.20266074904735082
1790 0.20266074904735082
1791 0.2328007340154042
1792 0.2328007340154042
1793 0.21214212603761926
1794 0.21214212603761926
1795 0.20456857525977812
1796 0.20456857525977812
1797 0.1992317433658695
1798 0.1992317433658695
1799 0.18369167646454812
1800 0.18369167646454812
1801 0.17667748177557163
1802 0.17667748177557163
1803 0.22090916411752393
1804 0.22090916411752393
1805 0.20460226253463695
1806 0.20460226253463695
1807 0.22994489446050573
1808 0.22994489446050573
1809 0.18281210514304433
1810 0.18281210514304433
1811 0.23599400533802414
1812 0.23599400533802414
1813 0.18778860584149737
1814 0.18778860584149737
1815 0.1730018166809539
1816 0.1730018166809539
1817 0.22354908980313085
1818 0.22354908980313085
1819 0.16224574451440493
1820 0.16224574451440493
1821 0.21646158412339656
1822 0.21646158412339656
1823 0.20497627812960878
1824 0.20497627812960878
1825 0.201106967449119
1826 0.201106967449119
1827 0.19844520107227767
1828 0.19844520107227767
1829 0.2155059034599627
1830 0.2155059034599627
1831 0.19938408494091917
1832 0.19938408494091917
1833 0.23217591432976897
1834 0.23217591432976897
1835 0.19649426108330761
1836 0.19649426108330761
1837 0.20945598260927462
1838 0.20945598260927462
1839 0.18316305312872708
1840 0.18316305312872708
1841 0.2023171917274748
1842 0.2023171917274748
1843 0.18419485048088574
1844 0.18419485048088574
1845 0.2354623953747304
1846 0.2354623953747304
1847 0.21934670439234885
1848 0.21934670439234885
1849 0.24723933503255602
1850 0.24723933503255602
1851 0.1884503349273108
1852 0.1884503349273108
1853 0.25187940357919586
1854 0.25187940357919586
1855 0.2040608170117365
1856 0.2040608170117365
1857 0.20823621214452784
1858 0.20823621214452784
1859 0.2199545804699875
1860 0.2199545804699875
1861 0.19491918456548374
1862 0.19491918456548374
1863 0.21338099765943172
1864 0.21338099765943172
1865 0.20734104371464626
1866 0.20734104371464626
1867 0.20029967213722982
1868 0.20029967213722982
1869 0.21881102312738654
1870 0.21881102312738654
1871 0.236710007921341
1872 0.236710007921341
1873 0.20904358909088364
1874 0.20904358909088364
1875 0.2028148632319778
1876 0.2028148632319778
1877 0.1889646197632537
1878 0.1889646197632537
1879 0.2240188100332437
1880 0.2240188100332437
1881 0.17622852179391546
1882 0.17622852179391546
1883 0.1931695492957743
1884 0.1931695492957743
1885 0.19041688197888856
1886 0.19041688197888856
1887 0.22973433467680152
1888 0.22973433467680152
1889 0.18948814553229015
1890 0.18948814553229015
1891 0.1800263937185642
1892 0.1800263937185642
1893 0.1801649244987465
1894 0.1801649244987465
1895 0.19394884386556543
1896 0.19394884386556543
1897 0.20369058178140945
1898 0.20369058178140945
1899 0.2375759761749204
1900 0.2375759761749204
1901 0.20713231453127487
1902 0.20713231453127487
1903 0.190356690667573
1904 0.190356690667573
1905 0.23392824439169024
1906 0.23392824439169024
1907 0.18047053247627742
1908 0.18047053247627742
1909 0.19102587606351643
1910 0.19102587606351643
1911 0.20694257386793713
1912 0.20694257386793713
1913 0.18144696793554457
1914 0.18144696793554457
1915 0.19526564086349565
1916 0.19526564086349565
1917 0.19228709273675623
1918 0.19228709273675623
1919 0.22116899766022696
1920 0.22116899766022696
1921 0.1742876190851573
1922 0.1742876190851573
1923 0.20160558654342142
1924 0.20160558654342142
1925 0.18991811561777544
1926 0.18991811561777544
1927 0.21307328040591583
1928 0.21307328040591583
1929 0.21982754293998402
1930 0.21982754293998402
1931 0.16648123740946644
1932 0.16648123740946644
1933 0.18115009143834002
1934 0.18115009143834002
1935 0.1921978750168815
1936 0.1921978750168815
1937 0.22749233121421464
1938 0.22749233121421464
1939 0.2273152600452748
1940 0.2273152600452748
1941 0.21316547280950393
1942 0.21316547280950393
1943 0.20978524519295758
1944 0.20978524519295758
1945 0.1938204585298777
1946 0.1938204585298777
1947 0.19101309803577615
1948 0.19101309803577615
1949 0.20148412908064506
1950 0.20148412908064506
1951 0.22490964618839113
1952 0.22490964618839113
1953 0.20737956589899206
1954 0.20737956589899206
1955 0.20323877799473186
1956 0.20323877799473186
1957 0.1908266352597973
1958 0.1908266352597973
1959 0.1759504204718466
1960 0.1759504204718466
1961 0.19628227011220972
1962 0.19628227011220972
1963 0.23206979422900736
1964 0.23206979422900736
1965 0.17163306901916525
1966 0.17163306901916525
1967 0.2314331171311262
1968 0.2314331171311262
1969 0.1985434864514458
1970 0.1985434864514458
1971 0.20890360895127325
1972 0.20890360895127325
1973 0.2097926417480762
1974 0.2097926417480762
1975 0.2162784105283478
1976 0.2162784105283478
1977 0.22453427704840123
1978 0.22453427704840123
1979 0.22359281811696216
1980 0.22359281811696216
1981 0.18918502866008985
1982 0.18918502866008985
1983 0.21057372808705083
1984 0.21057372808705083
1985 0.1571490262389845
1986 0.1571490262389845
1987 0.20683731349480122
1988 0.20683731349480122
1989 0.2164182444698439
1990 0.2164182444698439
1991 0.18259942415481645
1992 0.18259942415481645
1993 3.99559781627545
1994 3.99559781627545
1995 3.17439463855227
1996 3.17439463855227
1997 3.1804769091514156
1998 1.7047355504491957
1999 1.7047355504491957
