0 4.091124757996345
1 4.091124757996345
2 4.091124757996345
3 4.091124757996345
4 4.091124757996345
5 4.024764687377411
6 2.0290912836857613
7 2.0290912836857613
8 2.0290912836857613
9 2.0290912836857613
10 2.0290912836857613
11 1.5476004844398594
12 1.5476004844398594
13 1.5476004844398594
14 1.5476004844398594
15 1.5476004844398594
16 2.1552123214384125
17 2.1552123214384125
18 2.1552123214384125
19 2.1552123214384125
20 2.1552123214384125
21 1.2153943311996818
22 1.2153943311996818
23 1.2153943311996818
24 1.2153943311996818
25 1.2153943311996818
26 2.2499581624397083
27 2.2499581624397083
28 2.2499581624397083
29 2.2499581624397083
30 2.2499581624397083
31 1.3827358573307609
32 1.3827358573307609
33 1.3827358573307609
34 1.3827358573307609
35 1.3827358573307609
36 2.5647052562468673
37 2.5647052562468673
38 2.5647052562468673
39 2.5647052562468673
40 2.5647052562468673
41 1.6207662656471542
42 1.6207662656471542
43 1.6207662656471542
44 1.6207662656471542
45 1.6207662656471542
46 1.3636690056588905
47 1.3636690056588905
48 1.3636690056588905
49 1.3636690056588905
50 1.3636690056588905
51 1.8880465673045577
52 1.8880465673045577
53 1.8880465673045577
54 1.8880465673045577
55 1.8880465673045577
56 2.0508675165785735
57 2.0508675165785735
58 2.0508675165785735
59 2.0508675165785735
60 2.0508675165785735
61 1.6138935267238868
62 1.6138935267238868
63 1.6138935267238868
64 1.6138935267238868
65 1.6138935267238868
66 2.161715587770554
67 2.161715587770554
68 2.161715587770554
69 2.161715587770554
70 2.161715587770554
71 2.2370187420980443
72 2.2370187420980443
73 2.2370187420980443
74 2.2370187420980443
75 2.2370187420980443
76 2.0625039177767257
77 2.0625039177767257
78 2.0625039177767257
79 2.0625039177767257
80 2.0625039177767257
81 1.8361767201619774
82 1.8361767201619774
83 1.8361767201619774
84 1.8361767201619774
85 1.8361767201619774
86 0.7404569956204103
87 0.7404569956204103
88 0.7404569956204103
89 0.7404569956204103
90 0.7404569956204103
91 1.163804743039961
92 1.163804743039961
93 1.163804743039961
94 1.163804743039961
95 1.163804743039961
96 0.9713528591416483
97 0.9713528591416483
98 0.9713528591416483
99 0.9713528591416483
100 0.9713528591416483
101 2.2516720424854118
102 2.2516720424854118
103 2.2516720424854118
104 2.2516720424854118
105 2.2516720424854118
106 1.0303017712097393
107 1.0303017712097393
108 1.0303017712097393
109 1.0303017712097393
110 1.0303017712097393
111 1.4010683284377017
112 1.4010683284377017
113 1.4010683284377017
114 1.4010683284377017
115 1.4010683284377017
116 2.285415079478885
117 2.285415079478885
118 2.285415079478885
119 2.285415079478885
120 0.6671174909923173
121 0.6671174909923173
122 0.6671174909923173
123 0.6671174909923173
124 0.6671174909923173
125 0.5290877712801556
126 0.5290877712801556
127 0.5290877712801556
128 0.5290877712801556
129 0.5290877712801556
130 0.636637491398206
131 0.636637491398206
132 0.636637491398206
133 0.636637491398206
134 0.636637491398206
135 0.5455175288903681
136 0.5455175288903681
137 0.5455175288903681
138 0.5455175288903681
139 0.5455175288903681
140 0.6803071970738068
141 0.6803071970738068
142 0.6803071970738068
143 0.6803071970738068
144 0.6803071970738068
145 0.6089843601624982
146 0.6089843601624982
147 0.6089843601624982
148 0.6089843601624982
149 0.6089843601624982
150 0.6568079747733647
151 0.6568079747733647
152 0.6568079747733647
153 0.6568079747733647
154 0.6568079747733647
155 0.592877386943183
156 0.592877386943183
157 0.592877386943183
158 0.592877386943183
159 0.592877386943183
160 0.5842435947776445
161 0.5842435947776445
162 0.5842435947776445
163 0.5842435947776445
164 0.5842435947776445
165 0.7742181580800348
166 0.7742181580800348
167 0.7742181580800348
168 0.7742181580800348
169 0.7742181580800348
170 0.5516491241771091
171 0.5516491241771091
172 0.5516491241771091
173 0.5516491241771091
174 0.5516491241771091
175 1.683626007324053
176 1.683626007324053
177 1.683626007324053
178 1.683626007324053
179 1.683626007324053
180 1.1385044346685034
181 1.1385044346685034
182 1.1385044346685034
183 1.1385044346685034
184 1.1385044346685034
185 1.7362942049510603
186 1.7362942049510603
187 1.7362942049510603
188 1.7362942049510603
189 1.7362942049510603
190 1.5395248696482111
191 1.5395248696482111
192 1.5395248696482111
193 1.5395248696482111
194 1.5395248696482111
195 1.565730292742843
196 1.565730292742843
197 1.565730292742843
198 1.565730292742843
199 1.565730292742843
200 1.336893860832168
201 1.336893860832168
202 1.336893860832168
203 1.336893860832168
204 1.336893860832168
205 1.7344620689605714
206 1.7344620689605714
207 1.7344620689605714
208 1.7344620689605714
209 1.7344620689605714
210 1.0953097701943417
211 1.0953097701943417
212 1.0953097701943417
213 1.0953097701943417
214 1.0953097701943417
215 1.1337235062694595
216 1.1337235062694595
217 1.1337235062694595
218 1.1337235062694595
219 1.1337235062694595
220 1.4727673988172223
221 1.4727673988172223
222 1.4727673988172223
223 1.4727673988172223
224 1.4727673988172223
225 1.4657486860960809
226 1.4657486860960809
227 1.4657486860960809
228 1.4657486860960809
229 1.4657486860960809
230 1.392478688779174
231 1.392478688779174
232 1.392478688779174
233 1.392478688779174
234 1.392478688779174
235 2.083402890822466
236 2.083402890822466
237 2.083402890822466
238 2.083402890822466
239 2.083402890822466
240 1.7463223489537762
241 1.7463223489537762
242 1.7463223489537762
243 1.7463223489537762
244 1.7463223489537762
245 1.3640829378228057
246 1.3640829378228057
247 1.3640829378228057
248 1.3640829378228057
249 1.3640829378228057
250 1.8176479152589964
251 1.8176479152589964
252 1.8176479152589964
253 1.8176479152589964
254 1.8176479152589964
255 1.6956168056293472
256 1.6956168056293472
257 1.6956168056293472
258 1.6956168056293472
259 1.6956168056293472
260 2.3741553328643734
261 2.3741553328643734
262 2.3741553328643734
263 2.3741553328643734
264 2.3741553328643734
265 1.7409368664395048
266 1.7409368664395048
267 1.7409368664395048
268 1.7409368664395048
269 1.7409368664395048
270 2.016752008340072
271 2.016752008340072
272 2.016752008340072
273 2.016752008340072
274 2.016752008340072
275 1.3822305396959689
276 1.3822305396959689
277 1.3822305396959689
278 1.3822305396959689
279 1.3822305396959689
280 1.9888043180509187
281 1.9888043180509187
282 1.9888043180509187
283 1.9888043180509187
284 1.9888043180509187
285 1.6756132994993869
286 1.6756132994993869
287 1.6756132994993869
288 1.6756132994993869
289 1.6756132994993869
290 2.1379921068999046
291 2.1379921068999046
292 2.1379921068999046
293 2.1379921068999046
294 2.1379921068999046
295 1.2815979185006292
296 1.2815979185006292
297 1.2815979185006292
298 1.2815979185006292
299 1.2815979185006292
300 1.16334774127094
301 1.16334774127094
302 1.16334774127094
303 1.16334774127094
304 1.16334774127094
305 0.992621376077579
306 0.992621376077579
307 0.992621376077579
308 0.992621376077579
309 0.992621376077579
310 2.2830013707102133
311 2.2830013707102133
312 2.2830013707102133
313 2.2830013707102133
314 2.2830013707102133
315 1.9931170266630027
316 1.9931170266630027
317 1.9931170266630027
318 1.9931170266630027
319 1.9931170266630027
320 1.817090910223817
321 1.817090910223817
322 1.817090910223817
323 1.817090910223817
324 1.817090910223817
325 1.7239393491485573
326 1.7239393491485573
327 1.7239393491485573
328 1.7239393491485573
329 1.7239393491485573
330 1.9953366044784433
331 1.9953366044784433
332 1.9953366044784433
333 1.9953366044784433
334 1.9953366044784433
335 1.9224545541881113
336 1.9224545541881113
337 1.9224545541881113
338 1.9224545541881113
339 1.9224545541881113
340 1.3662817843420454
341 1.3662817843420454
342 1.3662817843420454
343 1.3662817843420454
344 1.3662817843420454
345 1.753727293677205
346 1.753727293677205
347 1.753727293677205
348 1.753727293677205
349 1.753727293677205
350 0.9187298316824692
351 0.9187298316824692
352 0.9187298316824692
353 0.9187298316824692
354 0.9187298316824692
355 1.7221942833750599
356 1.7221942833750599
357 1.7221942833750599
358 1.7221942833750599
359 1.7221942833750599
360 1.4961099120733738
361 1.4961099120733738
362 1.4961099120733738
363 1.4961099120733738
364 1.4961099120733738
365 1.6278681298420494
366 1.6278681298420494
367 1.6278681298420494
368 1.6278681298420494
369 1.6278681298420494
370 1.6242086581753221
371 1.6242086581753221
372 1.6242086581753221
373 1.6242086581753221
374 1.6242086581753221
375 1.0461254244521885
376 1.0461254244521885
377 1.0461254244521885
378 1.0461254244521885
379 1.0461254244521885
380 1.6602131467676897
381 1.6602131467676897
382 1.6602131467676897
383 1.6602131467676897
384 1.6602131467676897
385 1.6976421612682977
386 1.6976421612682977
387 1.6976421612682977
388 1.6976421612682977
389 1.6976421612682977
390 1.2142991485708772
391 1.2142991485708772
392 1.2142991485708772
393 1.2142991485708772
394 1.2142991485708772
395 1.5005232758739988
396 1.5005232758739988
397 1.5005232758739988
398 1.5005232758739988
399 1.5005232758739988
400 1.2768039985794877
401 1.2768039985794877
402 1.2768039985794877
403 1.2768039985794877
404 1.2768039985794877
405 1.202234579756394
406 1.202234579756394
407 1.202234579756394
408 1.202234579756394
409 1.202234579756394
410 1.5591611753915453
411 1.5591611753915453
412 1.5591611753915453
413 1.5591611753915453
414 1.5591611753915453
415 1.9804493217598589
416 1.9804493217598589
417 1.9804493217598589
418 1.9804493217598589
419 1.9804493217598589
420 1.7151381416515201
421 1.7151381416515201
422 1.7151381416515201
423 1.7151381416515201
424 1.7151381416515201
425 1.8614372158371442
426 1.8614372158371442
427 1.8614372158371442
428 1.8614372158371442
429 1.8614372158371442
430 0.853799188294658
431 0.853799188294658
432 0.853799188294658
433 0.853799188294658
434 0.853799188294658
435 1.651773566260022
436 1.651773566260022
437 1.651773566260022
438 1.651773566260022
439 1.651773566260022
440 1.7617594823459561
441 1.7617594823459561
442 1.7617594823459561
443 1.7617594823459561
444 1.7617594823459561
445 1.6281993094956932
446 1.6281993094956932
447 1.6281993094956932
448 1.6281993094956932
449 1.6281993094956932
450 1.891980446547176
451 1.891980446547176
452 1.891980446547176
453 1.891980446547176
454 1.891980446547176
455 1.0451328391444819
456 1.0451328391444819
457 1.0451328391444819
458 1.0451328391444819
459 1.0451328391444819
460 2.2224847504980367
461 2.2224847504980367
462 2.2224847504980367
463 2.2224847504980367
464 2.2224847504980367
465 1.5264191566868077
466 1.5264191566868077
467 1.5264191566868077
468 1.5264191566868077
469 1.5264191566868077
470 1.386292529725722
471 1.386292529725722
472 1.386292529725722
473 1.386292529725722
474 1.386292529725722
475 1.1440525186118566
476 1.1440525186118566
477 1.1440525186118566
478 1.1440525186118566
479 1.1440525186118566
480 2.842855704501775
481 2.842855704501775
482 2.842855704501775
483 2.842855704501775
484 2.842855704501775
485 1.3757561855580716
486 1.3757561855580716
487 1.3757561855580716
488 1.3757561855580716
489 1.3757561855580716
490 2.4300465050738653
491 2.4300465050738653
492 2.4300465050738653
493 2.4300465050738653
494 2.4300465050738653
495 1.3725190773757947
496 1.3725190773757947
497 1.3725190773757947
498 1.3725190773757947
499 1.3725190773757947
500 1.7284953273992922
501 1.7284953273992922
502 1.7284953273992922
503 1.7284953273992922
504 1.7284953273992922
505 0.9650249913897544
506 0.9650249913897544
507 0.9650249913897544
508 0.9650249913897544
509 0.9650249913897544
510 0.9059619129240761
511 0.9059619129240761
512 0.9059619129240761
513 0.9059619129240761
514 0.9059619129240761
515 1.6518234387638655
516 1.6518234387638655
517 1.6518234387638655
518 1.6518234387638655
519 1.6518234387638655
520 1.7964182329249714
521 1.7964182329249714
522 1.7964182329249714
523 1.7964182329249714
524 1.7964182329249714
525 2.5778712185217425
526 2.5778712185217425
527 2.5778712185217425
528 2.5778712185217425
529 2.5778712185217425
530 3.1234534949653687
531 3.1234534949653687
532 3.1234534949653687
533 3.1234534949653687
534 3.1234534949653687
535 2.8666615262228525
536 2.8666615262228525
537 2.8666615262228525
538 2.8666615262228525
539 2.8666615262228525
540 3.749610076299451
541 3.749610076299451
542 3.749610076299451
543 3.749610076299451
544 3.749610076299451
545 2.9128036523325784
546 2.9128036523325784
547 2.9128036523325784
548 2.9128036523325784
549 2.9128036523325784
550 3.767789991645037
551 2.854838553846182
552 2.854838553846182
553 2.854838553846182
554 2.854838553846182
555 2.854838553846182
556 3.639876657943615
557 3.639876657943615
558 3.639876657943615
559 3.639876657943615
560 3.639876657943615
561 4.686426731497356
562 4.686426731497356
563 4.686426731497356
564 4.686426731497356
565 4.686426731497356
566 3.562154556260774
567 3.562154556260774
568 3.562154556260774
569 3.562154556260774
570 3.562154556260774
571 4.138095338781297
572 4.138095338781297
573 4.138095338781297
574 4.138095338781297
575 4.138095338781297
576 3.8993681094177743
577 3.8993681094177743
578 3.8993681094177743
579 3.8993681094177743
580 3.8993681094177743
581 4.036123681747282
582 4.036123681747282
583 4.036123681747282
584 4.036123681747282
585 4.036123681747282
586 3.028470854707025
587 3.028470854707025
588 3.028470854707025
589 3.028470854707025
590 3.028470854707025
591 3.98718179786042
592 3.98718179786042
593 3.98718179786042
594 3.98718179786042
595 3.98718179786042
596 3.674013686169569
597 3.674013686169569
598 4.035313794229182
599 4.035313794229182
600 4.035313794229182
601 4.035313794229182
602 4.035313794229182
603 5.756339369480232
604 5.756339369480232
605 5.756339369480232
606 5.756339369480232
607 5.756339369480232
608 4.70539045145612
609 4.70539045145612
610 4.70539045145612
611 4.70539045145612
612 1.3442133896773476
613 1.3442133896773476
614 1.3442133896773476
615 1.3442133896773476
616 1.3442133896773476
617 4.7154829202040105
618 4.7154829202040105
619 0.7072058865249444
620 0.7072058865249444
621 0.7072058865249444
622 0.7072058865249444
623 0.7072058865249444
624 0.9280275490902896
625 0.9280275490902896
626 0.9280275490902896
627 0.9280275490902896
628 0.9280275490902896
629 0.6784503815257233
630 0.6784503815257233
631 0.6784503815257233
632 0.6784503815257233
633 0.6784503815257233
634 0.7755966989976676
635 0.7755966989976676
636 0.7755966989976676
637 0.7755966989976676
638 0.7755966989976676
639 0.5065685218726619
640 0.5065685218726619
641 0.5065685218726619
642 0.5065685218726619
643 0.5065685218726619
644 0.4084969116219866
645 0.4084969116219866
646 0.4084969116219866
647 0.4084969116219866
648 0.4084969116219866
649 0.5620370135806496
650 0.5620370135806496
651 0.5620370135806496
652 0.5620370135806496
653 0.5620370135806496
654 0.7054546935353417
655 0.7054546935353417
656 0.7054546935353417
657 0.7054546935353417
658 0.7054546935353417
659 0.9853408617281441
660 0.9853408617281441
661 0.9853408617281441
662 0.9853408617281441
663 0.9853408617281441
664 0.4277867945816979
665 0.4277867945816979
666 0.4277867945816979
667 0.4277867945816979
668 0.4277867945816979
669 0.7360142917945255
670 0.7360142917945255
671 0.7360142917945255
672 0.7360142917945255
673 0.7360142917945255
674 0.2311107049824847
675 0.2311107049824847
676 0.2311107049824847
677 0.2311107049824847
678 0.2311107049824847
679 0.15130879112444595
680 0.15130879112444595
681 0.15130879112444595
682 0.15130879112444595
683 0.15130879112444595
684 0.10520501253901506
685 0.10520501253901506
686 0.10520501253901506
687 0.10520501253901506
688 0.8614883909493427
689 0.8614883909493427
690 0.8614883909493427
691 0.8614883909493427
692 0.8614883909493427
693 0.8167808112934776
694 0.8167808112934776
695 0.8167808112934776
696 0.8167808112934776
697 0.8167808112934776
698 1.4032194593203842
699 1.4032194593203842
700 1.4032194593203842
701 1.4032194593203842
702 1.4032194593203842
703 1.3750685061299772
704 1.3750685061299772
705 1.3750685061299772
706 1.3750685061299772
707 1.3750685061299772
708 0.7843765650786887
709 0.7843765650786887
710 0.7843765650786887
711 0.7843765650786887
712 0.7843765650786887
713 1.0735978350910589
714 1.0735978350910589
715 1.0735978350910589
716 1.0735978350910589
717 1.0735978350910589
718 1.1616281518723997
719 1.1616281518723997
720 1.1616281518723997
721 1.1616281518723997
722 1.1616281518723997
723 1.278645534132179
724 1.278645534132179
725 1.278645534132179
726 1.278645534132179
727 1.278645534132179
728 1.0681764551680615
729 1.0681764551680615
730 1.0681764551680615
731 1.0681764551680615
732 1.0681764551680615
733 0.8808307547738335
734 0.8808307547738335
735 0.8808307547738335
736 0.8808307547738335
737 0.8808307547738335
738 0.8932313498225684
739 0.8932313498225684
740 0.8932313498225684
741 0.8932313498225684
742 0.8932313498225684
743 0.8314670636728956
744 0.8314670636728956
745 0.8314670636728956
746 0.8314670636728956
747 0.8314670636728956
748 1.126190325747948
749 1.126190325747948
750 1.126190325747948
751 1.126190325747948
752 1.126190325747948
753 1.0139731713199616
754 1.0139731713199616
755 1.0139731713199616
756 1.0139731713199616
757 1.0139731713199616
758 1.0504180920868857
759 1.0504180920868857
760 1.0504180920868857
761 1.0504180920868857
762 1.0504180920868857
763 0.8756767393877056
764 1.718211154784845
765 1.718211154784845
766 1.718211154784845
767 1.718211154784845
768 1.718211154784845
769 4.3684518068825176
770 4.3684518068825176
771 4.3684518068825176
772 4.3684518068825176
773 4.3684518068825176
774 3.2001502419836134
775 3.2001502419836134
776 3.2001502419836134
777 3.2001502419836134
778 3.2001502419836134
779 5.163605788244933
780 5.163605788244933
781 5.163605788244933
782 5.163605788244933
783 5.163605788244933
784 3.9904961931625795
785 3.9904961931625795
786 3.9904961931625795
787 3.9904961931625795
788 3.9904961931625795
789 2.802827109466475
790 2.802827109466475
791 2.802827109466475
792 2.802827109466475
793 2.802827109466475
794 4.280850430299809
795 4.280850430299809
796 4.280850430299809
797 2.143028151888309
798 2.143028151888309
799 2.143028151888309
800 2.143028151888309
801 2.143028151888309
802 2.361545286836435
803 2.361545286836435
804 2.361545286836435
805 2.361545286836435
806 2.361545286836435
807 1.9693955947757626
808 1.9693955947757626
809 1.9693955947757626
810 1.9693955947757626
811 1.9693955947757626
812 1.7151777330871396
813 1.7151777330871396
814 1.7151777330871396
815 1.7151777330871396
816 1.7151777330871396
817 2.1114150520552815
818 2.1114150520552815
819 2.1114150520552815
820 2.1114150520552815
821 2.1114150520552815
822 1.2261156055294475
823 1.2261156055294475
824 1.2261156055294475
825 1.2261156055294475
826 1.2261156055294475
827 1.7057454094828435
828 1.7057454094828435
829 1.7057454094828435
830 1.7057454094828435
831 1.7057454094828435
832 2.3019505415937744
833 2.3019505415937744
834 2.3019505415937744
835 2.3019505415937744
836 2.3019505415937744
837 2.049368610968042
838 2.049368610968042
839 2.049368610968042
840 2.049368610968042
841 2.049368610968042
842 2.2042787579666356
843 2.2042787579666356
844 2.2042787579666356
845 2.2042787579666356
846 2.2042787579666356
847 2.2054727250606483
848 2.2054727250606483
849 2.2054727250606483
850 2.2054727250606483
851 2.2054727250606483
852 0.9551296821434709
853 0.9551296821434709
854 0.9551296821434709
855 0.9551296821434709
856 0.9551296821434709
857 2.26332157709341
858 2.26332157709341
859 2.26332157709341
860 2.26332157709341
861 2.26332157709341
862 2.1242203104279755
863 2.1242203104279755
864 2.1242203104279755
865 2.1242203104279755
866 2.1242203104279755
867 1.5606623770591463
868 1.5606623770591463
869 1.5606623770591463
870 1.5606623770591463
871 1.5606623770591463
872 2.152342839760635
873 2.152342839760635
874 2.152342839760635
875 2.152342839760635
876 2.152342839760635
877 1.9798660302376836
878 1.9798660302376836
879 1.9798660302376836
880 1.4414412447314595
881 1.4414412447314595
882 1.4414412447314595
883 1.4414412447314595
884 1.4414412447314595
885 0.3913750125536397
886 0.3913750125536397
887 0.3913750125536397
888 0.3913750125536397
889 0.3913750125536397
890 1.3560119914719464
891 1.3560119914719464
892 1.3560119914719464
893 1.3560119914719464
894 1.3560119914719464
895 1.8711833871856567
896 1.8711833871856567
897 1.8711833871856567
898 1.8711833871856567
899 1.8711833871856567
900 0.9114352106258274
901 0.9114352106258274
902 0.9114352106258274
903 0.9114352106258274
904 0.9114352106258274
905 1.577705083237714
906 1.577705083237714
907 1.577705083237714
908 1.577705083237714
909 1.577705083237714
910 1.407600845267817
911 1.407600845267817
912 1.407600845267817
913 1.407600845267817
914 1.407600845267817
915 1.3003993635313855
916 1.3003993635313855
917 1.3003993635313855
918 1.3003993635313855
919 1.3003993635313855
920 2.000914934947678
921 2.000914934947678
922 2.000914934947678
923 2.000914934947678
924 2.000914934947678
925 1.0298910950590907
926 2.1869245504578037
927 2.1869245504578037
928 2.1869245504578037
929 2.1869245504578037
930 2.1869245504578037
931 4.995829805299095
932 4.995829805299095
933 4.995829805299095
934 4.995829805299095
935 4.995829805299095
936 4.809589893641678
937 4.809589893641678
938 4.809589893641678
939 4.809589893641678
940 4.809589893641678
941 4.460922810503762
942 4.460922810503762
943 4.460922810503762
944 4.460922810503762
945 4.460922810503762
946 4.126851488007904
947 4.126851488007904
948 4.126851488007904
949 4.126851488007904
950 4.126851488007904
951 5.363264994934829
952 5.363264994934829
953 5.363264994934829
954 5.363264994934829
955 5.363264994934829
956 4.11529415481898
957 4.11529415481898
958 4.11529415481898
959 4.11529415481898
960 4.11529415481898
961 3.5383779991613316
962 3.5383779991613316
963 3.5383779991613316
964 3.5383779991613316
965 3.5383779991613316
966 6.758506724816453
967 6.758506724816453
968 6.758506724816453
969 6.758506724816453
970 6.758506724816453
971 3.962918005689852
972 3.962918005689852
973 3.962918005689852
974 3.962918005689852
975 3.962918005689852
976 4.136653351532349
977 4.136653351532349
978 4.136653351532349
979 4.136653351532349
980 4.136653351532349
981 3.63532824936392
982 3.63532824936392
983 3.63532824936392
984 3.63532824936392
985 3.63532824936392
986 5.731490693513925
987 5.731490693513925
988 5.731490693513925
989 5.731490693513925
990 5.731490693513925
991 4.620004647013861
992 4.620004647013861
993 4.620004647013861
994 4.620004647013861
995 4.620004647013861
996 5.152397572320303
997 5.152397572320303
998 5.152397572320303
999 5.152397572320303
1000 5.152397572320303
1001 5.3464103275681
1002 5.3464103275681
1003 5.3464103275681
1004 5.3464103275681
1005 5.3464103275681
1006 4.134982559870297
1007 4.134982559870297
1008 4.134982559870297
1009 4.134982559870297
1010 4.134982559870297
1011 4.523320543838127
1012 4.523320543838127
1013 4.523320543838127
1014 4.523320543838127
1015 4.523320543838127
1016 2.0564592650377884
1017 2.0564592650377884
1018 2.0564592650377884
1019 2.0564592650377884
1020 2.0564592650377884
1021 5.701328230769487
1022 5.701328230769487
1023 5.701328230769487
1024 5.701328230769487
1025 5.701328230769487
1026 3.2349711141602002
1027 3.2349711141602002
1028 3.2349711141602002
1029 3.2349711141602002
1030 3.2349711141602002
1031 2.107553393308749
1032 2.107553393308749
1033 2.107553393308749
1034 2.107553393308749
1035 2.107553393308749
1036 5.855258337177054
1037 5.855258337177054
1038 5.855258337177054
1039 5.855258337177054
1040 5.855258337177054
1041 3.7816472476312155
1042 3.7816472476312155
1043 3.7816472476312155
1044 1.8999900131091223
1045 1.8999900131091223
1046 1.8999900131091223
1047 1.8999900131091223
1048 1.8999900131091223
1049 2.5926970149208617
1050 2.5926970149208617
1051 2.5926970149208617
1052 2.5926970149208617
1053 2.5926970149208617
1054 2.0589094284273366
1055 2.0589094284273366
1056 2.0589094284273366
1057 2.0589094284273366
1058 2.0589094284273366
1059 1.1352665343823367
1060 1.1352665343823367
1061 1.1352665343823367
1062 1.1352665343823367
1063 1.1352665343823367
1064 3.403210407090212
1065 3.403210407090212
1066 3.403210407090212
1067 3.403210407090212
1068 3.403210407090212
1069 2.411290503932301
1070 2.411290503932301
1071 2.411290503932301
1072 2.411290503932301
1073 2.411290503932301
1074 1.1643661413336712
1075 1.1643661413336712
1076 1.1643661413336712
1077 1.1643661413336712
1078 1.1643661413336712
1079 2.2589077942051285
1080 2.2589077942051285
1081 2.2589077942051285
1082 2.2589077942051285
1083 2.2589077942051285
1084 2.1463286996412103
1085 2.1463286996412103
1086 2.1463286996412103
1087 2.1463286996412103
1088 2.1463286996412103
1089 1.8573774539047068
1090 1.8573774539047068
1091 1.8573774539047068
1092 1.8573774539047068
1093 1.8573774539047068
1094 2.6618983089252306
1095 2.6618983089252306
1096 2.6618983089252306
1097 2.6618983089252306
1098 2.6618983089252306
1099 1.9509653911166842
1100 1.9509653911166842
1101 1.9509653911166842
1102 1.9509653911166842
1103 1.9509653911166842
1104 2.0097344167573454
1105 2.0097344167573454
1106 2.0097344167573454
1107 2.0097344167573454
1108 2.0097344167573454
1109 2.873289445218232
1110 2.873289445218232
1111 2.873289445218232
1112 2.873289445218232
1113 2.873289445218232
1114 1.9000300844528815
1115 1.9000300844528815
1116 1.9000300844528815
1117 1.9000300844528815
1118 1.9000300844528815
1119 1.7200617303910015
1120 1.7200617303910015
1121 1.7200617303910015
1122 1.7200617303910015
1123 1.7200617303910015
1124 2.049120568152878
1125 2.049120568152878
1126 2.049120568152878
1127 2.049120568152878
1128 2.049120568152878
1129 2.4816509296171643
1130 2.4816509296171643
1131 2.4816509296171643
1132 2.4816509296171643
1133 2.4816509296171643
1134 1.5568965062940023
1135 1.5568965062940023
1136 1.5568965062940023
1137 1.5568965062940023
1138 1.5568965062940023
1139 1.048641680751843
1140 1.048641680751843
1141 1.048641680751843
1142 1.048641680751843
1143 1.048641680751843
1144 2.3899154402139757
1145 2.3899154402139757
1146 2.3899154402139757
1147 2.3899154402139757
1148 2.3899154402139757
1149 1.7247859191453343
1150 1.7247859191453343
1151 1.7247859191453343
1152 3.110212788331371
1153 3.110212788331371
1154 3.110212788331371
1155 3.110212788331371
1156 3.110212788331371
1157 2.877095231488471
1158 2.877095231488471
1159 2.877095231488471
1160 2.877095231488471
1161 2.877095231488471
1162 2.818524006193174
1163 2.818524006193174
1164 2.818524006193174
1165 2.818524006193174
1166 2.818524006193174
1167 3.9351360730008036
1168 3.9351360730008036
1169 3.9351360730008036
1170 3.9351360730008036
1171 3.9351360730008036
1172 3.421648003762673
1173 3.421648003762673
1174 3.421648003762673
1175 3.421648003762673
1176 3.421648003762673
1177 2.5193118481199686
1178 2.5193118481199686
1179 2.5193118481199686
1180 2.5193118481199686
1181 2.5193118481199686
1182 4.051692971519066
1183 4.051692971519066
1184 4.051692971519066
1185 4.051692971519066
1186 4.051692971519066
1187 3.6891762924974723
1188 3.6891762924974723
1189 3.6891762924974723
1190 3.6891762924974723
1191 3.6891762924974723
1192 1.5803899557889995
1193 1.5803899557889995
1194 1.5803899557889995
1195 1.5803899557889995
1196 1.5803899557889995
1197 4.606501616171762
1198 4.606501616171762
1199 4.606501616171762
1200 4.606501616171762
1201 4.606501616171762
1202 4.051885110248582
1203 4.051885110248582
1204 4.051885110248582
1205 4.051885110248582
1206 4.051885110248582
1207 2.277388595656329
1208 2.277388595656329
1209 2.277388595656329
1210 2.277388595656329
1211 2.277388595656329
1212 4.132384335509351
1213 4.132384335509351
1214 4.132384335509351
1215 4.132384335509351
1216 4.132384335509351
1217 3.1791339988429246
1218 3.1791339988429246
1219 3.1791339988429246
1220 3.1791339988429246
1221 3.1791339988429246
1222 4.8986607206942185
1223 4.8986607206942185
1224 4.8986607206942185
1225 4.8986607206942185
1226 4.8986607206942185
1227 3.0495627684478666
1228 3.0495627684478666
1229 3.0495627684478666
1230 3.0495627684478666
1231 3.0495627684478666
1232 3.5448479655876457
1233 3.5448479655876457
1234 3.5448479655876457
1235 3.5448479655876457
1236 3.5448479655876457
1237 2.164302225945989
1238 2.164302225945989
1239 2.164302225945989
1240 2.164302225945989
1241 2.164302225945989
1242 3.494163332127227
1243 3.494163332127227
1244 3.494163332127227
1245 3.494163332127227
1246 3.494163332127227
1247 3.7987418260551005
1248 3.7987418260551005
1249 3.7987418260551005
1250 3.7987418260551005
1251 3.7987418260551005
1252 3.1775850723059196
1253 3.1775850723059196
1254 3.1775850723059196
1255 3.1775850723059196
1256 3.1775850723059196
1257 1.2394797373794377
1258 1.2394797373794377
1259 1.2394797373794377
1260 1.2394797373794377
1261 1.2394797373794377
1262 3.1801401429737632
1263 3.1801401429737632
1264 3.1801401429737632
1265 3.1801401429737632
1266 3.1801401429737632
1267 4.086444823624512
1268 4.086444823624512
1269 4.086444823624512
1270 4.086444823624512
1271 4.086444823624512
1272 2.90275061858139
1273 2.90275061858139
1274 2.90275061858139
1275 2.90275061858139
1276 2.90275061858139
1277 2.3521428209272104
1278 2.3521428209272104
1279 2.3521428209272104
1280 2.3521428209272104
1281 2.3521428209272104
1282 4.5860450192183055
1283 4.5860450192183055
1284 4.5860450192183055
1285 4.5860450192183055
1286 4.5860450192183055
1287 2.696062963900696
1288 2.696062963900696
1289 2.696062963900696
1290 2.696062963900696
1291 2.696062963900696
1292 4.380472443372103
1293 4.380472443372103
1294 4.380472443372103
1295 4.380472443372103
1296 4.380472443372103
1297 2.35452781164814
1298 3.46150611905548
1299 3.46150611905548
1300 3.46150611905548
1301 3.46150611905548
1302 3.46150611905548
1303 5.821819793275678
1304 5.821819793275678
1305 5.821819793275678
1306 5.821819793275678
1307 5.821819793275678
1308 3.2392740681268504
1309 3.2392740681268504
1310 3.2392740681268504
1311 3.2392740681268504
1312 3.2392740681268504
1313 4.171111296029532
1314 4.171111296029532
1315 4.171111296029532
1316 4.171111296029532
1317 4.171111296029532
1318 3.6871035972790938
1319 3.6871035972790938
1320 3.6871035972790938
1321 3.6871035972790938
1322 3.6871035972790938
1323 3.4873400224861095
1324 3.4873400224861095
1325 3.4873400224861095
1326 3.4873400224861095
1327 3.4873400224861095
1328 2.272542656247767
1329 2.272542656247767
1330 2.272542656247767
1331 2.272542656247767
1332 2.272542656247767
1333 4.353358576428751
1334 4.353358576428751
1335 4.353358576428751
1336 4.353358576428751
1337 4.353358576428751
1338 4.787658982621494
1339 4.787658982621494
1340 4.787658982621494
1341 4.787658982621494
1342 4.787658982621494
1343 3.125213915083716
1344 3.125213915083716
1345 3.125213915083716
1346 3.125213915083716
1347 3.125213915083716
1348 4.182390258449816
1349 4.182390258449816
1350 4.182390258449816
1351 4.182390258449816
1352 4.182390258449816
1353 3.8223138665946172
1354 3.8223138665946172
1355 3.8223138665946172
1356 3.8223138665946172
1357 3.8223138665946172
1358 4.144192423162909
1359 4.144192423162909
1360 4.144192423162909
1361 4.144192423162909
1362 4.144192423162909
1363 3.4543560636857293
1364 3.4543560636857293
1365 3.4543560636857293
1366 1.688971107134564
1367 1.688971107134564
1368 1.688971107134564
1369 1.688971107134564
1370 1.688971107134564
1371 0.8679572129220282
1372 0.8679572129220282
1373 0.8679572129220282
1374 0.8679572129220282
1375 0.8679572129220282
1376 0.3343480934414915
1377 0.3343480934414915
1378 0.3343480934414915
1379 0.3343480934414915
1380 0.3343480934414915
1381 1.0492934641544622
1382 1.0492934641544622
1383 1.0492934641544622
1384 1.0492934641544622
1385 1.0492934641544622
1386 0.7421207132912215
1387 0.7421207132912215
1388 0.7421207132912215
1389 0.7421207132912215
1390 0.7421207132912215
1391 0.9380398152821412
1392 0.9380398152821412
1393 0.9380398152821412
1394 0.9380398152821412
1395 0.9380398152821412
1396 1.7111081712563387
1397 1.7111081712563387
1398 1.7111081712563387
1399 3.168213357152315
1400 3.168213357152315
1401 3.168213357152315
1402 3.168213357152315
1403 3.168213357152315
1404 2.4661192377805468
1405 2.4661192377805468
1406 2.4661192377805468
1407 2.4661192377805468
1408 2.4661192377805468
1409 2.3189277624323665
1410 2.3189277624323665
1411 2.3189277624323665
1412 2.3189277624323665
1413 2.3189277624323665
1414 3.3492566669495254
1415 3.3492566669495254
1416 3.3492566669495254
1417 3.3492566669495254
1418 3.3492566669495254
1419 2.5829393807309695
1420 2.5829393807309695
1421 2.5829393807309695
1422 2.5829393807309695
1423 2.5829393807309695
1424 1.5846770548986349
1425 1.5846770548986349
1426 1.5846770548986349
1427 1.5846770548986349
1428 1.5846770548986349
1429 3.4548787123119222
1430 3.4548787123119222
1431 3.4548787123119222
1432 3.4548787123119222
1433 3.4548787123119222
1434 1.9347996571549415
1435 1.9347996571549415
1436 1.9347996571549415
1437 1.9347996571549415
1438 0.46511019868329484
1439 0.46511019868329484
1440 0.46511019868329484
1441 0.46511019868329484
1442 0.46511019868329484
1443 0.4299364711486455
1444 0.4299364711486455
1445 0.4299364711486455
1446 0.4299364711486455
1447 0.4299364711486455
1448 0.7182825084919784
1449 0.7182825084919784
1450 0.7182825084919784
1451 0.7182825084919784
1452 0.7182825084919784
1453 0.4131696666623872
1454 0.4131696666623872
1455 1.8624718545645165
1456 1.8624718545645165
1457 1.8624718545645165
1458 1.8624718545645165
1459 1.8624718545645165
1460 1.8325041316811985
1461 1.8325041316811985
1462 1.8325041316811985
1463 1.8325041316811985
1464 1.8325041316811985
1465 1.6278937732532743
1466 1.6278937732532743
1467 1.6278937732532743
1468 1.6278937732532743
1469 1.6278937732532743
1470 1.5313254266968457
1471 1.5313254266968457
1472 1.5313254266968457
1473 1.5313254266968457
1474 1.5313254266968457
1475 1.6088267437856274
1476 1.6088267437856274
1477 1.6088267437856274
1478 1.6088267437856274
1479 1.6088267437856274
1480 1.0120954208228743
1481 1.0120954208228743
1482 1.0120954208228743
1483 1.0120954208228743
1484 1.0120954208228743
1485 1.3747216882950026
1486 1.3747216882950026
1487 1.3747216882950026
1488 1.3747216882950026
1489 1.3747216882950026
1490 1.6449103731662296
1491 1.6449103731662296
1492 1.6449103731662296
1493 1.6449103731662296
1494 1.6449103731662296
1495 1.7446713106465395
1496 1.7446713106465395
1497 1.7446713106465395
1498 1.7446713106465395
1499 3.1762915135256753
1500 3.1762915135256753
1501 3.1762915135256753
1502 3.1762915135256753
1503 3.1762915135256753
1504 4.163151475252282
1505 4.163151475252282
1506 4.163151475252282
1507 4.163151475252282
1508 4.163151475252282
1509 2.8474198717111032
1510 2.8474198717111032
1511 2.8474198717111032
1512 2.8474198717111032
1513 2.8474198717111032
1514 4.916025207445245
1515 4.916025207445245
1516 4.916025207445245
1517 4.916025207445245
1518 4.916025207445245
1519 4.819167288127778
1520 4.819167288127778
1521 4.819167288127778
1522 4.819167288127778
1523 4.819167288127778
1524 4.191444722388799
1525 4.191444722388799
1526 4.191444722388799
1527 4.191444722388799
1528 4.191444722388799
1529 4.373793525958917
1530 4.373793525958917
1531 4.373793525958917
1532 4.373793525958917
1533 4.373793525958917
1534 6.198237396730004
1535 0.512105937842298
1536 0.512105937842298
1537 0.512105937842298
1538 0.512105937842298
1539 0.512105937842298
1540 0.7667627931265937
1541 0.7667627931265937
1542 0.7667627931265937
1543 0.7667627931265937
1544 0.7667627931265937
1545 0.5717078147249981
1546 0.5717078147249981
1547 0.5717078147249981
1548 0.5717078147249981
1549 0.5717078147249981
1550 0.6592471316538467
1551 0.6592471316538467
1552 0.6592471316538467
1553 0.6592471316538467
1554 0.6592471316538467
1555 0.4996571107169503
1556 0.4996571107169503
1557 2.7639443683259888
1558 2.7639443683259888
1559 2.7639443683259888
1560 2.7639443683259888
1561 2.7639443683259888
1562 1.9579988666088433
1563 1.9579988666088433
1564 1.9579988666088433
1565 1.9579988666088433
1566 1.9579988666088433
1567 1.8012629044644053
1568 1.8012629044644053
1569 1.8012629044644053
1570 1.8012629044644053
1571 1.8012629044644053
1572 1.8863352905148738
1573 1.8863352905148738
1574 1.8863352905148738
1575 1.8863352905148738
1576 1.8863352905148738
1577 0.9965642300453372
1578 0.9965642300453372
1579 0.9965642300453372
1580 0.9965642300453372
1581 0.9965642300453372
1582 2.30760305473755
1583 2.30760305473755
1584 2.30760305473755
1585 2.30760305473755
1586 2.30760305473755
1587 1.1562671547820753
1588 1.1562671547820753
1589 1.1562671547820753
1590 1.1562671547820753
1591 1.1562671547820753
1592 1.4037948951887853
1593 1.4037948951887853
1594 1.4037948951887853
1595 1.4037948951887853
1596 1.4037948951887853
1597 2.8582611399010664
1598 2.8582611399010664
1599 2.8582611399010664
1600 2.8582611399010664
1601 2.8582611399010664
1602 2.5358226635685885
1603 2.5358226635685885
1604 2.5358226635685885
1605 2.5358226635685885
1606 2.5358226635685885
1607 2.8168599258466855
1608 2.8168599258466855
1609 2.8168599258466855
1610 2.8168599258466855
1611 2.8168599258466855
1612 2.293819727991786
1613 2.293819727991786
1614 2.293819727991786
1615 0.5387789862719016
1616 0.5387789862719016
1617 0.5387789862719016
1618 0.5387789862719016
1619 0.5387789862719016
1620 0.4761730895795737
1621 0.4761730895795737
1622 0.4761730895795737
1623 0.4761730895795737
1624 0.4761730895795737
1625 0.6546028925144451
1626 0.6546028925144451
1627 0.6546028925144451
1628 0.6546028925144451
1629 0.6546028925144451
1630 0.6621926727767599
1631 0.6621926727767599
1632 0.6621926727767599
1633 0.6621926727767599
1634 0.6621926727767599
1635 0.7718032010870349
1636 0.7718032010870349
1637 0.7718032010870349
1638 0.7718032010870349
1639 0.7718032010870349
1640 0.5579871284042596
1641 0.5579871284042596
1642 0.5579871284042596
1643 0.5579871284042596
1644 0.5579871284042596
1645 0.4556662387066953
1646 0.4556662387066953
1647 0.4556662387066953
1648 0.4556662387066953
1649 0.4556662387066953
1650 0.732266286556443
1651 0.732266286556443
1652 0.732266286556443
1653 0.732266286556443
1654 0.732266286556443
1655 0.7334255080338531
1656 0.7334255080338531
1657 0.7334255080338531
1658 0.7334255080338531
1659 0.7334255080338531
1660 0.3716350201614433
1661 0.3716350201614433
1662 0.3716350201614433
1663 0.3716350201614433
1664 0.3716350201614433
1665 0.9047519668501695
1666 0.9047519668501695
1667 0.9047519668501695
1668 0.9047519668501695
1669 0.9047519668501695
1670 0.3656571051585338
1671 0.3656571051585338
1672 0.3656571051585338
1673 0.3656571051585338
1674 0.3656571051585338
1675 0.5334837498666326
1676 0.5334837498666326
1677 0.5334837498666326
1678 0.5334837498666326
1679 0.5334837498666326
1680 0.8237272852707642
1681 0.8237272852707642
1682 0.8237272852707642
1683 0.8237272852707642
1684 0.8237272852707642
1685 0.6367646010333194
1686 0.6367646010333194
1687 0.6367646010333194
1688 0.6367646010333194
1689 0.6367646010333194
1690 0.8561825534098826
1691 0.8561825534098826
1692 0.8561825534098826
1693 0.8561825534098826
1694 0.8561825534098826
1695 0.7044919818433134
1696 0.7044919818433134
1697 0.7044919818433134
1698 0.7044919818433134
1699 0.7044919818433134
1700 0.395121530856614
1701 0.395121530856614
1702 0.395121530856614
1703 0.395121530856614
1704 0.395121530856614
1705 0.8714854370918736
1706 0.8714854370918736
1707 0.8714854370918736
1708 0.8714854370918736
1709 0.8714854370918736
1710 0.7517106204200434
1711 0.7517106204200434
1712 0.7517106204200434
1713 0.7517106204200434
1714 0.7517106204200434
1715 0.3003764142240286
1716 0.3003764142240286
1717 0.3003764142240286
1718 0.3003764142240286
1719 0.3003764142240286
1720 0.7672069773311514
1721 0.7672069773311514
1722 0.7672069773311514
1723 0.7672069773311514
1724 0.7672069773311514
1725 0.46813214035325884
1726 0.46813214035325884
1727 0.46813214035325884
1728 0.46813214035325884
1729 0.46813214035325884
1730 0.6737109046128738
1731 0.6737109046128738
1732 0.6737109046128738
1733 0.6737109046128738
1734 0.6737109046128738
1735 0.5650876038294629
1736 0.5650876038294629
1737 0.5650876038294629
1738 0.5650876038294629
1739 0.5650876038294629
1740 0.7296273420287311
1741 0.7296273420287311
1742 0.7296273420287311
1743 0.7296273420287311
1744 0.7296273420287311
1745 0.7099021509553074
1746 0.7099021509553074
1747 0.7099021509553074
1748 0.7099021509553074
1749 0.7099021509553074
1750 0.77766834128802
1751 0.77766834128802
1752 0.77766834128802
1753 0.77766834128802
1754 0.77766834128802
1755 0.8814768784097747
1756 0.8814768784097747
1757 0.8814768784097747
1758 0.8814768784097747
1759 0.8814768784097747
1760 0.42595274840777414
1761 0.42595274840777414
1762 0.42595274840777414
1763 0.42595274840777414
1764 0.42595274840777414
1765 0.4785316913843315
1766 0.4785316913843315
1767 1.159753170283672
1768 1.159753170283672
1769 1.159753170283672
1770 1.159753170283672
1771 1.159753170283672
1772 2.9472318079334485
1773 2.9472318079334485
1774 2.9472318079334485
1775 2.9472318079334485
1776 2.9472318079334485
1777 3.62538580904116
1778 3.62538580904116
1779 3.62538580904116
1780 3.62538580904116
1781 3.62538580904116
1782 3.655139225589019
1783 3.655139225589019
1784 3.655139225589019
1785 3.655139225589019
1786 3.655139225589019
1787 3.511055119554774
1788 3.511055119554774
1789 3.511055119554774
1790 3.511055119554774
1791 3.511055119554774
1792 3.7388491124993886
1793 3.7388491124993886
1794 3.7388491124993886
1795 3.7388491124993886
1796 3.7388491124993886
1797 2.843850368919632
1798 2.843850368919632
1799 2.843850368919632
1800 2.843850368919632
1801 2.843850368919632
1802 3.0979056606677027
1803 3.0979056606677027
1804 3.0979056606677027
1805 3.0979056606677027
1806 3.0979056606677027
1807 5.419689893272555
1808 5.419689893272555
1809 5.419689893272555
1810 5.419689893272555
1811 5.419689893272555
1812 2.208858785836081
1813 2.208858785836081
1814 2.208858785836081
1815 2.208858785836081
1816 2.208858785836081
1817 2.7068637345618543
1818 2.7068637345618543
1819 2.7068637345618543
1820 2.7068637345618543
1821 2.7068637345618543
1822 4.137995036870849
1823 4.137995036870849
1824 4.137995036870849
1825 4.137995036870849
1826 4.137995036870849
1827 3.9199965519026074
1828 3.9199965519026074
1829 3.9199965519026074
1830 3.9199965519026074
1831 3.9199965519026074
1832 3.9640003669772503
1833 3.9640003669772503
1834 3.9640003669772503
1835 3.9640003669772503
1836 3.9640003669772503
1837 3.4623928158124775
1838 0.4909275893909893
1839 0.4909275893909893
1840 0.4909275893909893
1841 0.4909275893909893
1842 0.4909275893909893
1843 0.545003427582906
1844 0.545003427582906
1845 0.545003427582906
1846 0.545003427582906
1847 0.545003427582906
1848 0.5606061932307784
1849 0.5606061932307784
1850 0.5606061932307784
1851 0.5606061932307784
1852 0.5606061932307784
1853 0.7274441443274065
1854 0.7274441443274065
1855 0.7274441443274065
1856 0.7274441443274065
1857 0.7274441443274065
1858 0.4190080900283587
1859 0.4190080900283587
1860 0.4190080900283587
1861 0.4190080900283587
1862 0.4190080900283587
1863 0.5647736588360036
1864 0.5647736588360036
1865 0.5647736588360036
1866 3.2436182662872275
1867 3.2436182662872275
1868 3.2436182662872275
1869 3.2436182662872275
1870 3.2436182662872275
1871 4.038638273178708
1872 4.038638273178708
1873 4.038638273178708
1874 1.0165279474449358
1875 1.0165279474449358
1876 1.0165279474449358
1877 1.0165279474449358
1878 1.0165279474449358
1879 1.0500126959577512
1880 1.0500126959577512
1881 1.0500126959577512
1882 1.0500126959577512
1883 1.0500126959577512
1884 0.88137584934041
1885 0.88137584934041
1886 0.88137584934041
1887 0.88137584934041
1888 0.88137584934041
1889 1.26042212975001
1890 1.26042212975001
1891 1.26042212975001
1892 1.26042212975001
1893 1.26042212975001
1894 0.8216770088377233
1895 0.8216770088377233
1896 0.8216770088377233
1897 0.8216770088377233
1898 0.8216770088377233
1899 1.1076369378533693
1900 1.1076369378533693
1901 1.1076369378533693
1902 1.1076369378533693
1903 1.1076369378533693
1904 1.223524587829946
1905 1.223524587829946
1906 1.223524587829946
1907 1.223524587829946
1908 1.223524587829946
1909 0.9945820739044313
1910 0.9945820739044313
1911 0.9945820739044313
1912 0.9945820739044313
1913 0.9945820739044313
1914 1.216281623123637
1915 1.216281623123637
1916 1.216281623123637
1917 1.216281623123637
1918 1.216281623123637
1919 0.8245224136254676
1920 0.8245224136254676
1921 0.8245224136254676
1922 0.8245224136254676
1923 0.8245224136254676
1924 1.2975448482768928
1925 1.2975448482768928
1926 1.2975448482768928
1927 1.2975448482768928
1928 1.2975448482768928
1929 1.3654486063203874
1930 1.3654486063203874
1931 1.3654486063203874
1932 1.3654486063203874
1933 1.3654486063203874
1934 0.8887742403387668
1935 0.8887742403387668
1936 3.392554982020309
1937 3.392554982020309
1938 3.392554982020309
1939 3.392554982020309
1940 3.392554982020309
1941 3.1872977375046747
1942 3.1872977375046747
1943 3.1872977375046747
1944 3.1872977375046747
1945 3.1872977375046747
1946 3.7714058034524447
1947 3.7714058034524447
1948 3.7714058034524447
1949 3.7714058034524447
1950 3.7714058034524447
1951 3.3655796383101886
1952 3.3655796383101886
1953 3.3655796383101886
1954 3.3655796383101886
1955 3.3655796383101886
1956 5.086021424141419
1957 5.086021424141419
1958 5.086021424141419
1959 5.086021424141419
1960 5.086021424141419
1961 3.4915307504383857
1962 3.4915307504383857
1963 3.4915307504383857
1964 3.4915307504383857
1965 3.4915307504383857
1966 2.991329555595878
1967 2.991329555595878
1968 2.991329555595878
1969 2.991329555595878
1970 2.991329555595878
1971 3.5578030319570533
1972 3.5578030319570533
1973 3.5578030319570533
1974 3.5578030319570533
1975 3.5578030319570533
1976 2.6510591663223977
1977 2.6510591663223977
1978 2.6510591663223977
1979 2.6510591663223977
1980 2.6510591663223977
1981 1.2831292297927193
1982 1.2831292297927193
1983 1.2831292297927193
1984 1.2831292297927193
1985 1.2831292297927193
1986 3.703170449388606
1987 3.703170449388606
1988 3.703170449388606
1989 3.703170449388606
1990 3.703170449388606
1991 2.2152143051734816
1992 2.2152143051734816
1993 2.2152143051734816
1994 2.2152143051734816
1995 2.2152143051734816
1996 3.475880795036272
1997 3.475880795036272
1998 3.475880795036272
1999 3.475880795036272
