0 2.7597370349491523
1 2.7597370349491523
2 2.7597370349491523
3 2.7597370349491523
4 2.7597370349491523
5 2.343074528970545
6 2.343074528970545
7 2.343074528970545
8 2.343074528970545
9 2.343074528970545
10 2.987750067773948
11 2.987750067773948
12 2.987750067773948
13 2.987750067773948
14 2.987750067773948
15 1.986679483298578
16 1.986679483298578
17 1.986679483298578
18 1.986679483298578
19 1.986679483298578
20 3.6317783879338315
21 3.6317783879338315
22 3.6317783879338315
23 3.6317783879338315
24 3.6317783879338315
25 3.0130568140192024
26 3.0130568140192024
27 3.0130568140192024
28 3.0130568140192024
29 3.0130568140192024
30 3.5024450559744915
31 3.5024450559744915
32 3.5024450559744915
33 3.5024450559744915
34 3.5024450559744915
35 3.135614359469799
36 3.135614359469799
37 3.135614359469799
38 3.135614359469799
39 3.135614359469799
40 3.289995741979938
41 3.289995741979938
42 3.289995741979938
43 3.289995741979938
44 3.289995741979938
45 3.6168668298965208
46 3.6168668298965208
47 3.6168668298965208
48 3.6168668298965208
49 3.6168668298965208
50 3.4734335413779194
51 3.4734335413779194
52 3.4734335413779194
53 3.4734335413779194
54 3.4734335413779194
55 3.3965608763457866
56 3.3965608763457866
57 3.3965608763457866
58 3.3965608763457866
59 3.3965608763457866
60 2.7734005851544157
61 2.7734005851544157
62 2.7734005851544157
63 2.7734005851544157
64 2.7734005851544157
65 3.1890926954524343
66 3.1890926954524343
67 3.1890926954524343
68 3.1890926954524343
69 3.1890926954524343
70 3.6275535929771783
71 3.6275535929771783
72 3.6275535929771783
73 3.6275535929771783
74 3.6275535929771783
75 4.26405742027487
76 4.26405742027487
77 4.26405742027487
78 4.26405742027487
79 4.26405742027487
80 1.9090586977373598
81 1.9090586977373598
82 1.9090586977373598
83 1.9090586977373598
84 1.9090586977373598
85 3.792014665337158
86 3.792014665337158
87 3.792014665337158
88 3.792014665337158
89 3.792014665337158
90 2.290571365752087
91 0.5138307130263721
92 0.5138307130263721
93 0.5138307130263721
94 0.5138307130263721
95 0.5138307130263721
96 0.49689889790598785
97 0.49689889790598785
98 0.49689889790598785
99 0.49689889790598785
100 0.49689889790598785
101 0.8567937120840763
102 0.8567937120840763
103 0.8567937120840763
104 0.8567937120840763
105 0.8567937120840763
106 1.0339562177765633
107 1.0339562177765633
108 1.0339562177765633
109 1.0339562177765633
110 1.0339562177765633
111 0.6550966155652271
112 0.6550966155652271
113 0.6550966155652271
114 0.6550966155652271
115 0.6550966155652271
116 1.5762288192011156
117 1.5762288192011156
118 1.5762288192011156
119 1.5762288192011156
120 1.5762288192011156
121 1.4509616616099326
122 1.4509616616099326
123 1.4509616616099326
124 1.4509616616099326
125 1.4509616616099326
126 0.9228320746845251
127 0.9228320746845251
128 0.9228320746845251
129 0.9228320746845251
130 0.9228320746845251
131 1.3998715041310525
132 1.3998715041310525
133 1.3998715041310525
134 1.3998715041310525
135 1.3998715041310525
136 1.6911072924099293
137 1.6911072924099293
138 1.6911072924099293
139 1.6911072924099293
140 1.6911072924099293
141 1.3916333307121085
142 1.3916333307121085
143 1.3916333307121085
144 1.3916333307121085
145 1.3916333307121085
146 1.4850174822527382
147 1.4850174822527382
148 1.4850174822527382
149 1.4850174822527382
150 1.4850174822527382
151 1.1379333054620233
152 1.1379333054620233
153 1.1379333054620233
154 1.1379333054620233
155 1.1379333054620233
156 1.2417475236559765
157 1.2417475236559765
158 1.2417475236559765
159 1.2417475236559765
160 1.2417475236559765
161 1.433035123320178
162 1.433035123320178
163 1.433035123320178
164 1.433035123320178
165 1.433035123320178
166 1.3405107974277175
167 1.3405107974277175
168 1.3405107974277175
169 1.3405107974277175
170 1.3405107974277175
171 1.1900722697933954
172 1.1900722697933954
173 1.1900722697933954
174 1.1900722697933954
175 1.1900722697933954
176 1.0103713232821807
177 1.0103713232821807
178 1.0103713232821807
179 1.0103713232821807
180 1.0103713232821807
181 0.854889136037438
182 0.854889136037438
183 0.854889136037438
184 0.854889136037438
185 0.854889136037438
186 0.44892005592440243
187 0.44892005592440243
188 0.44892005592440243
189 0.44892005592440243
190 0.44892005592440243
191 1.1321753110667891
192 1.1321753110667891
193 2.7922332829260164
194 1.7495073573663464
195 1.7495073573663464
196 1.7495073573663464
197 1.7495073573663464
198 1.7495073573663464
199 1.5617023841172943
200 1.5617023841172943
201 1.5617023841172943
202 1.5617023841172943
203 1.5617023841172943
204 1.576482803597937
205 1.576482803597937
206 1.576482803597937
207 1.576482803597937
208 1.576482803597937
209 1.6744084755205617
210 1.6744084755205617
211 1.6744084755205617
212 1.6744084755205617
213 1.6744084755205617
214 1.3006618657093516
215 1.3006618657093516
216 1.3006618657093516
217 1.3006618657093516
218 1.3006618657093516
219 1.4510685016573635
220 1.4510685016573635
221 1.4510685016573635
222 1.4510685016573635
223 1.4510685016573635
224 1.3674146828379232
225 1.3674146828379232
226 1.3674146828379232
227 1.3674146828379232
228 1.3674146828379232
229 2.380749921425263
230 2.380749921425263
231 2.380749921425263
232 2.380749921425263
233 2.380749921425263
234 1.5474060726665955
235 1.5474060726665955
236 1.5474060726665955
237 1.5474060726665955
238 1.5474060726665955
239 2.1731369963333487
240 2.1731369963333487
241 2.1731369963333487
242 2.1731369963333487
243 2.1731369963333487
244 1.8755299468237159
245 1.8755299468237159
246 1.8755299468237159
247 1.8755299468237159
248 1.8755299468237159
249 1.6620433654914906
250 1.6620433654914906
251 1.6620433654914906
252 1.6620433654914906
253 1.6620433654914906
254 0.965799821224981
255 0.965799821224981
256 0.965799821224981
257 0.965799821224981
258 0.965799821224981
259 0.800880722814379
260 0.800880722814379
261 0.800880722814379
262 0.5522012201230329
263 0.5522012201230329
264 0.5522012201230329
265 0.5522012201230329
266 0.5522012201230329
267 0.8336559515383924
268 0.8336559515383924
269 0.8336559515383924
270 0.8336559515383924
271 0.8336559515383924
272 0.6228172116330946
273 0.6228172116330946
274 0.6228172116330946
275 0.6228172116330946
276 0.6228172116330946
277 0.7047851941404052
278 0.7047851941404052
279 0.7047851941404052
280 0.7047851941404052
281 0.7047851941404052
282 0.5766668331322458
283 0.5766668331322458
284 0.5766668331322458
285 0.5766668331322458
286 0.5766668331322458
287 0.4511432578142163
288 0.4511432578142163
289 0.4511432578142163
290 0.4511432578142163
291 0.4511432578142163
292 0.8186791553793268
293 0.8186791553793268
294 0.8186791553793268
295 0.8186791553793268
296 0.8186791553793268
297 0.49195438626280225
298 0.49195438626280225
299 0.49195438626280225
300 0.49195438626280225
301 0.49195438626280225
302 0.7846969871163232
303 0.7846969871163232
304 0.7846969871163232
305 0.7846969871163232
306 0.7846969871163232
307 0.6044600016017923
308 0.6044600016017923
309 0.6044600016017923
310 0.6044600016017923
311 0.6044600016017923
312 0.6176836710580323
313 0.6176836710580323
314 0.6176836710580323
315 0.6176836710580323
316 0.6176836710580323
317 0.4993436988404435
318 0.4993436988404435
319 0.4993436988404435
320 0.4993436988404435
321 0.4993436988404435
322 0.897117679650917
323 0.897117679650917
324 0.897117679650917
325 0.897117679650917
326 0.897117679650917
327 0.780366491253508
328 0.780366491253508
329 0.780366491253508
330 0.780366491253508
331 0.780366491253508
332 0.8216414553635429
333 0.8216414553635429
334 0.8216414553635429
335 0.8216414553635429
336 0.8216414553635429
337 0.8461243331217533
338 0.8461243331217533
339 0.8461243331217533
340 0.8461243331217533
341 0.8461243331217533
342 0.7302002974420665
343 0.7302002974420665
344 0.7302002974420665
345 0.7302002974420665
346 0.7302002974420665
347 0.4710110139542106
348 0.4710110139542106
349 1.791303737231716
350 1.791303737231716
351 1.791303737231716
352 1.791303737231716
353 1.791303737231716
354 1.9332036317325467
355 1.9332036317325467
356 1.9332036317325467
357 1.9332036317325467
358 1.9332036317325467
359 0.5752489287290746
360 0.5752489287290746
361 0.5752489287290746
362 0.5752489287290746
363 0.5752489287290746
364 0.5878892947760957
365 0.5878892947760957
366 0.5878892947760957
367 0.5878892947760957
368 0.5878892947760957
369 1.4498526715910187
370 1.4498526715910187
371 1.4498526715910187
372 1.4498526715910187
373 1.4498526715910187
374 1.6870881839474654
375 1.6870881839474654
376 1.6870881839474654
377 1.6870881839474654
378 1.6870881839474654
379 2.2792949527692064
380 2.2792949527692064
381 2.2792949527692064
382 2.2792949527692064
383 2.2792949527692064
384 1.5094507364881093
385 1.5094507364881093
386 1.5094507364881093
387 1.5094507364881093
388 1.5094507364881093
389 2.198584032257238
390 2.198584032257238
391 2.198584032257238
392 2.198584032257238
393 2.198584032257238
394 1.3970024140173656
395 1.3970024140173656
396 1.3970024140173656
397 1.3970024140173656
398 1.3970024140173656
399 1.633937733831107
400 1.633937733831107
401 2.7711308831994828
402 2.7711308831994828
403 2.7711308831994828
404 2.7711308831994828
405 2.7711308831994828
406 4.05740477188179
407 4.05740477188179
408 4.05740477188179
409 4.05740477188179
410 4.05740477188179
411 4.0999474949898405
412 4.0999474949898405
413 4.0999474949898405
414 4.0999474949898405
415 4.0999474949898405
416 3.787051502472195
417 3.787051502472195
418 3.787051502472195
419 3.787051502472195
420 3.787051502472195
421 5.446928131897712
422 5.446928131897712
423 5.446928131897712
424 5.446928131897712
425 2.7642943826942297
426 2.7642943826942297
427 2.7642943826942297
428 2.7642943826942297
429 2.7642943826942297
430 2.245462768617643
431 2.245462768617643
432 2.245462768617643
433 2.245462768617643
434 2.245462768617643
435 1.5615739621225786
436 1.5615739621225786
437 1.5615739621225786
438 1.5615739621225786
439 1.5615739621225786
440 1.8516296744072447
441 1.8516296744072447
442 1.8516296744072447
443 1.8516296744072447
444 1.8516296744072447
445 1.7023577854291905
446 1.7023577854291905
447 1.7023577854291905
448 1.7023577854291905
449 1.7023577854291905
450 2.27399008605792
451 2.27399008605792
452 2.27399008605792
453 2.27399008605792
454 2.27399008605792
455 2.1951195257106466
456 2.1951195257106466
457 2.1951195257106466
458 2.1951195257106466
459 2.1951195257106466
460 2.5002447995727586
461 2.5002447995727586
462 2.5002447995727586
463 2.5002447995727586
464 2.5002447995727586
465 1.2937845918686008
466 1.2937845918686008
467 1.2937845918686008
468 1.2937845918686008
469 1.2937845918686008
470 2.310449484552705
471 2.310449484552705
472 2.310449484552705
473 2.310449484552705
474 2.310449484552705
475 1.8251419467088483
476 1.8251419467088483
477 1.8251419467088483
478 1.8251419467088483
479 1.8251419467088483
480 1.8203735628047475
481 1.8203735628047475
482 1.8203735628047475
483 1.8203735628047475
484 1.8203735628047475
485 1.675601619426836
486 1.675601619426836
487 1.675601619426836
488 1.675601619426836
489 1.675601619426836
490 2.107199739252757
491 2.107199739252757
492 4.001929347159215
493 4.001929347159215
494 1.6458980235479683
495 1.6458980235479683
496 1.6458980235479683
497 1.6458980235479683
498 1.6458980235479683
499 2.71454613819541
500 2.71454613819541
501 2.71454613819541
502 2.71454613819541
503 2.71454613819541
504 1.5092913361770475
505 1.5092913361770475
506 1.5092913361770475
507 1.5092913361770475
508 1.5092913361770475
509 1.9830134339124208
510 1.9830134339124208
511 1.9830134339124208
512 1.9830134339124208
513 1.9830134339124208
514 1.9214005632856073
515 1.9214005632856073
516 1.9214005632856073
517 1.9214005632856073
518 1.9214005632856073
519 1.1973047674644361
520 1.1973047674644361
521 1.1973047674644361
522 1.1973047674644361
523 1.1973047674644361
524 3.0699357784919967
525 3.0699357784919967
526 3.0699357784919967
527 3.0699357784919967
528 3.0699357784919967
529 1.147645914886683
530 1.147645914886683
531 1.147645914886683
532 1.147645914886683
533 1.147645914886683
534 2.043201421375221
535 2.043201421375221
536 2.043201421375221
537 2.043201421375221
538 2.043201421375221
539 2.000632472300226
540 2.000632472300226
541 2.000632472300226
542 2.000632472300226
543 2.000632472300226
544 2.581528361118275
545 2.581528361118275
546 2.581528361118275
547 2.581528361118275
548 2.581528361118275
549 1.777995161874605
550 1.777995161874605
551 1.777995161874605
552 1.777995161874605
553 1.777995161874605
554 2.680932004722417
555 2.680932004722417
556 2.680932004722417
557 2.680932004722417
558 2.680932004722417
559 2.472945709030835
560 2.472945709030835
561 2.472945709030835
562 2.472945709030835
563 2.472945709030835
564 3.2436034718185
565 3.2436034718185
566 3.2436034718185
567 3.2436034718185
568 3.2436034718185
569 2.491187099771685
570 2.491187099771685
571 2.491187099771685
572 2.491187099771685
573 2.491187099771685
574 2.8096556685186673
575 2.8096556685186673
576 2.8096556685186673
577 2.8096556685186673
578 2.8096556685186673
579 1.1215736712527034
580 1.1215736712527034
581 1.1215736712527034
582 1.1215736712527034
583 1.1215736712527034
584 2.2850151884728245
585 2.2850151884728245
586 2.2850151884728245
587 2.2850151884728245
588 2.2850151884728245
589 2.2412665542348083
590 2.2412665542348083
591 2.2412665542348083
592 2.2412665542348083
593 2.2412665542348083
594 1.251077232874234
595 1.251077232874234
596 1.251077232874234
597 1.251077232874234
598 1.251077232874234
599 2.2218253724980266
600 2.2218253724980266
601 2.2218253724980266
602 2.2218253724980266
603 2.2218253724980266
604 2.0645083795970747
605 2.0645083795970747
606 2.0645083795970747
607 2.0645083795970747
608 2.0645083795970747
609 1.7282252953379835
610 1.7282252953379835
611 1.7282252953379835
612 1.7282252953379835
613 1.7282252953379835
614 2.4923258486816704
615 2.4923258486816704
616 2.4923258486816704
617 2.4923258486816704
618 2.4923258486816704
619 2.1099767876604076
620 2.1099767876604076
621 2.1099767876604076
622 1.6231215610676712
623 1.6231215610676712
624 1.6231215610676712
625 1.6231215610676712
626 1.6231215610676712
627 0.45527048709809337
628 0.45527048709809337
629 0.45527048709809337
630 0.45527048709809337
631 0.45527048709809337
632 0.9535786175647539
633 0.9535786175647539
634 0.9535786175647539
635 0.9535786175647539
636 0.9535786175647539
637 0.71158371099697
638 0.71158371099697
639 0.71158371099697
640 0.71158371099697
641 0.71158371099697
642 1.6760164611156751
643 1.6760164611156751
644 1.6760164611156751
645 1.6760164611156751
646 1.6760164611156751
647 1.1312038016249226
648 1.1312038016249226
649 1.1312038016249226
650 1.1312038016249226
651 1.1312038016249226
652 0.8513485368182443
653 0.8513485368182443
654 0.8513485368182443
655 0.8513485368182443
656 0.8513485368182443
657 1.4306759199184327
658 1.4306759199184327
659 1.4306759199184327
660 1.4306759199184327
661 1.4306759199184327
662 1.2539955154345805
663 1.2539955154345805
664 0.8500793653265797
665 0.8500793653265797
666 0.8500793653265797
667 0.8500793653265797
668 0.8500793653265797
669 3.19534069003481
670 3.19534069003481
671 3.19534069003481
672 3.19534069003481
673 3.19534069003481
674 3.19475562196777
675 3.19475562196777
676 3.19475562196777
677 3.19475562196777
678 3.19475562196777
679 4.561764546611608
680 4.561764546611608
681 4.561764546611608
682 4.561764546611608
683 4.561764546611608
684 1.9527315206843876
685 1.9527315206843876
686 1.9527315206843876
687 1.9527315206843876
688 2.3049677933131525
689 2.3049677933131525
690 2.3049677933131525
691 2.3049677933131525
692 2.3049677933131525
693 3.9555340887091894
694 3.9555340887091894
695 3.9555340887091894
696 3.9555340887091894
697 3.9555340887091894
698 4.902068895591481
699 4.902068895591481
700 4.902068895591481
701 1.807944743355121
702 1.807944743355121
703 1.807944743355121
704 1.807944743355121
705 1.807944743355121
706 1.7386499159617703
707 1.7386499159617703
708 1.7386499159617703
709 1.7386499159617703
710 1.7386499159617703
711 2.304979180182963
712 2.304979180182963
713 2.304979180182963
714 2.304979180182963
715 2.304979180182963
716 1.5730059481003358
717 1.5730059481003358
718 1.5730059481003358
719 1.5730059481003358
720 1.5730059481003358
721 1.5803024805630237
722 1.5803024805630237
723 1.5803024805630237
724 1.5803024805630237
725 1.5803024805630237
726 1.177055291577786
727 1.177055291577786
728 1.177055291577786
729 1.177055291577786
730 1.177055291577786
731 1.9236225734121493
732 1.9236225734121493
733 1.9236225734121493
734 1.9236225734121493
735 1.9236225734121493
736 1.057290262064964
737 1.057290262064964
738 1.057290262064964
739 1.057290262064964
740 1.057290262064964
741 2.0435234854091586
742 2.0435234854091586
743 2.0435234854091586
744 2.0435234854091586
745 2.0435234854091586
746 1.7212802796888345
747 1.7212802796888345
748 1.7212802796888345
749 1.7212802796888345
750 1.7212802796888345
751 0.637767799754013
752 0.637767799754013
753 0.637767799754013
754 0.637767799754013
755 0.637767799754013
756 0.48414468490390905
757 0.48414468490390905
758 0.48414468490390905
759 0.48414468490390905
760 0.48414468490390905
761 3.662545572162581
762 3.662545572162581
763 3.662545572162581
764 3.662545572162581
765 3.662545572162581
766 4.234325355479569
767 4.234325355479569
768 4.234325355479569
769 4.234325355479569
770 4.234325355479569
771 2.8462824190507536
772 2.8462824190507536
773 2.8462824190507536
774 2.8462824190507536
775 2.8462824190507536
776 3.33352884573828
777 3.33352884573828
778 3.33352884573828
779 3.33352884573828
780 3.33352884573828
781 1.9869775301582835
782 1.9869775301582835
783 1.9869775301582835
784 1.9869775301582835
785 1.9869775301582835
786 2.815523907802019
787 2.815523907802019
788 2.815523907802019
789 2.815523907802019
790 2.815523907802019
791 2.8145033411969083
792 2.8145033411969083
793 2.8145033411969083
794 2.8145033411969083
795 1.351191845368131
796 1.351191845368131
797 1.351191845368131
798 1.351191845368131
799 1.351191845368131
800 1.266429244707771
801 1.266429244707771
802 1.266429244707771
803 1.266429244707771
804 1.266429244707771
805 1.4500426954211507
806 1.4500426954211507
807 1.4500426954211507
808 1.4500426954211507
809 1.4500426954211507
810 1.1590748822849934
811 1.1590748822849934
812 1.1590748822849934
813 1.1590748822849934
814 1.1590748822849934
815 1.670734119784147
816 1.670734119784147
817 1.670734119784147
818 1.670734119784147
819 1.670734119784147
820 0.9204224968439935
821 0.9204224968439935
822 0.9204224968439935
823 0.9204224968439935
824 0.9204224968439935
825 1.7573962800986562
826 1.7573962800986562
827 1.7573962800986562
828 1.7573962800986562
829 1.7573962800986562
830 1.190221522233688
831 1.190221522233688
832 1.190221522233688
833 1.190221522233688
834 1.190221522233688
835 0.6817587317140276
836 0.6817587317140276
837 0.6817587317140276
838 0.6817587317140276
839 0.6817587317140276
840 0.8798562178345297
841 0.8798562178345297
842 0.8798562178345297
843 0.8798562178345297
844 0.8798562178345297
845 1.1766768349042551
846 1.1766768349042551
847 2.4354613774369978
848 2.4354613774369978
849 2.4354613774369978
850 2.4354613774369978
851 2.4354613774369978
852 3.8451923134130737
853 3.8451923134130737
854 3.8451923134130737
855 3.8451923134130737
856 3.8451923134130737
857 1.9009278296498646
858 1.9009278296498646
859 1.9009278296498646
860 1.9009278296498646
861 1.9009278296498646
862 2.3538084050475074
863 2.3538084050475074
864 2.3538084050475074
865 2.3538084050475074
866 2.3538084050475074
867 3.7367522590734508
868 3.7367522590734508
869 3.7367522590734508
870 3.7367522590734508
871 3.7367522590734508
872 5.021175475545068
873 5.021175475545068
874 5.021175475545068
875 5.021175475545068
876 5.021175475545068
877 3.507388013797628
878 3.507388013797628
879 3.507388013797628
880 3.507388013797628
881 3.507388013797628
882 2.907272944739838
883 1.4491513095777413
884 1.4491513095777413
885 1.4491513095777413
886 1.4491513095777413
887 1.4491513095777413
888 0.8495157937224302
889 0.8495157937224302
890 0.8495157937224302
891 0.8495157937224302
892 0.8495157937224302
893 0.9779698937753594
894 0.9779698937753594
895 0.9779698937753594
896 0.9779698937753594
897 0.9779698937753594
898 0.9774008186256632
899 0.9774008186256632
900 0.9774008186256632
901 0.9774008186256632
902 0.9774008186256632
903 0.9059898526072263
904 0.9059898526072263
905 0.9059898526072263
906 0.9059898526072263
907 0.9059898526072263
908 1.157204682298623
909 1.157204682298623
910 1.157204682298623
911 1.157204682298623
912 1.157204682298623
913 1.4361420514471597
914 1.4361420514471597
915 1.4361420514471597
916 1.4361420514471597
917 1.4361420514471597
918 0.7699346921745371
919 0.7699346921745371
920 0.7699346921745371
921 0.7699346921745371
922 0.7699346921745371
923 1.020792415083562
924 1.020792415083562
925 1.020792415083562
926 1.020792415083562
927 1.020792415083562
928 1.1684427580941423
929 1.1684427580941423
930 1.1684427580941423
931 1.7736323948313726
932 1.7736323948313726
933 1.7736323948313726
934 1.7736323948313726
935 1.7736323948313726
936 2.481133616071914
937 2.481133616071914
938 2.481133616071914
939 2.481133616071914
940 2.481133616071914
941 1.793533564109835
942 1.793533564109835
943 1.793533564109835
944 1.793533564109835
945 1.793533564109835
946 1.9553050452804808
947 1.9553050452804808
948 1.9553050452804808
949 1.9553050452804808
950 1.9553050452804808
951 1.3892512905795074
952 1.3892512905795074
953 1.3892512905795074
954 1.3892512905795074
955 1.3892512905795074
956 1.0314376224647506
957 1.0314376224647506
958 1.0314376224647506
959 1.0314376224647506
960 1.0314376224647506
961 1.623651147657028
962 1.623651147657028
963 1.623651147657028
964 1.623651147657028
965 1.623651147657028
966 1.5064713467074786
967 1.5064713467074786
968 1.5064713467074786
969 1.5064713467074786
970 1.5064713467074786
971 1.581018822600751
972 1.581018822600751
973 1.581018822600751
974 1.132415982326496
975 1.132415982326496
976 1.132415982326496
977 1.132415982326496
978 1.132415982326496
979 1.5127354502555963
980 1.5127354502555963
981 1.5127354502555963
982 1.5127354502555963
983 1.5127354502555963
984 1.0108673386597984
985 1.0108673386597984
986 1.0108673386597984
987 1.0108673386597984
988 1.0108673386597984
989 1.1003643277121296
990 1.1003643277121296
991 1.1003643277121296
992 1.1003643277121296
993 1.1003643277121296
994 1.73039265875162
995 1.73039265875162
996 1.73039265875162
997 0.5042264598704129
998 0.5042264598704129
999 0.5042264598704129
1000 0.5042264598704129
1001 0.5042264598704129
1002 0.7229504601990983
1003 0.7229504601990983
1004 0.7229504601990983
1005 0.7229504601990983
1006 0.7229504601990983
1007 0.5179404668997613
1008 0.5179404668997613
1009 0.5179404668997613
1010 0.5179404668997613
1011 0.5179404668997613
1012 0.7573756345366522
1013 0.7573756345366522
1014 0.7573756345366522
1015 0.7573756345366522
1016 0.7573756345366522
1017 0.5983485217787642
1018 0.5983485217787642
1019 0.5983485217787642
1020 0.5983485217787642
1021 0.5983485217787642
1022 0.4570718253709727
1023 0.4570718253709727
1024 0.4570718253709727
1025 0.4570718253709727
1026 0.4570718253709727
1027 0.5753723593971175
1028 0.5753723593971175
1029 0.5753723593971175
1030 0.5753723593971175
1031 0.5753723593971175
1032 0.5347672946055765
1033 0.5347672946055765
1034 0.5347672946055765
1035 0.5347672946055765
1036 0.5347672946055765
1037 0.6654044565506364
1038 0.6654044565506364
1039 0.6654044565506364
1040 0.6654044565506364
1041 0.6654044565506364
1042 0.8154513164695498
1043 0.8154513164695498
1044 0.8154513164695498
1045 0.8154513164695498
1046 0.8154513164695498
1047 0.7334263340064954
1048 0.7334263340064954
1049 0.7334263340064954
1050 0.7334263340064954
1051 0.7334263340064954
1052 0.5393736953411399
1053 0.5393736953411399
1054 0.5393736953411399
1055 0.5393736953411399
1056 0.5393736953411399
1057 0.5762250830561344
1058 0.5762250830561344
1059 0.5762250830561344
1060 0.5762250830561344
1061 0.5762250830561344
1062 0.7268952685111348
1063 0.7268952685111348
1064 0.7268952685111348
1065 0.7268952685111348
1066 0.7268952685111348
1067 0.681892936171817
1068 0.681892936171817
1069 0.681892936171817
1070 0.681892936171817
1071 0.681892936171817
1072 0.6423863832169288
1073 0.6423863832169288
1074 0.6423863832169288
1075 0.6423863832169288
1076 0.6423863832169288
1077 1.0111482487552754
1078 1.0111482487552754
1079 1.0111482487552754
1080 1.0111482487552754
1081 1.0111482487552754
1082 0.514605743087828
1083 0.514605743087828
1084 0.514605743087828
1085 0.514605743087828
1086 0.514605743087828
1087 0.6578071725326984
1088 0.6578071725326984
1089 0.6578071725326984
1090 0.6578071725326984
1091 0.6578071725326984
1092 3.6875982104474128
1093 3.6875982104474128
1094 3.6875982104474128
1095 3.6875982104474128
1096 3.6875982104474128
1097 1.8110548925467134
1098 1.8110548925467134
1099 1.8110548925467134
1100 1.8110548925467134
1101 1.8110548925467134
1102 2.9806262921563453
1103 2.9806262921563453
1104 2.9806262921563453
1105 2.9806262921563453
1106 2.9806262921563453
1107 3.4422297686744416
1108 3.4422297686744416
1109 3.4422297686744416
1110 3.4422297686744416
1111 3.4422297686744416
1112 1.0580760342960893
1113 1.0580760342960893
1114 1.0580760342960893
1115 1.0580760342960893
1116 1.0580760342960893
1117 1.6722942873857622
1118 1.6722942873857622
1119 1.6722942873857622
1120 1.6722942873857622
1121 1.6722942873857622
1122 1.8988880802239418
1123 1.8988880802239418
1124 1.8988880802239418
1125 1.8988880802239418
1126 1.8988880802239418
1127 2.060613001873524
1128 2.060613001873524
1129 2.060613001873524
1130 2.060613001873524
1131 2.060613001873524
1132 2.240221747001752
1133 2.240221747001752
1134 2.240221747001752
1135 2.240221747001752
1136 2.240221747001752
1137 2.4262998595870084
1138 2.4262998595870084
1139 2.4262998595870084
1140 2.4262998595870084
1141 2.4262998595870084
1142 2.0090262609608933
1143 2.0090262609608933
1144 2.0090262609608933
1145 2.0090262609608933
1146 2.0090262609608933
1147 1.5835530357413161
1148 1.5835530357413161
1149 1.5835530357413161
1150 1.5835530357413161
1151 1.5835530357413161
1152 2.1070228948656813
1153 2.1070228948656813
1154 2.1070228948656813
1155 2.1070228948656813
1156 2.1070228948656813
1157 2.9941546139477597
1158 2.9941546139477597
1159 2.9941546139477597
1160 2.9941546139477597
1161 2.9941546139477597
1162 3.2301151090091533
1163 3.2301151090091533
1164 3.2301151090091533
1165 4.8219334890269385
1166 4.8219334890269385
1167 4.8219334890269385
1168 4.8219334890269385
1169 1.7932301646853086
1170 1.7932301646853086
1171 1.7932301646853086
1172 1.7932301646853086
1173 1.7932301646853086
1174 1.3535858968769512
1175 1.3535858968769512
1176 1.3535858968769512
1177 1.3535858968769512
1178 1.3535858968769512
1179 1.942381899958743
1180 1.942381899958743
1181 1.942381899958743
1182 1.942381899958743
1183 1.942381899958743
1184 2.0182635155632562
1185 2.0182635155632562
1186 2.0182635155632562
1187 2.0182635155632562
1188 2.0182635155632562
1189 1.753416099706278
1190 1.753416099706278
1191 1.753416099706278
1192 1.753416099706278
1193 1.753416099706278
1194 2.237789495864919
1195 2.237789495864919
1196 2.237789495864919
1197 2.237789495864919
1198 2.237789495864919
1199 2.418011462188363
1200 2.418011462188363
1201 2.418011462188363
1202 3.2160082804434436
1203 3.2160082804434436
1204 3.2160082804434436
1205 3.2160082804434436
1206 3.2160082804434436
1207 3.557096770186988
1208 3.557096770186988
1209 3.557096770186988
1210 3.557096770186988
1211 3.557096770186988
1212 5.021541270770134
1213 5.021541270770134
1214 5.021541270770134
1215 5.021541270770134
1216 5.021541270770134
1217 4.3562061840270285
1218 4.3562061840270285
1219 4.3562061840270285
1220 4.3562061840270285
1221 4.3562061840270285
1222 2.8990076164961764
1223 2.8990076164961764
1224 2.8990076164961764
1225 2.8990076164961764
1226 2.8990076164961764
1227 2.283926872789739
1228 1.2078274162426983
1229 1.2078274162426983
1230 1.2078274162426983
1231 1.2078274162426983
1232 1.2078274162426983
1233 1.0807206890500574
1234 1.0807206890500574
1235 1.0807206890500574
1236 1.0807206890500574
1237 1.0807206890500574
1238 1.0710631443869012
1239 1.0710631443869012
1240 1.0710631443869012
1241 1.0710631443869012
1242 1.0710631443869012
1243 0.8365437651434069
1244 0.8365437651434069
1245 0.8365437651434069
1246 0.8365437651434069
1247 0.8365437651434069
1248 1.0573904752250427
1249 1.0573904752250427
1250 1.0573904752250427
1251 1.0573904752250427
1252 1.0573904752250427
1253 0.8439407415208399
1254 0.8439407415208399
1255 0.8439407415208399
1256 0.8439407415208399
1257 0.8439407415208399
1258 1.137748559827444
1259 1.137748559827444
1260 1.137748559827444
1261 1.137748559827444
1262 1.137748559827444
1263 1.251789550155465
1264 1.251789550155465
1265 1.251789550155465
1266 1.251789550155465
1267 1.251789550155465
1268 0.8258898115721989
1269 0.8258898115721989
1270 0.8258898115721989
1271 0.8258898115721989
1272 0.8258898115721989
1273 1.530856743163625
1274 1.530856743163625
1275 1.530856743163625
1276 1.530856743163625
1277 1.530856743163625
1278 0.6666486808158354
1279 0.6666486808158354
1280 0.6666486808158354
1281 0.6666486808158354
1282 0.6666486808158354
1283 0.4204500510946505
1284 0.6195884449429995
1285 0.6195884449429995
1286 0.6195884449429995
1287 0.6195884449429995
1288 0.6195884449429995
1289 0.504739208473405
1290 0.504739208473405
1291 0.504739208473405
1292 0.504739208473405
1293 0.504739208473405
1294 0.837230744001901
1295 0.837230744001901
1296 0.837230744001901
1297 0.837230744001901
1298 0.837230744001901
1299 0.5050722566337731
1300 0.5050722566337731
1301 0.5050722566337731
1302 0.5050722566337731
1303 0.5050722566337731
1304 0.8906549179229923
1305 0.8906549179229923
1306 0.8906549179229923
1307 0.8906549179229923
1308 0.8906549179229923
1309 0.6648364481680111
1310 0.6648364481680111
1311 0.6648364481680111
1312 3.286111751857022
1313 3.286111751857022
1314 3.286111751857022
1315 3.286111751857022
1316 3.286111751857022
1317 3.9208195263789998
1318 3.9208195263789998
1319 3.9208195263789998
1320 3.9208195263789998
1321 3.9208195263789998
1322 3.648236682254605
1323 3.648236682254605
1324 3.648236682254605
1325 3.648236682254605
1326 3.648236682254605
1327 3.276557764641725
1328 3.276557764641725
1329 3.276557764641725
1330 3.276557764641725
1331 3.276557764641725
1332 1.1814478145439051
1333 1.1814478145439051
1334 1.1814478145439051
1335 1.1814478145439051
1336 1.1814478145439051
1337 4.536896336552826
1338 4.536896336552826
1339 4.536896336552826
1340 4.536896336552826
1341 4.536896336552826
1342 4.004533190198043
1343 2.833043017953612
1344 2.833043017953612
1345 2.833043017953612
1346 2.833043017953612
1347 2.833043017953612
1348 3.155004965536483
1349 3.155004965536483
1350 3.155004965536483
1351 3.155004965536483
1352 3.155004965536483
1353 4.3214347553338675
1354 4.3214347553338675
1355 4.3214347553338675
1356 4.3214347553338675
1357 4.3214347553338675
1358 3.1251783836459612
1359 3.1251783836459612
1360 3.1251783836459612
1361 3.1251783836459612
1362 3.1251783836459612
1363 2.308452759261858
1364 2.308452759261858
1365 2.308452759261858
1366 2.308452759261858
1367 2.308452759261858
1368 3.1739045362210074
1369 3.1739045362210074
1370 3.1739045362210074
1371 3.1739045362210074
1372 3.1739045362210074
1373 3.7733721836388474
1374 3.7733721836388474
1375 3.7733721836388474
1376 3.7733721836388474
1377 3.7733721836388474
1378 3.885425603885575
1379 3.885425603885575
1380 3.885425603885575
1381 3.538547494207024
1382 3.538547494207024
1383 3.538547494207024
1384 3.538547494207024
1385 3.538547494207024
1386 2.6388018271266533
1387 2.6388018271266533
1388 2.6388018271266533
1389 2.6388018271266533
1390 2.6388018271266533
1391 4.040685426790987
1392 4.040685426790987
1393 1.94021888066289
1394 1.94021888066289
1395 1.94021888066289
1396 1.94021888066289
1397 1.94021888066289
1398 1.8095845111440336
1399 1.8095845111440336
1400 1.8095845111440336
1401 1.8095845111440336
1402 1.8095845111440336
1403 1.7759903780426798
1404 1.7759903780426798
1405 1.7759903780426798
1406 1.7759903780426798
1407 1.7759903780426798
1408 2.964310869535199
1409 2.964310869535199
1410 2.964310869535199
1411 2.964310869535199
1412 2.964310869535199
1413 2.3223998176929084
1414 2.3223998176929084
1415 2.3223998176929084
1416 2.3223998176929084
1417 2.3223998176929084
1418 2.0372150555005684
1419 2.0372150555005684
1420 2.0372150555005684
1421 2.0372150555005684
1422 2.0372150555005684
1423 2.2590554836425945
1424 2.2590554836425945
1425 2.2590554836425945
1426 2.2590554836425945
1427 2.2590554836425945
1428 2.1960855744355183
1429 2.1960855744355183
1430 2.1960855744355183
1431 2.1960855744355183
1432 2.1960855744355183
1433 2.5362229300594406
1434 2.5362229300594406
1435 2.5362229300594406
1436 2.5362229300594406
1437 2.5362229300594406
1438 3.55143561440691
1439 3.55143561440691
1440 3.55143561440691
1441 3.55143561440691
1442 3.55143561440691
1443 2.9795580825115597
1444 2.9795580825115597
1445 2.9795580825115597
1446 2.9795580825115597
1447 2.9795580825115597
1448 2.4651214522104508
1449 2.4651214522104508
1450 2.4651214522104508
1451 2.4651214522104508
1452 2.4651214522104508
1453 2.288718880995318
1454 2.288718880995318
1455 2.288718880995318
1456 2.288718880995318
1457 2.288718880995318
1458 1.341587108484287
1459 1.341587108484287
1460 1.341587108484287
1461 1.341587108484287
1462 1.341587108484287
1463 2.014162255148229
1464 2.014162255148229
1465 2.014162255148229
1466 2.014162255148229
1467 2.014162255148229
1468 2.733833088098944
1469 2.733833088098944
1470 2.733833088098944
1471 2.733833088098944
1472 2.733833088098944
1473 1.5952304478460855
1474 1.5952304478460855
1475 1.5952304478460855
1476 1.5952304478460855
1477 1.5952304478460855
1478 1.338176060741934
1479 1.338176060741934
1480 1.338176060741934
1481 1.338176060741934
1482 1.338176060741934
1483 2.0375122875005722
1484 2.0375122875005722
1485 2.0375122875005722
1486 2.0375122875005722
1487 2.0375122875005722
1488 1.438307783718491
1489 1.438307783718491
1490 1.438307783718491
1491 1.438307783718491
1492 1.438307783718491
1493 1.8746810190972936
1494 1.8746810190972936
1495 1.8746810190972936
1496 1.8746810190972936
1497 1.8746810190972936
1498 1.6018917923688087
1499 1.218135619454201
1500 1.218135619454201
1501 1.218135619454201
1502 1.218135619454201
1503 1.218135619454201
1504 1.0709097840183608
1505 1.0709097840183608
1506 1.0709097840183608
1507 1.0709097840183608
1508 1.0709097840183608
1509 1.1141498030742873
1510 1.1141498030742873
1511 1.1141498030742873
1512 1.1141498030742873
1513 1.1141498030742873
1514 1.1369338559991127
1515 1.1369338559991127
1516 1.1369338559991127
1517 1.1369338559991127
1518 1.1369338559991127
1519 1.3051791259749965
1520 1.3051791259749965
1521 1.3051791259749965
1522 1.3051791259749965
1523 1.3051791259749965
1524 1.156337815716956
1525 1.156337815716956
1526 1.156337815716956
1527 1.156337815716956
1528 1.156337815716956
1529 1.1334952829454965
1530 1.1334952829454965
1531 1.1334952829454965
1532 1.1334952829454965
1533 1.1334952829454965
1534 1.1696463116021292
1535 1.1696463116021292
1536 1.1696463116021292
1537 1.1696463116021292
1538 1.1696463116021292
1539 1.0200389535061032
1540 1.0200389535061032
1541 1.0200389535061032
1542 1.0200389535061032
1543 1.0200389535061032
1544 0.7765660661717277
1545 0.7765660661717277
1546 0.7765660661717277
1547 0.7765660661717277
1548 0.7765660661717277
1549 0.8387640985303622
1550 0.8387640985303622
1551 0.8387640985303622
1552 0.8387640985303622
1553 0.8387640985303622
1554 0.36230076027156155
1555 0.36230076027156155
1556 0.36230076027156155
1557 0.36230076027156155
1558 0.36230076027156155
1559 1.0557797840255747
1560 1.0557797840255747
1561 1.0557797840255747
1562 1.0557797840255747
1563 1.0557797840255747
1564 0.8081971830807528
1565 0.8081971830807528
1566 0.8081971830807528
1567 0.8081971830807528
1568 0.8081971830807528
1569 1.6120112175153052
1570 1.6120112175153052
1571 1.6120112175153052
1572 1.6120112175153052
1573 1.6120112175153052
1574 0.9064949892895479
1575 0.9064949892895479
1576 0.9064949892895479
1577 0.9064949892895479
1578 0.9064949892895479
1579 1.3724716393052931
1580 1.3724716393052931
1581 1.3724716393052931
1582 1.3724716393052931
1583 1.3724716393052931
1584 1.4187175980194888
1585 1.4187175980194888
1586 1.4187175980194888
1587 1.4187175980194888
1588 1.4187175980194888
1589 0.5893381561429138
1590 0.5893381561429138
1591 0.5893381561429138
1592 0.5893381561429138
1593 0.5893381561429138
1594 0.18491942185545812
1595 0.18491942185545812
1596 0.18491942185545812
1597 0.18491942185545812
1598 0.18491942185545812
1599 0.24685183635732927
1600 0.24685183635732927
1601 0.24685183635732927
1602 0.24685183635732927
1603 0.24685183635732927
1604 0.22448675106237678
1605 0.22448675106237678
1606 0.22448675106237678
1607 0.22448675106237678
1608 0.22448675106237678
1609 0.20462583189890202
1610 0.20462583189890202
1611 0.20462583189890202
1612 0.20462583189890202
1613 0.20462583189890202
1614 0.19239902610503232
1615 1.5520973139972063
1616 1.5520973139972063
1617 1.5520973139972063
1618 1.5520973139972063
1619 1.5520973139972063
1620 2.1330629867445428
1621 2.1330629867445428
1622 2.1330629867445428
1623 2.1330629867445428
1624 2.1330629867445428
1625 1.3989221579808204
1626 1.3989221579808204
1627 1.3989221579808204
1628 1.3989221579808204
1629 1.3989221579808204
1630 2.5431222543948855
1631 2.5431222543948855
1632 2.5431222543948855
1633 2.5431222543948855
1634 2.5431222543948855
1635 1.5021968442353224
1636 1.5021968442353224
1637 1.5021968442353224
1638 1.5021968442353224
1639 1.5021968442353224
1640 1.211564622012871
1641 1.211564622012871
1642 1.211564622012871
1643 1.211564622012871
1644 1.211564622012871
1645 1.0063563201319883
1646 1.0063563201319883
1647 1.0063563201319883
1648 1.0063563201319883
1649 1.0063563201319883
1650 1.7561757381132665
1651 1.7561757381132665
1652 1.7561757381132665
1653 1.7561757381132665
1654 1.7561757381132665
1655 1.617407222649831
1656 1.617407222649831
1657 1.617407222649831
1658 1.617407222649831
1659 1.617407222649831
1660 0.9952851440555658
1661 0.9952851440555658
1662 0.9952851440555658
1663 0.9952851440555658
1664 0.9952851440555658
1665 1.4015820494614573
1666 1.4015820494614573
1667 1.4015820494614573
1668 1.4015820494614573
1669 1.4015820494614573
1670 1.2344949088619712
1671 1.2344949088619712
1672 1.2344949088619712
1673 1.2344949088619712
1674 1.2344949088619712
1675 1.3519131993700175
1676 1.3519131993700175
1677 1.3519131993700175
1678 1.3519131993700175
1679 1.3519131993700175
1680 1.4927139331102148
1681 1.4927139331102148
1682 1.4927139331102148
1683 1.4927139331102148
1684 1.4927139331102148
1685 1.2298965768357084
1686 1.2298965768357084
1687 1.2298965768357084
1688 1.9590401574550176
1689 1.9590401574550176
1690 1.9590401574550176
1691 1.9590401574550176
1692 1.9590401574550176
1693 1.904586872013835
1694 1.904586872013835
1695 1.904586872013835
1696 1.904586872013835
1697 1.904586872013835
1698 1.6614848151813892
1699 1.6614848151813892
1700 1.6614848151813892
1701 1.6614848151813892
1702 1.6614848151813892
1703 2.209222283260108
1704 2.209222283260108
1705 2.209222283260108
1706 2.209222283260108
1707 2.209222283260108
1708 2.3412594833008336
1709 2.3412594833008336
1710 2.3412594833008336
1711 2.3412594833008336
1712 2.3412594833008336
1713 2.377387583549926
1714 2.377387583549926
1715 2.377387583549926
1716 2.377387583549926
1717 2.377387583549926
1718 2.729659431470387
1719 2.729659431470387
1720 2.729659431470387
1721 2.729659431470387
1722 2.729659431470387
1723 1.6235160423068464
1724 1.6235160423068464
1725 1.6235160423068464
1726 1.6235160423068464
1727 1.6235160423068464
1728 2.368308997812823
1729 2.368308997812823
1730 2.368308997812823
1731 2.368308997812823
1732 2.368308997812823
1733 1.9054153259338444
1734 1.9054153259338444
1735 1.9054153259338444
1736 1.9054153259338444
1737 1.9054153259338444
1738 1.3858657701222885
1739 1.3858657701222885
1740 1.3858657701222885
1741 1.3858657701222885
1742 1.3858657701222885
1743 2.3022954961010367
1744 2.3022954961010367
1745 2.3022954961010367
1746 2.3022954961010367
1747 2.3022954961010367
1748 1.2190963638445362
1749 0.7044090783804362
1750 0.7044090783804362
1751 0.7044090783804362
1752 0.7044090783804362
1753 0.7044090783804362
1754 0.6552178054017977
1755 0.6552178054017977
1756 0.6552178054017977
1757 0.6552178054017977
1758 0.6552178054017977
1759 0.8227613275328642
1760 0.8227613275328642
1761 0.8227613275328642
1762 0.8227613275328642
1763 0.8227613275328642
1764 0.7603603334147153
1765 0.7603603334147153
1766 0.7603603334147153
1767 0.7603603334147153
1768 0.7603603334147153
1769 0.6205238688421998
1770 0.6205238688421998
1771 0.6205238688421998
1772 0.6205238688421998
1773 3.0301865238243937
1774 3.0301865238243937
1775 3.0301865238243937
1776 3.0301865238243937
1777 3.0301865238243937
1778 0.7251957924965919
1779 0.7251957924965919
1780 0.7251957924965919
1781 0.7251957924965919
1782 0.7251957924965919
1783 4.2162300780250614
1784 4.2162300780250614
1785 4.2162300780250614
1786 3.901876085728456
1787 3.901876085728456
1788 3.901876085728456
1789 3.901876085728456
1790 3.901876085728456
1791 4.279888412765466
1792 4.279888412765466
1793 4.279888412765466
1794 4.279888412765466
1795 4.279888412765466
1796 3.3720460705030857
1797 3.3720460705030857
1798 3.3720460705030857
1799 3.3720460705030857
1800 0.9979759663721299
1801 0.9979759663721299
1802 0.9979759663721299
1803 0.9979759663721299
1804 2.884735718090274
1805 2.884735718090274
1806 2.884735718090274
1807 2.884735718090274
1808 2.884735718090274
1809 3.3934321435650907
1810 3.3934321435650907
1811 3.3934321435650907
1812 3.3934321435650907
1813 3.3934321435650907
1814 3.6519033942741133
1815 3.6519033942741133
1816 3.6519033942741133
1817 3.6519033942741133
1818 3.6519033942741133
1819 3.949932351771681
1820 3.949932351771681
1821 3.949932351771681
1822 3.949932351771681
1823 3.949932351771681
1824 3.506382773443226
1825 3.506382773443226
1826 3.506382773443226
1827 3.506382773443226
1828 3.506382773443226
1829 4.680676998597361
1830 4.680676998597361
1831 4.680676998597361
1832 4.680676998597361
1833 4.680676998597361
1834 3.8926741219814804
1835 3.8926741219814804
1836 3.8926741219814804
1837 3.8926741219814804
1838 3.8926741219814804
1839 3.8958948509115943
1840 3.8958948509115943
1841 3.8958948509115943
1842 3.8958948509115943
1843 3.8958948509115943
1844 2.581464998053245
1845 2.581464998053245
1846 2.581464998053245
1847 2.581464998053245
1848 2.581464998053245
1849 3.2766810807636513
1850 3.2766810807636513
1851 3.2766810807636513
1852 3.2766810807636513
1853 3.2766810807636513
1854 4.2302572718123255
1855 4.2302572718123255
1856 4.2302572718123255
1857 4.2302572718123255
1858 4.2302572718123255
1859 2.780934900745682
1860 2.780934900745682
1861 2.780934900745682
1862 2.780934900745682
1863 2.780934900745682
1864 2.619912035855124
1865 2.619912035855124
1866 2.619912035855124
1867 2.619912035855124
1868 2.619912035855124
1869 3.3141070542251576
1870 3.3141070542251576
1871 3.3141070542251576
1872 3.3141070542251576
1873 3.3141070542251576
1874 2.5556198965279586
1875 2.5556198965279586
1876 2.5556198965279586
1877 2.5556198965279586
1878 2.5556198965279586
1879 1.979870691666755
1880 1.979870691666755
1881 1.979870691666755
1882 1.979870691666755
1883 1.979870691666755
1884 3.277872952828786
1885 3.277872952828786
1886 3.277872952828786
1887 3.277872952828786
1888 3.277872952828786
1889 3.0087575188754356
1890 3.0087575188754356
1891 3.0087575188754356
1892 3.0087575188754356
1893 3.0087575188754356
1894 4.874877214435751
1895 4.874877214435751
1896 4.874877214435751
1897 4.874877214435751
1898 4.874877214435751
1899 5.176932178817142
1900 5.176932178817142
1901 5.176932178817142
1902 5.176932178817142
1903 5.176932178817142
1904 4.623151234622097
1905 4.623151234622097
1906 4.623151234622097
1907 4.623151234622097
1908 4.623151234622097
1909 3.5708265956635423
1910 3.5708265956635423
1911 3.5708265956635423
1912 3.5708265956635423
1913 3.5708265956635423
1914 4.7763832857449975
1915 4.7763832857449975
1916 4.7763832857449975
1917 4.7763832857449975
1918 4.7763832857449975
1919 3.266077432908879
1920 3.266077432908879
1921 3.266077432908879
1922 3.266077432908879
1923 3.266077432908879
1924 5.2067468840813085
1925 5.2067468840813085
1926 5.2067468840813085
1927 5.2067468840813085
1928 0.996468833496645
1929 0.996468833496645
1930 0.3336800585180284
1931 0.3336800585180284
1932 0.9695333453571576
1933 0.9695333453571576
1934 0.9695333453571576
1935 0.9695333453571576
1936 0.9695333453571576
1937 0.9793363840877487
1938 0.9793363840877487
1939 0.9793363840877487
1940 0.9793363840877487
1941 0.9793363840877487
1942 1.3646372842652288
1943 1.3646372842652288
1944 1.3646372842652288
1945 1.3646372842652288
1946 1.3646372842652288
1947 1.9044917072940364
1948 1.9044917072940364
1949 1.9044917072940364
1950 1.9044917072940364
1951 1.9044917072940364
1952 1.4389686906474335
1953 1.4389686906474335
1954 1.4389686906474335
1955 1.4389686906474335
1956 1.4389686906474335
1957 1.1059264393212698
1958 1.1059264393212698
1959 1.1059264393212698
1960 1.1059264393212698
1961 1.1059264393212698
1962 1.6352323448287498
1963 1.6352323448287498
1964 1.6352323448287498
1965 1.6352323448287498
1966 1.6352323448287498
1967 0.8744629365682888
1968 0.8744629365682888
1969 0.8744629365682888
1970 0.8744629365682888
1971 0.8744629365682888
1972 1.1768254313646862
1973 1.1768254313646862
1974 1.1768254313646862
1975 1.1768254313646862
1976 1.1768254313646862
1977 0.8772184886208927
1978 0.8772184886208927
1979 0.8772184886208927
1980 0.8772184886208927
1981 0.8772184886208927
1982 1.3852661666289792
1983 1.3852661666289792
1984 1.3852661666289792
1985 1.3852661666289792
1986 1.3852661666289792
1987 2.296155090065148
1988 2.296155090065148
1989 2.296155090065148
1990 2.296155090065148
1991 2.296155090065148
1992 1.6813509107645934
1993 1.6813509107645934
1994 1.6813509107645934
1995 1.6813509107645934
1996 1.6813509107645934
1997 1.1090152660342532
1998 1.1090152660342532
1999 1.1090152660342532
