0 0.18531159375706469
1 0.18531159375706469
2 1.7642362972517631
3 1.7642362972517631
4 2.0751598955979027
5 2.0751598955979027
6 1.7927227621838289
7 1.7927227621838289
8 1.394606427116972
9 1.394606427116972
10 1.4964315306865787
11 1.4964315306865787
12 1.7533434693828815
13 1.7533434693828815
14 1.4850286457899908
15 1.4850286457899908
16 1.7782081113676087
17 1.7782081113676087
18 1.6430022359924403
19 1.6430022359924403
20 1.3842122184217782
21 1.3842122184217782
22 1.6743214232682737
23 1.6743214232682737
24 1.1680877637091254
25 1.1680877637091254
26 1.1139964734216368
27 1.1139964734216368
28 0.961289272253035
29 1.8899091019459355
30 1.8899091019459355
31 2.4081337749892118
32 2.4081337749892118
33 2.713016115978284
34 2.713016115978284
35 1.8573345164518755
36 1.8573345164518755
37 2.3491255361214787
38 2.3491255361214787
39 1.8941120757186944
40 1.8941120757186944
41 2.058738171086467
42 2.058738171086467
43 2.198229302548579
44 2.198229302548579
45 2.362911427549089
46 2.362911427549089
47 1.8317142302787803
48 1.8317142302787803
49 1.6626338331068715
50 1.6626338331068715
51 1.1602252332453746
52 1.1602252332453746
53 2.1187605128358125
54 2.1187605128358125
55 2.5460949023251604
56 2.5460949023251604
57 2.0208897201743845
58 2.0208897201743845
59 1.3807450578109672
60 1.3807450578109672
61 1.2730616875446745
62 1.2730616875446745
63 1.0112043042462686
64 1.0112043042462686
65 1.0407012090899714
66 1.0407012090899714
67 1.0840610242869788
68 1.0840610242869788
69 0.9751378543439989
70 0.9751378543439989
71 0.9439975690959854
72 0.9439975690959854
73 1.3842262843912816
74 1.3842262843912816
75 0.8668987992368546
76 0.8668987992368546
77 0.9980333624819333
78 0.9980333624819333
79 1.090903296826736
80 1.090903296826736
81 0.9595205341844789
82 0.9595205341844789
83 1.0761656188920712
84 1.0761656188920712
85 1.014679271395629
86 1.014679271395629
87 1.1446184902035066
88 1.1446184902035066
89 1.2654449046355556
90 1.2654449046355556
91 0.7465888148148802
92 4.3691670728942045
93 4.3691670728942045
94 4.7971326115896815
95 4.7971326115896815
96 3.7125047559917936
97 3.7125047559917936
98 4.196860267177379
99 4.196860267177379
100 3.9408508031483658
101 3.9408508031483658
102 3.5635743504047825
103 3.5635743504047825
104 5.517132635276044
105 5.517132635276044
106 4.69284504427774
107 4.69284504427774
108 2.547358450677287
109 2.547358450677287
110 4.337457055994529
111 4.337457055994529
112 4.114818391087685
113 4.114818391087685
114 2.8196932247792197
115 2.8196932247792197
116 3.385208064665729
117 3.385208064665729
118 3.8630379786184728
119 3.8630379786184728
120 3.913836002885924
121 3.913836002885924
122 4.125292341895413
123 4.125292341895413
124 4.285813120926197
125 4.285813120926197
126 4.385637699865016
127 4.385637699865016
128 4.847113322250069
129 4.847113322250069
130 2.709276043831063
131 2.709276043831063
132 4.943047013656619
133 4.943047013656619
134 3.3233340454643234
135 3.3233340454643234
136 4.089085052204369
137 4.089085052204369
138 3.999178809934852
139 3.999178809934852
140 4.196142812089732
141 4.196142812089732
142 4.2560582946837
143 4.2560582946837
144 3.8286610223194764
145 3.8286610223194764
146 2.9457026293353334
147 2.9457026293353334
148 2.7288770208869666
149 2.7288770208869666
150 2.4021436191150647
151 2.4021436191150647
152 2.02423979628619
153 2.02423979628619
154 1.797546394114363
155 1.797546394114363
156 1.8873570137000544
157 1.8873570137000544
158 1.5447827636393006
159 4.833682514910112
160 4.833682514910112
161 4.583126653381476
162 4.583126653381476
163 4.724051954303426
164 4.724051954303426
165 3.803695573738135
166 3.803695573738135
167 3.063987545943273
168 3.063987545943273
169 3.6149318435441185
170 3.6149318435441185
171 3.8551668039945475
172 3.8551668039945475
173 3.4686105332641133
174 3.4686105332641133
175 3.2106985371232595
176 3.2106985371232595
177 1.1882515578521347
178 1.1882515578521347
179 1.9374785054045984
180 1.9374785054045984
181 1.4684350544238516
182 0.20872448858901602
183 0.20872448858901602
184 0.1723000720241754
185 0.1723000720241754
186 0.264706696191209
187 0.264706696191209
188 0.24418595099541424
189 0.24418595099541424
190 0.16684403913960766
191 0.16684403913960766
192 0.21490326830806766
193 0.21490326830806766
194 0.18374048947352126
195 0.18374048947352126
196 0.18220361559630138
197 0.18220361559630138
198 0.14337711417965476
199 0.14337711417965476
200 0.21016140624094468
201 0.21016140624094468
202 0.20844688318741322
203 0.20844688318741322
204 0.15718179098409743
205 0.15718179098409743
206 0.21596931611965717
207 0.21596931611965717
208 0.2026410722083607
209 0.2026410722083607
210 0.2156257045629758
211 0.2156257045629758
212 0.19326282256059615
213 0.19326282256059615
214 0.24509460207841366
215 0.24509460207841366
216 3.6118361445710994
217 3.6118361445710994
218 3.2221393799863502
219 3.2221393799863502
220 3.4496301017113984
221 3.4496301017113984
222 3.4857649520386818
223 3.4857649520386818
224 2.9749712000688846
225 2.9749712000688846
226 3.6503550495916133
227 3.6503550495916133
228 3.202762159420703
229 3.202762159420703
230 4.211196971791356
231 4.211196971791356
232 3.223996441317128
233 3.223996441317128
234 3.5474596716931197
235 3.5474596716931197
236 2.7126741057635844
237 2.7126741057635844
238 2.345679967047959
239 2.345679967047959
240 2.945560088085961
241 2.945560088085961
242 3.719561598664784
243 3.719561598664784
244 3.8149147828379855
245 3.8149147828379855
246 2.8988102015170574
247 2.8988102015170574
248 2.4164931126897837
249 2.4164931126897837
250 3.2703428656790945
251 3.2703428656790945
252 2.7857693278188407
253 2.7857693278188407
254 3.908913017141996
255 3.908913017141996
256 3.4189412778806285
257 3.4189412778806285
258 3.046218649239197
259 3.046218649239197
260 3.860395118387231
261 3.860395118387231
262 3.922133182836116
263 3.922133182836116
264 3.927839155699507
265 3.927839155699507
266 2.9932143707744845
267 2.9932143707744845
268 3.613038774444788
269 3.613038774444788
270 3.5133343388514446
271 3.5133343388514446
272 3.108216160073657
273 3.108216160073657
274 3.003974289073687
275 3.003974289073687
276 3.8484142311749503
277 3.8484142311749503
278 2.134328686055052
279 2.134328686055052
280 3.142535254241508
281 3.142535254241508
282 3.321924957230292
283 3.321924957230292
284 3.967318275238661
285 3.967318275238661
286 3.237411869570495
287 3.237411869570495
288 3.2171707193333967
289 3.2171707193333967
290 2.8240917356801023
291 2.8240917356801023
292 3.697412659560189
293 3.697412659560189
294 2.7001465159407196
295 2.7001465159407196
296 2.814925059074149
297 2.814925059074149
298 2.3509518472777446
299 2.3509518472777446
300 3.0290180228269232
301 3.548084345669782
302 3.548084345669782
303 4.044302194363526
304 4.044302194363526
305 4.144863702024736
306 4.144863702024736
307 3.418531917543073
308 3.418531917543073
309 2.0350731605823933
310 2.0350731605823933
311 1.2752714026985519
312 1.2752714026985519
313 1.116438136116842
314 1.116438136116842
315 0.4847166607855854
316 0.4847166607855854
317 1.2109362906201935
318 1.2109362906201935
319 1.2748733896408728
320 1.2748733896408728
321 1.0597339482370731
322 1.0597339482370731
323 1.1908057101385772
324 1.1908057101385772
325 1.0110839504884637
326 1.0110839504884637
327 1.3853711551786412
328 1.3853711551786412
329 0.6965347371558316
330 0.6965347371558316
331 1.3269419111868332
332 1.3269419111868332
333 1.0713408796065789
334 1.0713408796065789
335 1.0328779205969156
336 1.0328779205969156
337 1.1875435615153602
338 1.1875435615153602
339 1.1277644155299797
340 1.1277644155299797
341 1.0371247178307057
342 1.0371247178307057
343 1.111720520695849
344 1.111720520695849
345 1.1351279801734482
346 1.1351279801734482
347 1.2904510428009683
348 1.2904510428009683
349 0.9076859374093014
350 0.9076859374093014
351 1.2014235573580598
352 1.2014235573580598
353 1.120848745847277
354 1.120848745847277
355 2.7820343354698154
356 2.7820343354698154
357 3.3243519573834077
358 3.3243519573834077
359 2.963268298012671
360 2.963268298012671
361 3.137094835026784
362 3.137094835026784
363 2.5167573303949076
364 2.5167573303949076
365 3.395889645626408
366 3.395889645626408
367 3.0653165959403563
368 3.0653165959403563
369 2.8922590585945924
370 2.8922590585945924
371 2.5309639156011423
372 2.5309639156011423
373 3.425777297955599
374 3.425777297955599
375 2.2794125537664893
376 2.2794125537664893
377 2.5881124228250183
378 2.5881124228250183
379 3.5305473121983693
380 3.5305473121983693
381 3.2726300217070334
382 3.2726300217070334
383 2.3453636767346278
384 2.3453636767346278
385 2.8257912965944376
386 1.6186684276638217
387 1.6186684276638217
388 1.6643257011660961
389 1.6643257011660961
390 2.0317189118935763
391 2.0317189118935763
392 1.9575160236788725
393 1.9575160236788725
394 3.087609985499814
395 3.087609985499814
396 3.1271239381669034
397 3.1271239381669034
398 3.6922440312018496
399 3.6922440312018496
400 3.3409549162568437
401 3.3409549162568437
402 3.5495179363563105
403 3.5495179363563105
404 2.115842405418363
405 2.115842405418363
406 2.3000612406287644
407 2.3000612406287644
408 1.912861516840968
409 1.912861516840968
410 1.459750243345638
411 1.459750243345638
412 2.2327658251238107
413 2.2327658251238107
414 2.3052050768143033
415 2.3052050768143033
416 1.9421501155273897
417 1.9421501155273897
418 1.5507309446606194
419 1.5507309446606194
420 1.9860708055355325
421 1.9860708055355325
422 2.0244688475181944
423 2.0244688475181944
424 2.197188694517578
425 2.197188694517578
426 2.462833991248427
427 2.462833991248427
428 1.9100455246069428
429 1.9100455246069428
430 1.6766645073959614
431 1.6766645073959614
432 1.84927082854103
433 1.84927082854103
434 1.7937513665264002
435 1.7937513665264002
436 1.868270974285506
437 1.868270974285506
438 1.8177299715601969
439 1.8177299715601969
440 2.2854324092078535
441 2.2854324092078535
442 3.5085797504973666
443 3.5085797504973666
444 2.4028053227916573
445 2.4028053227916573
446 3.059270789804592
447 3.059270789804592
448 3.333874733365675
449 3.333874733365675
450 2.82954390453788
451 2.82954390453788
452 2.6150323588187714
453 2.6150323588187714
454 2.5979486099536686
455 2.5979486099536686
456 3.052477547738011
457 3.052477547738011
458 3.223169557460233
459 3.223169557460233
460 3.676586769587764
461 3.676586769587764
462 3.959276655305845
463 3.959276655305845
464 2.9317084548735126
465 2.9317084548735126
466 4.228984253046404
467 3.7298030841986605
468 3.7298030841986605
469 3.318962789749201
470 3.318962789749201
471 3.311276630520944
472 3.311276630520944
473 3.7173789198179636
474 3.7173789198179636
475 3.5669781927561575
476 3.5669781927561575
477 4.605230618603644
478 4.605230618603644
479 1.9207169898700398
480 1.9207169898700398
481 3.4119710340432623
482 3.4119710340432623
483 2.079635714956591
484 2.079635714956591
485 1.710593427886774
486 1.710593427886774
487 2.0677229418589707
488 2.0677229418589707
489 3.273338712482711
490 3.273338712482711
491 3.4282403582754823
492 0.7580235877400181
493 0.7580235877400181
494 1.3285291014401581
495 1.3285291014401581
496 1.1240477267433207
497 1.1240477267433207
498 1.022373161096777
499 1.022373161096777
500 1.1850205472200817
501 1.1850205472200817
502 1.1926722009108122
503 1.1926722009108122
504 1.2815101248214376
505 1.2815101248214376
506 0.9690461178969267
507 0.9690461178969267
508 1.2781640213498064
509 1.2781640213498064
510 0.8126119649399683
511 0.8126119649399683
512 0.9589215427030607
513 0.9589215427030607
514 1.3688388302272556
515 1.3688388302272556
516 1.0882543139210272
517 1.0882543139210272
518 1.2385467276683835
519 1.2385467276683835
520 1.1461457738783003
521 1.1461457738783003
522 0.9160961133321559
523 0.9160961133321559
524 1.2175366759759232
525 1.2175366759759232
526 0.8205893912290223
527 0.8205893912290223
528 0.5171487366974933
529 0.5171487366974933
530 1.2168048769590734
531 1.2168048769590734
532 1.1459540286010796
533 1.1459540286010796
534 1.316639761670578
535 1.316639761670578
536 0.8538237744963003
537 0.8538237744963003
538 1.2613803453657821
539 1.2613803453657821
540 1.0979008873660334
541 1.0979008873660334
542 1.1323831267075921
543 1.1323831267075921
544 0.9542214547419046
545 0.9542214547419046
546 1.2565312841987055
547 1.2565312841987055
548 1.4359442475231927
549 1.4359442475231927
550 1.2568316263685444
551 1.2568316263685444
552 1.2504823440761095
553 1.2504823440761095
554 1.319103159022765
555 1.319103159022765
556 1.2617015917944232
557 1.2617015917944232
558 1.029198963114402
559 1.029198963114402
560 1.6102598551422278
561 1.6102598551422278
562 0.9295191817737574
563 0.9295191817737574
564 1.2980052551961818
565 1.2980052551961818
566 1.164661361880482
567 1.164661361880482
568 0.8623411938751775
569 0.8623411938751775
570 0.9027090355746292
571 0.9027090355746292
572 1.2400356682216742
573 1.2400356682216742
574 1.3746130304245863
575 1.3746130304245863
576 1.0129131221323437
577 1.0129131221323437
578 1.0379952044185525
579 1.0379952044185525
580 0.15093904001799163
581 0.15093904001799163
582 0.22554083893214905
583 0.22554083893214905
584 0.19972990762022033
585 0.19972990762022033
586 0.18470211272328055
587 0.18470211272328055
588 0.1
589 0.1
590 0.23812518467459776
591 0.23812518467459776
592 0.2540065643470358
593 0.2540065643470358
594 0.2074419476502465
595 0.2074419476502465
596 0.17567934465532745
597 0.17567934465532745
598 0.17221946019057402
599 0.17221946019057402
600 0.24181611877535106
601 0.24181611877535106
602 0.16415817226479656
603 0.16415817226479656
604 0.2156237489049466
605 0.2156237489049466
606 0.18823349050093444
607 0.18823349050093444
608 0.15834899655220772
609 0.15834899655220772
610 0.20842841474943882
611 0.20842841474943882
612 0.191673132079306
613 0.191673132079306
614 0.22297179898104655
615 0.22297179898104655
616 0.1481237845920445
617 0.1481237845920445
618 0.21489006809878972
619 0.5347086210313395
620 0.5347086210313395
621 0.6177973169191543
622 0.6177973169191543
623 0.818388180669002
624 0.818388180669002
625 0.6278649235481432
626 0.6278649235481432
627 0.8073955769995502
628 0.8073955769995502
629 0.7493280521980417
630 0.7493280521980417
631 0.7949534346715517
632 0.7949534346715517
633 0.6799597030435799
634 0.6799597030435799
635 0.5521832423664311
636 0.5521832423664311
637 1.7912442831176005
638 4.933289439348544
639 4.933289439348544
640 3.5166141432375206
641 3.5166141432375206
642 5.255148350645226
643 5.255148350645226
644 5.260281936918734
645 5.260281936918734
646 4.31559546685083
647 4.31559546685083
648 3.402915506312085
649 3.402915506312085
650 3.767252615502986
651 3.767252615502986
652 5.0585278698981755
653 5.0585278698981755
654 3.815928586331405
655 3.815928586331405
656 3.0776617167612583
657 3.0776617167612583
658 1.1213513925764682
659 2.2331445134621672
660 2.2331445134621672
661 2.692977354121355
662 1.1405832706688852
663 1.1405832706688852
664 1.4151857067041276
665 1.4151857067041276
666 0.6718001460264311
667 0.6718001460264311
668 0.7701026726589373
669 0.7701026726589373
670 0.7639526757729757
671 0.7639526757729757
672 1.3780562417024258
673 1.3780562417024258
674 1.0890448938363246
675 3.256339852196612
676 3.256339852196612
677 2.8443258381532717
678 2.8443258381532717
679 2.8100145540690216
680 1.0706039065349737
681 1.0706039065349737
682 1.0096348622831592
683 1.0096348622831592
684 0.8110752085014432
685 0.8110752085014432
686 1.0889198242575635
687 1.0889198242575635
688 1.4246636781602025
689 1.4246636781602025
690 0.955322975394334
691 0.955322975394334
692 1.0426143387806035
693 1.0426143387806035
694 1.2539784185810874
695 1.2539784185810874
696 1.2319642730442633
697 1.2319642730442633
698 1.5215286341094951
699 1.5215286341094951
700 1.2471559126671174
701 1.2471559126671174
702 0.8687082338888941
703 1.233999258740715
704 1.233999258740715
705 1.7800360931399846
706 1.7800360931399846
707 1.1287151007898182
708 1.1287151007898182
709 1.3937533629848264
710 1.3937533629848264
711 1.8891031688209057
712 1.8891031688209057
713 1.7243928328893854
714 1.7243928328893854
715 1.8217066907296005
716 1.8217066907296005
717 1.462865126819217
718 1.462865126819217
719 2.0302634867690292
720 2.0302634867690292
721 1.755202199435103
722 1.755202199435103
723 1.3544565699794817
724 1.3544565699794817
725 1.6121671342945398
726 1.6121671342945398
727 1.8321292350385905
728 1.8321292350385905
729 1.4103515933335877
730 1.4103515933335877
731 1.610489984457281
732 1.610489984457281
733 0.9487208723608859
734 0.9487208723608859
735 2.1469071482082134
736 2.1469071482082134
737 2.006320491226229
738 2.006320491226229
739 1.5822870905915798
740 1.5822870905915798
741 1.4259028756555407
742 1.4259028756555407
743 1.3442334288185098
744 1.3442334288185098
745 1.2864231966323993
746 1.2864231966323993
747 1.5054755175069023
748 1.5054755175069023
749 1.5408432423186755
750 1.5408432423186755
751 1.3677871412193165
752 1.3677871412193165
753 1.589352675079867
754 1.589352675079867
755 2.3392032961537916
756 2.3392032961537916
757 2.4255870516913154
758 2.4255870516913154
759 1.4282845198585603
760 1.4282845198585603
761 2.1348535143828284
762 2.1348535143828284
763 1.848517769480412
764 1.848517769480412
765 1.8011219915764922
766 1.8011219915764922
767 2.0799623878250624
768 2.0799623878250624
769 1.981976297975952
770 1.981976297975952
771 2.0985735521129882
772 2.0985735521129882
773 1.6880504580761273
774 1.6880504580761273
775 2.3447214037426845
776 2.3447214037426845
777 1.5464066252523379
778 1.5464066252523379
779 2.318907300514345
780 2.318907300514345
781 2.209212225801406
782 3.555534603589731
783 3.555534603589731
784 3.49239543372529
785 3.49239543372529
786 3.734854191564056
787 3.734854191564056
788 2.8597590080312796
789 2.8597590080312796
790 2.8817427496510315
791 2.8817427496510315
792 2.9138350761985476
793 2.9138350761985476
794 2.7339607792132363
795 2.7339607792132363
796 2.8932193376564186
797 2.8932193376564186
798 2.117538210883281
799 2.117538210883281
800 1.7154659050080858
801 1.7154659050080858
802 4.282275442925922
803 4.282275442925922
804 3.25647790229713
805 3.25647790229713
806 3.0154872385319242
807 3.0154872385319242
808 1.8407640232305937
809 1.8407640232305937
810 2.2231552190758146
811 2.2231552190758146
812 1.7567969316281729
813 3.6581238403247887
814 3.6581238403247887
815 2.467218604504212
816 2.467218604504212
817 3.906040384672462
818 3.906040384672462
819 3.7752717639938633
820 3.7752717639938633
821 3.8113456950078657
822 3.8113456950078657
823 2.847146245432393
824 2.847146245432393
825 3.381812196779245
826 3.381812196779245
827 3.5260254984605113
828 3.5260254984605113
829 4.510463055373244
830 4.510463055373244
831 3.0129737579093794
832 3.0129737579093794
833 3.4653421646624705
834 3.4653421646624705
835 2.542385518164572
836 2.542385518164572
837 3.099129028482539
838 3.099129028482539
839 4.06931148110957
840 4.06931148110957
841 2.8906741910037193
842 2.8906741910037193
843 2.6858223650271342
844 2.6858223650271342
845 3.7284413321743317
846 3.7284413321743317
847 3.405142413077992
848 3.405142413077992
849 2.602924795744668
850 2.602924795744668
851 4.164453837675377
852 4.164453837675377
853 3.549352287720244
854 3.1065372532457474
855 3.1065372532457474
856 4.102234193624008
857 4.102234193624008
858 2.4696493190748705
859 2.4696493190748705
860 3.851974195689555
861 3.851974195689555
862 3.571792159781501
863 3.571792159781501
864 3.1556382063175765
865 3.1556382063175765
866 4.566695278582224
867 4.566695278582224
868 3.0190086851577638
869 3.0190086851577638
870 5.335757006953859
871 5.335757006953859
872 3.544787968547575
873 3.544787968547575
874 4.6098323084227
875 4.6098323084227
876 4.2901281799277795
877 4.2901281799277795
878 3.9998987283219782
879 3.9998987283219782
880 5.4182625698885
881 5.4182625698885
882 3.8646149226862616
883 3.8646149226862616
884 4.539913719488979
885 4.539913719488979
886 4.300748199200466
887 2.546522919976574
888 2.546522919976574
889 2.423955171873816
890 2.423955171873816
891 2.1094379937545886
892 2.1094379937545886
893 2.011636855404389
894 0.593002091616647
895 0.593002091616647
896 0.6481957853727269
897 0.6481957853727269
898 0.786020017798578
899 0.786020017798578
900 0.8559897567048486
901 0.8559897567048486
902 0.5380845229043222
903 0.5380845229043222
904 0.6862069465220321
905 0.6862069465220321
906 0.8122269252405812
907 0.8122269252405812
908 0.6062169446534371
909 0.6062169446534371
910 0.7542440721178701
911 0.7542440721178701
912 0.6002987405411321
913 0.6002987405411321
914 0.6884369426886962
915 0.6884369426886962
916 0.5185425268161807
917 0.5185425268161807
918 0.630585320433365
919 0.630585320433365
920 0.645022669009671
921 0.645022669009671
922 0.5311718784287753
923 0.5311718784287753
924 0.7122055477202919
925 0.7122055477202919
926 0.647537392194525
927 0.647537392194525
928 0.750124215605625
929 0.750124215605625
930 0.6697995893168919
931 0.6697995893168919
932 0.8292249823910918
933 0.8292249823910918
934 0.6572448886407294
935 0.6572448886407294
936 0.620137697486514
937 0.620137697486514
938 0.6486993284408218
939 0.6486993284408218
940 2.2632542085514644
941 2.2632542085514644
942 2.4853539187331917
943 2.4853539187331917
944 3.0463839028073876
945 3.0463839028073876
946 2.4497184438241355
947 2.4497184438241355
948 2.42980490815437
949 2.42980490815437
950 3.046193397967704
951 3.046193397967704
952 2.399491746994418
953 2.399491746994418
954 2.805525084089598
955 2.805525084089598
956 2.222539399241655
957 2.222539399241655
958 1.7372880691836645
959 1.7372880691836645
960 2.4478966711397443
961 2.4478966711397443
962 1.4375429515297318
963 1.4375429515297318
964 2.924863860505134
965 2.924863860505134
966 2.407221791046267
967 2.407221791046267
968 2.4248146181091546
969 2.4248146181091546
970 2.332695009196528
971 2.332695009196528
972 3.235787259874579
973 3.235787259874579
974 4.112945271796056
975 4.112945271796056
976 3.9806712695657005
977 3.9806712695657005
978 3.3887052683248866
979 3.3887052683248866
980 4.507342319107101
981 4.507342319107101
982 4.343663419503654
983 0.7430849460869289
984 0.7430849460869289
985 0.784085561047664
986 0.784085561047664
987 0.639167966963528
988 4.7300164834885905
989 4.7300164834885905
990 3.105417561134712
991 3.105417561134712
992 3.4943136214359085
993 3.4943136214359085
994 3.4548357724353633
995 3.4548357724353633
996 3.921753712529585
997 3.921753712529585
998 3.5934189638654646
999 3.5934189638654646
1000 3.9997896549004914
1001 3.9997896549004914
1002 4.921257751215773
1003 4.921257751215773
1004 3.9955803571164736
1005 3.9955803571164736
1006 3.695234566319986
1007 3.695234566319986
1008 3.4765226276218675
1009 3.4765226276218675
1010 4.0229197310704805
1011 4.0229197310704805
1012 4.595366270692574
1013 4.595366270692574
1014 4.330284806920157
1015 4.330284806920157
1016 3.930171379872303
1017 3.930171379872303
1018 3.017170070783049
1019 3.017170070783049
1020 4.49816995856518
1021 4.49816995856518
1022 4.356098408129121
1023 4.356098408129121
1024 4.188300839808479
1025 4.188300839808479
1026 5.802952532305699
1027 2.433142331502794
1028 2.433142331502794
1029 2.1762637038201254
1030 2.1762637038201254
1031 2.0563178940630213
1032 2.0563178940630213
1033 2.386581905830991
1034 2.386581905830991
1035 1.3151313385942527
1036 1.1705670049031247
1037 1.1705670049031247
1038 1.260533658339854
1039 1.260533658339854
1040 1.1302032797069772
1041 1.1302032797069772
1042 1.010401886354257
1043 1.010401886354257
1044 0.9937272816260063
1045 0.9937272816260063
1046 0.9305223212234572
1047 0.9305223212234572
1048 1.1004189024243407
1049 1.1004189024243407
1050 1.1971102259768283
1051 1.1971102259768283
1052 0.8917496365659112
1053 0.8917496365659112
1054 1.3355731450148243
1055 1.3355731450148243
1056 0.8652304481144442
1057 0.8652304481144442
1058 0.9443052377968043
1059 0.9443052377968043
1060 1.0249387510538428
1061 1.0249387510538428
1062 0.8501704221378243
1063 0.8501704221378243
1064 1.0819011715252231
1065 1.0819011715252231
1066 0.206791983098008
1067 0.206791983098008
1068 0.24849887800711387
1069 0.24849887800711387
1070 0.1609194338359261
1071 0.1609194338359261
1072 0.22240155542698548
1073 0.22240155542698548
1074 0.1823137098394265
1075 0.1823137098394265
1076 0.20521699641628377
1077 0.20521699641628377
1078 0.24522483159810946
1079 0.24522483159810946
1080 0.23690339219394946
1081 0.23690339219394946
1082 0.19379229531287306
1083 0.19379229531287306
1084 0.18531432628205677
1085 0.18531432628205677
1086 0.21026886862354147
1087 0.21026886862354147
1088 0.18873741050965434
1089 0.18873741050965434
1090 0.205350458504958
1091 0.205350458504958
1092 0.22261809895147172
1093 0.22261809895147172
1094 0.16880019728422152
1095 0.16880019728422152
1096 0.14929617475004592
1097 0.14929617475004592
1098 0.17648450417844644
1099 0.17648450417844644
1100 0.23200125663592014
1101 0.23200125663592014
1102 0.14588670677887866
1103 0.14588670677887866
1104 0.18537185842287643
1105 0.18537185842287643
1106 0.20954356267280963
1107 0.20954356267280963
1108 0.2109535544074195
1109 0.2109535544074195
1110 0.1809769551686852
1111 0.1809769551686852
1112 0.23413492697342486
1113 0.23413492697342486
1114 0.21392639851790576
1115 0.21392639851790576
1116 0.13846944586640814
1117 0.13846944586640814
1118 0.18537242421562808
1119 0.18537242421562808
1120 0.2122784554576874
1121 0.2122784554576874
1122 0.1914729492204377
1123 0.1914729492204377
1124 0.2273708162267404
1125 0.2273708162267404
1126 0.17045756119574504
1127 0.17045756119574504
1128 0.19180839855499443
1129 0.19180839855499443
1130 0.20372734870083756
1131 0.20372734870083756
1132 0.21146545489533397
1133 0.21146545489533397
1134 3.1580576959175026
1135 3.1580576959175026
1136 2.2156894399530684
1137 2.2156894399530684
1138 2.6778851107760633
1139 2.6778851107760633
1140 1.9454193236420645
1141 1.9454193236420645
1142 1.8680806275097084
1143 1.8680806275097084
1144 2.6632564186521286
1145 2.6632564186521286
1146 2.0554219726488467
1147 2.0554219726488467
1148 2.473098801831981
1149 2.473098801831981
1150 2.012193992734212
1151 2.012193992734212
1152 1.5587743331975743
1153 1.5587743331975743
1154 0.23207106647895043
1155 0.23207106647895043
1156 0.16601792601879223
1157 0.16601792601879223
1158 0.18496086623799235
1159 0.18496086623799235
1160 0.1362189221825824
1161 0.1362189221825824
1162 0.1557243951465688
1163 0.1557243951465688
1164 0.15975967902410107
1165 0.15975967902410107
1166 0.24640910323994303
1167 0.24640910323994303
1168 0.2570798941475491
1169 0.2570798941475491
1170 0.26145512391438763
1171 0.26145512391438763
1172 0.19250385917640384
1173 0.19250385917640384
1174 0.2067613647831361
1175 0.2067613647831361
1176 0.2425183480905365
1177 0.2425183480905365
1178 0.1886502147440273
1179 0.1886502147440273
1180 0.24312234441848565
1181 0.24312234441848565
1182 0.21309861239514602
1183 0.21309861239514602
1184 1.0898352000473521
1185 1.0898352000473521
1186 3.1347762413109588
1187 1.516247734346975
1188 1.9897089770067367
1189 4.722342111730671
1190 4.722342111730671
1191 3.549218006321466
1192 3.549218006321466
1193 3.849680671869834
1194 3.849680671869834
1195 4.844712003436081
1196 4.844712003436081
1197 3.376930321688139
1198 3.376930321688139
1199 4.593840079102733
1200 4.593840079102733
1201 3.283672146004106
1202 3.283672146004106
1203 4.699878832242898
1204 1.1904388063205271
1205 1.1904388063205271
1206 0.9677648218862895
1207 0.9677648218862895
1208 1.327087258170312
1209 1.327087258170312
1210 1.1005851557286492
1211 1.1005851557286492
1212 1.264535484101353
1213 1.264535484101353
1214 1.040638511697695
1215 1.040638511697695
1216 1.2430957366190765
1217 3.31931202296579
1218 3.31931202296579
1219 3.645764771214497
1220 3.645764771214497
1221 3.6295533500999926
1222 3.6295533500999926
1223 4.012001182409225
1224 4.012001182409225
1225 4.542044166519591
1226 4.542044166519591
1227 4.017240732723608
1228 4.017240732723608
1229 3.4036774396999694
1230 3.4036774396999694
1231 2.641792390540891
1232 2.641792390540891
1233 3.3866020900142377
1234 3.3866020900142377
1235 4.733743702567831
1236 4.733743702567831
1237 3.172443483212017
1238 3.172443483212017
1239 3.537983742575866
1240 3.537983742575866
1241 0.4956342666556553
1242 0.4956342666556553
1243 0.6349394960195317
1244 0.6349394960195317
1245 0.583875791282105
1246 0.583875791282105
1247 0.724092660952024
1248 0.724092660952024
1249 0.7082744284161683
1250 4.954365244851816
1251 4.954365244851816
1252 3.6269871618652183
1253 3.6269871618652183
1254 3.2079067318216503
1255 3.2079067318216503
1256 3.7060517886554014
1257 3.7060517886554014
1258 2.4498778709544085
1259 1.377720207768912
1260 1.377720207768912
1261 0.9191758418680108
1262 0.9191758418680108
1263 1.0777365796015395
1264 1.0777365796015395
1265 1.3025571311601627
1266 1.3025571311601627
1267 0.9663149570818891
1268 0.9663149570818891
1269 1.3422916396905418
1270 1.3422916396905418
1271 1.0315190365754658
1272 1.0315190365754658
1273 1.1904523629787231
1274 1.1904523629787231
1275 3.242360813506532
1276 3.242360813506532
1277 2.7156788334326554
1278 2.7156788334326554
1279 2.750492564597312
1280 2.750492564597312
1281 3.540594621442649
1282 3.540594621442649
1283 3.4007596358633214
1284 3.4007596358633214
1285 3.6168271273785657
1286 3.6168271273785657
1287 3.5803017146950613
1288 3.5803017146950613
1289 3.74093071146431
1290 3.74093071146431
1291 3.527208004999165
1292 3.527208004999165
1293 3.555156189778826
1294 3.555156189778826
1295 2.947143493511227
1296 2.947143493511227
1297 3.472791080757072
1298 3.55192140359598
1299 3.55192140359598
1300 2.1266800638525805
1301 2.1266800638525805
1302 3.595298520350303
1303 3.595298520350303
1304 3.878601252222809
1305 3.878601252222809
1306 4.17885769736342
1307 4.17885769736342
1308 3.1816868614873353
1309 3.1816868614873353
1310 4.036461221207579
1311 4.036461221207579
1312 3.662221058820765
1313 3.662221058820765
1314 4.709266406992981
1315 4.709266406992981
1316 3.995027347232519
1317 3.995027347232519
1318 4.002735178443281
1319 4.002735178443281
1320 3.1603172866502485
1321 3.1603172866502485
1322 3.4012952213808045
1323 3.4012952213808045
1324 2.6098512599133077
1325 2.6098512599133077
1326 3.483861227251481
1327 3.483861227251481
1328 4.720181473143937
1329 2.344879981291623
1330 2.344879981291623
1331 1.9800130382729588
1332 1.9800130382729588
1333 3.5702239627183125
1334 3.5702239627183125
1335 2.6798687320267622
1336 2.6798687320267622
1337 1.8695725918731927
1338 1.8695725918731927
1339 2.4002298188862636
1340 2.4002298188862636
1341 2.8385203852295455
1342 2.8385203852295455
1343 3.468141649541768
1344 3.468141649541768
1345 3.223271201325677
1346 3.223271201325677
1347 2.783966610959697
1348 2.783966610959697
1349 3.7128991612315456
1350 3.7128991612315456
1351 2.6804872145385343
1352 2.6804872145385343
1353 2.1750708747130743
1354 2.1750708747130743
1355 3.052265529070361
1356 3.052265529070361
1357 2.1867017588175033
1358 2.1867017588175033
1359 2.3114090307284743
1360 2.3114090307284743
1361 2.2736374607343395
1362 2.2736374607343395
1363 1.845207265554078
1364 1.845207265554078
1365 3.104295361987681
1366 3.104295361987681
1367 3.329571950894345
1368 3.329571950894345
1369 2.377766770982272
1370 2.377766770982272
1371 2.5373537993723967
1372 2.5373537993723967
1373 2.1585561704880596
1374 2.1585561704880596
1375 2.7664553463636214
1376 2.7664553463636214
1377 1.47956736234394
1378 1.47956736234394
1379 2.1522495129692736
1380 2.1522495129692736
1381 2.350884230319813
1382 2.350884230319813
1383 1.8904602127920764
1384 1.8904602127920764
1385 2.722247047246062
1386 2.722247047246062
1387 2.8793257707322635
1388 2.8793257707322635
1389 2.4078466258390367
1390 2.4078466258390367
1391 2.3295439207742925
1392 2.3295439207742925
1393 2.065971610302176
1394 2.065971610302176
1395 2.317885674850646
1396 2.317885674850646
1397 3.096703752470962
1398 3.096703752470962
1399 2.68920231908716
1400 2.68920231908716
1401 2.5874836738458695
1402 2.5874836738458695
1403 2.4256368347374737
1404 2.4256368347374737
1405 2.9674705001872788
1406 2.9674705001872788
1407 2.0606659917244685
1408 2.0606659917244685
1409 2.9332240953513025
1410 2.9332240953513025
1411 2.6647615628961803
1412 2.6647615628961803
1413 2.3233740759590615
1414 2.3233740759590615
1415 3.8658064576006472
1416 3.8658064576006472
1417 3.855111894236189
1418 3.855111894236189
1419 3.4412214118473416
1420 3.4412214118473416
1421 3.4047703733621946
1422 3.4047703733621946
1423 2.0669522677558154
1424 2.0669522677558154
1425 2.44892958637022
1426 2.44892958637022
1427 3.242525517093143
1428 3.242525517093143
1429 3.57370737848049
1430 3.57370737848049
1431 2.9774749177232325
1432 2.9774749177232325
1433 2.494043200335656
1434 2.494043200335656
1435 2.754131995223559
1436 2.754131995223559
1437 2.7906925567335286
1438 2.7906925567335286
1439 3.3610735712956736
1440 3.3610735712956736
1441 3.6268579844204005
1442 3.6268579844204005
1443 2.4753379846613024
1444 2.4753379846613024
1445 3.248385835406163
1446 3.248385835406163
1447 3.661127929595401
1448 3.661127929595401
1449 2.7319037362962737
1450 2.7319037362962737
1451 3.611972101907689
1452 3.611972101907689
1453 2.9807729476270355
1454 2.9807729476270355
1455 2.8036871928934937
1456 2.8036871928934937
1457 2.5496597013108313
1458 2.5496597013108313
1459 3.0814454871024197
1460 3.0814454871024197
1461 2.1524853544249924
1462 2.1524853544249924
1463 2.1113304019519172
1464 2.1113304019519172
1465 3.8244094556692554
1466 3.8244094556692554
1467 2.394220927417405
1468 2.394220927417405
1469 3.555495153987697
1470 1.1519991502056182
1471 1.1519991502056182
1472 0.7301505510517123
1473 0.7301505510517123
1474 3.8625879549825965
1475 3.8625879549825965
1476 3.4304198919316695
1477 3.4304198919316695
1478 4.533787237766376
1479 4.035715848604884
1480 4.035715848604884
1481 3.6416672097061147
1482 3.6416672097061147
1483 4.122193526367713
1484 4.122193526367713
1485 2.4152857872871145
1486 2.4152857872871145
1487 2.808467044653489
1488 2.808467044653489
1489 3.049174953632158
1490 3.049174953632158
1491 3.1161547361338733
1492 3.1161547361338733
1493 3.8612860056755927
1494 3.8612860056755927
1495 3.4076808196941446
1496 3.4076808196941446
1497 2.938484653157174
1498 2.938484653157174
1499 3.152198492133041
1500 3.152198492133041
1501 3.6949215448891555
1502 3.6949215448891555
1503 2.6667302326356364
1504 2.6667302326356364
1505 2.9994504090654894
1506 2.9994504090654894
1507 3.4671194877417313
1508 3.4671194877417313
1509 2.7388640849428114
1510 2.7388640849428114
1511 4.137965060214628
1512 4.137965060214628
1513 3.421806627920721
1514 0.648251350155415
1515 0.648251350155415
1516 0.7944060201899976
1517 0.7944060201899976
1518 0.5608848076204588
1519 0.5608848076204588
1520 0.6635783907987306
1521 0.6635783907987306
1522 0.610594008874777
1523 0.610594008874777
1524 0.3731725546204191
1525 0.3731725546204191
1526 0.5716845032716744
1527 0.5716845032716744
1528 0.5702507091024925
1529 2.2797797351940003
1530 2.2797797351940003
1531 2.049714293393271
1532 2.049714293393271
1533 2.2195192386553044
1534 2.2195192386553044
1535 2.8019762213553636
1536 2.8019762213553636
1537 2.6609222362736213
1538 2.6609222362736213
1539 2.3266133141591445
1540 2.3266133141591445
1541 3.094068190369375
1542 3.094068190369375
1543 2.885152375334466
1544 3.129401153922727
1545 3.129401153922727
1546 3.6370054235228593
1547 3.6370054235228593
1548 3.2477787286270003
1549 3.2477787286270003
1550 2.968941362244343
1551 2.968941362244343
1552 3.40164056276104
1553 3.40164056276104
1554 5.665039510037568
1555 3.563259819456734
1556 3.563259819456734
1557 3.287068104921315
1558 3.287068104921315
1559 3.0310992892366735
1560 3.0310992892366735
1561 1.9632369753631553
1562 1.9632369753631553
1563 3.2700925598635426
1564 3.2700925598635426
1565 3.1923607323266956
1566 3.1923607323266956
1567 2.761004242337061
1568 2.761004242337061
1569 3.9135903472287605
1570 3.9135903472287605
1571 2.6741084603504537
1572 2.6741084603504537
1573 3.9827304891323716
1574 3.9827304891323716
1575 3.0759742661604172
1576 3.0759742661604172
1577 3.244876412198197
1578 3.2168653327052654
1579 3.2168653327052654
1580 4.21327677595612
1581 4.21327677595612
1582 2.895418354882739
1583 2.895418354882739
1584 3.1194934786226836
1585 3.1194934786226836
1586 3.481702215556673
1587 3.481702215556673
1588 3.50833902357058
1589 1.3429478820752714
1590 1.3429478820752714
1591 1.4984330748704529
1592 2.8347849230195523
1593 2.8347849230195523
1594 3.250935532710675
1595 3.250935532710675
1596 2.469918935862418
1597 2.469918935862418
1598 3.546186445145054
1599 3.546186445145054
1600 2.979531455002122
1601 2.979531455002122
1602 2.7546844339859584
1603 2.7546844339859584
1604 2.8286700766065196
1605 2.8286700766065196
1606 2.8562609088281565
1607 2.8562609088281565
1608 1.6278316401367028
1609 1.6278316401367028
1610 2.9987691018761358
1611 2.9987691018761358
1612 2.926490723848048
1613 2.926490723848048
1614 2.070184740244544
1615 2.070184740244544
1616 2.9866320452462642
1617 2.9866320452462642
1618 3.8988271024262553
1619 3.8988271024262553
1620 2.705632653475965
1621 2.705632653475965
1622 2.844618642589893
1623 2.844618642589893
1624 2.4424066739964756
1625 2.4424066739964756
1626 1.460531678892752
1627 1.460531678892752
1628 2.7868603618868635
1629 2.7868603618868635
1630 2.621468305740336
1631 2.621468305740336
1632 4.017826243579423
1633 4.017826243579423
1634 3.2680696808378835
1635 3.2680696808378835
1636 3.2724296699378566
1637 3.2724296699378566
1638 5.293540143429563
1639 5.293540143429563
1640 3.575527562083356
1641 3.575527562083356
1642 5.048363465570541
1643 5.048363465570541
1644 4.57849823434212
1645 4.57849823434212
1646 4.212630611112669
1647 4.212630611112669
1648 4.409796085789224
1649 4.409796085789224
1650 5.797520355557348
1651 5.797520355557348
1652 4.7876243045383635
1653 4.7876243045383635
1654 3.8954045248592735
1655 3.8954045248592735
1656 3.913445291682481
1657 3.913445291682481
1658 4.539517968761538
1659 4.539517968761538
1660 3.785234965110593
1661 3.785234965110593
1662 4.844174064076736
1663 4.844174064076736
1664 3.598318579900688
1665 3.598318579900688
1666 4.489129337805654
1667 4.489129337805654
1668 4.314677505678733
1669 3.277787346066896
1670 3.277787346066896
1671 2.100852906169905
1672 2.100852906169905
1673 3.357364266108438
1674 3.357364266108438
1675 3.3342960595116526
1676 3.3342960595116526
1677 3.4921690796133555
1678 3.4921690796133555
1679 2.616662406406783
1680 2.616662406406783
1681 3.575487867944959
1682 3.575487867944959
1683 2.6612248889213537
1684 2.6612248889213537
1685 3.834661434571732
1686 3.834661434571732
1687 3.9847539769621445
1688 3.9847539769621445
1689 2.8228981177245767
1690 2.8228981177245767
1691 3.9701813283125222
1692 3.9701813283125222
1693 3.6740412123045902
1694 3.6740412123045902
1695 3.2659042769623547
1696 3.2659042769623547
1697 3.437470674807127
1698 3.437470674807127
1699 3.9279763299195363
1700 3.9279763299195363
1701 3.194738620386124
1702 3.194738620386124
1703 3.710027937418642
1704 3.710027937418642
1705 3.613799383581205
1706 3.613799383581205
1707 3.7926068977676843
1708 1.7266593914019865
1709 1.7266593914019865
1710 1.154714354395748
1711 1.154714354395748
1712 1.7291081468319396
1713 1.7291081468319396
1714 1.5387015909612247
1715 0.22410217926327675
1716 0.22410217926327675
1717 0.25441427721120247
1718 0.25441427721120247
1719 0.15774921318537993
1720 0.15774921318537993
1721 0.12119715693821609
1722 0.12119715693821609
1723 0.20547897114498487
1724 0.20547897114498487
1725 0.2224530331708406
1726 0.2224530331708406
1727 0.14655804812626477
1728 0.14655804812626477
1729 0.26263648059198197
1730 0.26263648059198197
1731 0.2027039944658798
1732 0.2027039944658798
1733 0.24466053595289425
1734 0.24466053595289425
1735 2.7760860009836983
1736 2.7760860009836983
1737 3.3590465402384306
1738 3.3590465402384306
1739 3.609502692552901
1740 0.8018531067298513
1741 0.8018531067298513
1742 0.8305543335690038
1743 0.8305543335690038
1744 0.6587993526732789
1745 0.6587993526732789
1746 0.6231631516541287
1747 0.6231631516541287
1748 0.7188551768639162
1749 2.7584382019723477
1750 2.7584382019723477
1751 2.4456012719272198
1752 2.4456012719272198
1753 2.852844060619325
1754 2.852844060619325
1755 2.7420175972523424
1756 2.7420175972523424
1757 3.909336515302662
1758 3.909336515302662
1759 3.308686211537692
1760 3.308686211537692
1761 3.010638364691249
1762 3.010638364691249
1763 2.858315144650937
1764 2.858315144650937
1765 2.4726151307208366
1766 2.4726151307208366
1767 3.3563198892019113
1768 3.3563198892019113
1769 2.9461997380527305
1770 1.3291620242024775
1771 1.3291620242024775
1772 1.3824701876820171
1773 1.3824701876820171
1774 1.289196872563199
1775 1.289196872563199
1776 1.105846633038983
1777 1.105846633038983
1778 0.9512752415253698
1779 0.9512752415253698
1780 0.9219518494458613
1781 0.9219518494458613
1782 0.6851247173492063
1783 0.6851247173492063
1784 0.97173497402429
1785 0.97173497402429
1786 0.8542037165927252
1787 0.8542037165927252
1788 3.406983508519829
1789 3.406983508519829
1790 3.3905235753235887
1791 3.3905235753235887
1792 2.655285994173605
1793 2.655285994173605
1794 2.8451759370221845
1795 2.8451759370221845
1796 3.072485685295373
1797 3.072485685295373
1798 2.6322334913497083
1799 2.6322334913497083
1800 2.5428837081656175
1801 2.5428837081656175
1802 3.4216790166519644
1803 3.4216790166519644
1804 1.859420071700858
1805 1.859420071700858
1806 2.7585941342886735
1807 2.7585941342886735
1808 3.2881270255182704
1809 3.2881270255182704
1810 0.5959957473751417
1811 0.5959957473751417
1812 0.7307649084276014
1813 0.7307649084276014
1814 0.6485155893151912
1815 0.6485155893151912
1816 0.6947897372009761
1817 0.6947897372009761
1818 0.5378839927280015
1819 0.5378839927280015
1820 0.6420496352205491
1821 1.8252327804471928
1822 1.8252327804471928
1823 2.3441220386682446
1824 2.3441220386682446
1825 2.009521126412654
1826 2.009521126412654
1827 2.1691015860268217
1828 2.1691015860268217
1829 3.0184019300874643
1830 3.0184019300874643
1831 2.720659659970116
1832 2.720659659970116
1833 2.8145265043615506
1834 2.8145265043615506
1835 1.4577085046879243
1836 1.4577085046879243
1837 2.0187103704454623
1838 2.0187103704454623
1839 2.4271039544706667
1840 2.4271039544706667
1841 2.1600333475319298
1842 2.1600333475319298
1843 2.547524794900264
1844 2.547524794900264
1845 2.386973888269458
1846 2.386973888269458
1847 2.3773754691691993
1848 0.5741067927593086
1849 0.5741067927593086
1850 0.6365493232567003
1851 0.6365493232567003
1852 0.4288198339032323
1853 0.4288198339032323
1854 0.5836996851477073
1855 0.5836996851477073
1856 0.7227094654960916
1857 0.7227094654960916
1858 0.6418770875607285
1859 0.6418770875607285
1860 0.6371902355364202
1861 0.6371902355364202
1862 0.5491512153022853
1863 0.5491512153022853
1864 0.5418495213421725
1865 0.5418495213421725
1866 0.6272773394912121
1867 0.6272773394912121
1868 3.344175373088854
1869 3.344175373088854
1870 3.828932484513952
1871 3.828932484513952
1872 2.5048470320942533
1873 2.5048470320942533
1874 2.864156604552711
1875 2.864156604552711
1876 5.031156622447307
1877 5.031156622447307
1878 3.7126306530655815
1879 1.449711871753833
1880 1.449711871753833
1881 3.070323434197523
1882 0.7139247272910425
1883 0.7139247272910425
1884 0.6693597621183299
1885 0.6693597621183299
1886 0.5465824922135852
1887 0.5465824922135852
1888 0.7044262029054762
1889 0.7044262029054762
1890 0.6361185541543863
1891 0.6361185541543863
1892 0.607159318296123
1893 0.607159318296123
1894 0.5109538021632544
1895 0.5109538021632544
1896 0.6812272933166021
1897 0.6812272933166021
1898 0.5897519231973336
1899 0.5897519231973336
1900 0.5818855323054648
1901 0.5818855323054648
1902 2.8867944849218
1903 2.8867944849218
1904 3.1514819768955245
1905 3.1514819768955245
1906 2.611405992219517
1907 2.611405992219517
1908 2.58785025638461
1909 2.58785025638461
1910 3.382733915215147
1911 3.382733915215147
1912 2.0985313148723153
1913 2.0985313148723153
1914 1.7797709774903705
1915 1.7797709774903705
1916 2.4585065085197995
1917 2.4585065085197995
1918 2.5878272723074622
1919 2.5878272723074622
1920 3.011917431651353
1921 3.011917431651353
1922 2.105652570311
1923 2.105652570311
1924 2.889692829026334
1925 0.777610539691144
1926 4.4089638053656905
1927 4.4089638053656905
1928 2.8371808868117783
1929 2.8371808868117783
1930 3.9537611062941407
1931 3.9537611062941407
1932 4.1086601523434805
1933 4.1086601523434805
1934 4.28604836446866
1935 4.28604836446866
1936 4.235208369255569
1937 4.235208369255569
1938 1.2457298338293346
1939 1.2457298338293346
1940 1.3924711763018611
1941 1.3924711763018611
1942 1.236845724570799
1943 1.236845724570799
1944 1.1130319984949155
1945 1.1130319984949155
1946 1.2073885662844002
1947 1.2073885662844002
1948 0.7233771098456785
1949 0.7233771098456785
1950 1.1556598022402464
1951 1.1556598022402464
1952 1.0014554388833954
1953 1.0014554388833954
1954 0.9169732064271606
1955 0.9169732064271606
1956 0.7393547035820176
1957 0.7393547035820176
1958 0.9834032354473833
1959 0.9834032354473833
1960 1.113838031654849
1961 1.113838031654849
1962 1.1837704639694167
1963 1.1837704639694167
1964 1.0381852496427197
1965 1.0381852496427197
1966 1.31314202309264
1967 1.31314202309264
1968 1.1980991993850525
1969 1.1980991993850525
1970 1.0696163608295597
1971 1.0696163608295597
1972 1.0724570774841702
1973 1.0724570774841702
1974 1.0119278416499389
1975 1.0119278416499389
1976 1.0963784155087424
1977 1.0963784155087424
1978 1.181300501546113
1979 1.181300501546113
1980 1.3782214961757844
1981 1.3782214961757844
1982 0.9649171825570814
1983 0.9649171825570814
1984 1.020401020279941
1985 1.020401020279941
1986 1.0971957659429907
1987 1.0971957659429907
1988 1.2214645402725588
1989 1.2214645402725588
1990 1.107265194301292
1991 1.107265194301292
1992 1.1678170842413937
1993 1.1678170842413937
1994 0.9878351422080694
1995 0.9878351422080694
1996 1.2853234557603475
1997 1.2853234557603475
1998 0.9769440649262503
1999 0.9769440649262503
