0 5.084779586399381
1 5.084779586399381
2 5.084779586399381
3 5.084779586399381
4 5.084779586399381
5 5.067384945278454
6 5.067384945278454
7 5.067384945278454
8 5.067384945278454
9 5.067384945278454
10 4.510580051702509
11 4.510580051702509
12 4.510580051702509
13 4.510580051702509
14 4.510580051702509
15 4.461333891227683
16 4.461333891227683
17 4.461333891227683
18 4.461333891227683
19 4.461333891227683
20 3.993224259088274
21 3.993224259088274
22 3.993224259088274
23 3.993224259088274
24 3.993224259088274
25 3.624894107159562
26 3.624894107159562
27 3.624894107159562
28 3.624894107159562
29 3.624894107159562
30 3.7260281550449736
31 3.7260281550449736
32 3.7260281550449736
33 3.7260281550449736
34 3.7260281550449736
35 3.5701194939072836
36 3.5701194939072836
37 3.5701194939072836
38 3.5701194939072836
39 3.5701194939072836
40 3.919496138765441
41 3.919496138765441
42 3.919496138765441
43 3.919496138765441
44 3.919496138765441
45 2.744459845188354
46 2.744459845188354
47 2.744459845188354
48 2.744459845188354
49 2.744459845188354
50 3.8444335387924617
51 3.8444335387924617
52 3.8444335387924617
53 3.8444335387924617
54 3.8444335387924617
55 3.5152650009976503
56 3.5152650009976503
57 3.5152650009976503
58 3.5152650009976503
59 3.5152650009976503
60 4.462931913447878
61 4.462931913447878
62 4.462931913447878
63 4.462931913447878
64 4.462931913447878
65 2.9336007100050345
66 2.9336007100050345
67 2.9336007100050345
68 2.9336007100050345
69 2.9336007100050345
70 3.9967371733120904
71 3.9967371733120904
72 3.9967371733120904
73 3.9967371733120904
74 3.9967371733120904
75 4.143254119170308
76 4.143254119170308
77 4.143254119170308
78 4.143254119170308
79 4.143254119170308
80 3.9052307350255235
81 3.9052307350255235
82 3.9052307350255235
83 3.9052307350255235
84 3.9052307350255235
85 4.242561060920841
86 4.242561060920841
87 4.242561060920841
88 4.242561060920841
89 4.242561060920841
90 3.713178323353261
91 3.713178323353261
92 3.713178323353261
93 3.713178323353261
94 3.713178323353261
95 4.289942098823257
96 4.289942098823257
97 4.289942098823257
98 4.289942098823257
99 4.289942098823257
100 3.62911351229494
101 3.62911351229494
102 3.62911351229494
103 3.62911351229494
104 3.62911351229494
105 3.5473424246513607
106 3.5473424246513607
107 3.5473424246513607
108 3.5473424246513607
109 3.5473424246513607
110 3.146001558522974
111 3.146001558522974
112 3.146001558522974
113 3.146001558522974
114 3.146001558522974
115 4.286821760075162
116 4.286821760075162
117 4.286821760075162
118 4.286821760075162
119 4.286821760075162
120 4.127891698351305
121 4.127891698351305
122 4.127891698351305
123 4.127891698351305
124 4.127891698351305
125 4.279686748283317
126 4.279686748283317
127 4.279686748283317
128 4.279686748283317
129 4.279686748283317
130 3.218967297013777
131 3.218967297013777
132 3.218967297013777
133 3.218967297013777
134 3.218967297013777
135 5.371025172847196
136 5.371025172847196
137 5.371025172847196
138 5.371025172847196
139 5.371025172847196
140 4.981593806379999
141 4.981593806379999
142 4.981593806379999
143 4.981593806379999
144 4.981593806379999
145 2.932854191961538
146 2.932854191961538
147 2.932854191961538
148 2.932854191961538
149 2.932854191961538
150 4.9725591036688686
151 4.9725591036688686
152 4.9725591036688686
153 4.9725591036688686
154 4.9725591036688686
155 3.378548728512307
156 3.378548728512307
157 3.378548728512307
158 3.378548728512307
159 3.378548728512307
160 2.3780137635050456
161 2.3780137635050456
162 2.3780137635050456
163 2.3780137635050456
164 2.3780137635050456
165 2.7670195078709634
166 2.7670195078709634
167 2.7670195078709634
168 2.7670195078709634
169 2.7670195078709634
170 1.987741155339753
171 1.987741155339753
172 1.987741155339753
173 1.987741155339753
174 1.987741155339753
175 2.465022516404587
176 2.465022516404587
177 2.465022516404587
178 2.465022516404587
179 2.465022516404587
180 2.845121487444107
181 2.845121487444107
182 2.845121487444107
183 2.845121487444107
184 2.845121487444107
185 2.897823087170335
186 2.897823087170335
187 2.897823087170335
188 2.897823087170335
189 2.897823087170335
190 2.7069806958779936
191 2.7069806958779936
192 2.7069806958779936
193 2.7069806958779936
194 2.7069806958779936
195 2.5998509515532104
196 2.5998509515532104
197 2.5998509515532104
198 2.5998509515532104
199 2.5998509515532104
200 2.7066097064329555
201 2.7066097064329555
202 2.7066097064329555
203 2.7066097064329555
204 2.7066097064329555
205 2.257001403672701
206 2.257001403672701
207 2.257001403672701
208 2.257001403672701
209 2.257001403672701
210 2.8952959802154883
211 2.8952959802154883
212 2.8952959802154883
213 2.8952959802154883
214 2.8952959802154883
215 2.5486047623369767
216 2.5486047623369767
217 2.5486047623369767
218 2.5486047623369767
219 2.5486047623369767
220 2.188259029785917
221 2.188259029785917
222 2.188259029785917
223 2.188259029785917
224 2.188259029785917
225 2.8182986355303403
226 2.8182986355303403
227 2.8182986355303403
228 2.8182986355303403
229 2.8182986355303403
230 1.7984541127820735
231 1.7984541127820735
232 1.7984541127820735
233 1.7984541127820735
234 1.7984541127820735
235 2.5491544901200527
236 2.5491544901200527
237 2.5491544901200527
238 2.5491544901200527
239 2.5491544901200527
240 2.3749171508519966
241 2.3749171508519966
242 2.3749171508519966
243 2.3749171508519966
244 2.3749171508519966
245 2.5390573646889942
246 2.5390573646889942
247 2.5390573646889942
248 2.5390573646889942
249 2.5390573646889942
250 1.8673586260070216
251 1.8673586260070216
252 1.8673586260070216
253 1.8673586260070216
254 1.8673586260070216
255 2.639963250417324
256 2.639963250417324
257 2.639963250417324
258 2.639963250417324
259 2.639963250417324
260 2.19393403606896
261 2.19393403606896
262 2.19393403606896
263 2.19393403606896
264 2.19393403606896
265 2.402371517107988
266 2.402371517107988
267 2.402371517107988
268 2.402371517107988
269 2.402371517107988
270 2.8329528194408398
271 2.8329528194408398
272 2.8329528194408398
273 2.8329528194408398
274 2.8329528194408398
275 2.5944942210314967
276 2.5944942210314967
277 2.5944942210314967
278 2.5944942210314967
279 2.5944942210314967
280 2.491216416846428
281 2.491216416846428
282 2.491216416846428
283 2.491216416846428
284 2.491216416846428
285 2.2467873750844536
286 2.2467873750844536
287 2.2467873750844536
288 2.2467873750844536
289 2.2467873750844536
290 3.210032217135246
291 3.210032217135246
292 3.210032217135246
293 3.210032217135246
294 3.210032217135246
295 2.8538360877083404
296 2.8538360877083404
297 2.8538360877083404
298 2.8538360877083404
299 2.8538360877083404
300 2.404976045800407
301 2.404976045800407
302 2.404976045800407
303 2.404976045800407
304 2.404976045800407
305 2.636691236791069
306 2.636691236791069
307 2.636691236791069
308 2.636691236791069
309 2.636691236791069
310 2.1413536149389163
311 2.1413536149389163
312 2.1413536149389163
313 2.1413536149389163
314 2.1413536149389163
315 1.574402600426228
316 1.574402600426228
317 1.574402600426228
318 1.574402600426228
319 1.574402600426228
320 1.7341201469283256
321 1.7341201469283256
322 1.7341201469283256
323 1.7341201469283256
324 1.7341201469283256
325 3.279585832404547
326 3.279585832404547
327 3.279585832404547
328 3.279585832404547
329 3.279585832404547
330 2.911408809272246
331 2.911408809272246
332 2.911408809272246
333 2.911408809272246
334 2.911408809272246
335 3.1890337205997303
336 3.1890337205997303
337 3.1890337205997303
338 3.1890337205997303
339 3.1890337205997303
340 2.1713356782285507
341 2.1713356782285507
342 2.1713356782285507
343 2.1713356782285507
344 2.1713356782285507
345 1.8760529229316874
346 1.8760529229316874
347 1.8760529229316874
348 1.8760529229316874
349 1.8760529229316874
350 2.6178968971483596
351 2.6178968971483596
352 2.6178968971483596
353 2.6178968971483596
354 2.6178968971483596
355 2.9255974405659906
356 2.9255974405659906
357 2.9255974405659906
358 2.9255974405659906
359 2.9255974405659906
360 2.865932359971013
361 2.865932359971013
362 2.865932359971013
363 2.865932359971013
364 2.865932359971013
365 2.294281357663193
366 2.294281357663193
367 2.294281357663193
368 2.294281357663193
369 2.294281357663193
370 3.2281032419897437
371 3.2281032419897437
372 3.2281032419897437
373 3.2281032419897437
374 3.2281032419897437
375 2.81294218512113
376 2.81294218512113
377 2.81294218512113
378 2.81294218512113
379 2.81294218512113
380 2.2915483345774863
381 2.2915483345774863
382 2.2915483345774863
383 2.2915483345774863
384 2.2915483345774863
385 2.3764113745763833
386 2.3764113745763833
387 2.3764113745763833
388 2.3764113745763833
389 2.3764113745763833
390 2.723895051956387
391 2.723895051956387
392 2.723895051956387
393 2.723895051956387
394 2.723895051956387
395 2.6223994519172753
396 2.6223994519172753
397 2.6223994519172753
398 2.6223994519172753
399 2.6223994519172753
400 2.4828032779144134
401 2.4828032779144134
402 2.4828032779144134
403 2.4828032779144134
404 2.4828032779144134
405 2.0171681290933865
406 2.0171681290933865
407 2.0171681290933865
408 2.0171681290933865
409 2.0171681290933865
410 2.9203762845376224
411 2.9203762845376224
412 2.9203762845376224
413 2.9203762845376224
414 2.9203762845376224
415 2.423692922176454
416 2.423692922176454
417 2.423692922176454
418 2.423692922176454
419 2.423692922176454
420 3.0342211491132245
421 3.0342211491132245
422 3.0342211491132245
423 3.480433275708833
424 3.480433275708833
425 3.480433275708833
426 3.480433275708833
427 3.480433275708833
428 3.0717515060490643
429 3.0717515060490643
430 3.0717515060490643
431 3.0717515060490643
432 3.0717515060490643
433 2.6876968176770477
434 2.6876968176770477
435 2.6876968176770477
436 2.6876968176770477
437 2.6876968176770477
438 2.11761110522065
439 2.11761110522065
440 2.11761110522065
441 2.11761110522065
442 2.11761110522065
443 2.91245802717521
444 2.91245802717521
445 2.91245802717521
446 2.91245802717521
447 2.91245802717521
448 2.26242869192534
449 2.26242869192534
450 2.26242869192534
451 2.26242869192534
452 2.26242869192534
453 2.4931177773715216
454 2.4931177773715216
455 2.4931177773715216
456 2.4931177773715216
457 2.4931177773715216
458 2.6231202888554215
459 2.6231202888554215
460 2.6231202888554215
461 2.6231202888554215
462 2.6231202888554215
463 2.8568966265586773
464 2.8568966265586773
465 2.8568966265586773
466 2.8568966265586773
467 2.8568966265586773
468 3.310951948713997
469 3.310951948713997
470 3.310951948713997
471 3.310951948713997
472 3.310951948713997
473 3.743412395424965
474 3.743412395424965
475 3.743412395424965
476 3.743412395424965
477 3.743412395424965
478 3.0899350449729877
479 3.0899350449729877
480 3.0899350449729877
481 3.0899350449729877
482 3.0899350449729877
483 2.5048708440108864
484 2.5048708440108864
485 2.5048708440108864
486 2.5048708440108864
487 2.5048708440108864
488 3.1649652356747664
489 3.1649652356747664
490 3.1649652356747664
491 3.1649652356747664
492 3.1649652356747664
493 2.9699735007780492
494 2.9699735007780492
495 2.9699735007780492
496 2.9699735007780492
497 2.9699735007780492
498 2.7753974104356915
499 2.7753974104356915
500 2.7753974104356915
501 2.7753974104356915
502 2.7753974104356915
503 3.17370408796894
504 3.17370408796894
505 3.17370408796894
506 3.17370408796894
507 3.17370408796894
508 2.044241478265879
509 2.044241478265879
510 2.044241478265879
511 2.044241478265879
512 2.044241478265879
513 2.680348259283005
514 2.680348259283005
515 2.680348259283005
516 2.680348259283005
517 2.680348259283005
518 2.5571339051084183
519 2.5571339051084183
520 2.5571339051084183
521 2.5571339051084183
522 2.5571339051084183
523 2.3184966839607557
524 2.3184966839607557
525 2.3184966839607557
526 2.3184966839607557
527 2.3184966839607557
528 2.831163374829819
529 2.831163374829819
530 2.831163374829819
531 2.831163374829819
532 2.831163374829819
533 2.557751625637486
534 2.557751625637486
535 2.557751625637486
536 2.557751625637486
537 2.557751625637486
538 2.5232945232363284
539 2.5232945232363284
540 2.5232945232363284
541 2.5232945232363284
542 2.5232945232363284
543 2.673977822491179
544 2.673977822491179
545 2.673977822491179
546 2.673977822491179
547 2.673977822491179
548 2.962250949165702
549 2.962250949165702
550 2.962250949165702
551 2.962250949165702
552 2.962250949165702
553 2.640074265954795
554 2.640074265954795
555 2.640074265954795
556 2.640074265954795
557 2.640074265954795
558 2.846823017696652
559 2.846823017696652
560 2.846823017696652
561 2.846823017696652
562 2.846823017696652
563 3.681323892975725
564 3.681323892975725
565 3.681323892975725
566 3.681323892975725
567 3.681323892975725
568 2.7644810161291717
569 2.7644810161291717
570 2.7644810161291717
571 2.7644810161291717
572 2.7644810161291717
573 2.801522887887141
574 2.801522887887141
575 2.801522887887141
576 2.801522887887141
577 2.801522887887141
578 3.4708630783863206
579 3.4708630783863206
580 3.4708630783863206
581 3.4708630783863206
582 3.4708630783863206
583 2.575992542918313
584 2.575992542918313
585 2.575992542918313
586 2.575992542918313
587 2.9435923731339244
588 2.9435923731339244
589 2.9435923731339244
590 2.9435923731339244
591 2.9435923731339244
592 2.898562690342911
593 2.898562690342911
594 2.898562690342911
595 2.898562690342911
596 2.898562690342911
597 2.3890128381376625
598 2.3890128381376625
599 2.3890128381376625
600 2.3890128381376625
601 2.3890128381376625
602 2.4933903645237145
603 2.4933903645237145
604 2.4933903645237145
605 2.4933903645237145
606 2.4933903645237145
607 3.6024466977787366
608 0.736527238733611
609 0.736527238733611
610 0.736527238733611
611 0.736527238733611
612 0.736527238733611
613 0.6208715499618056
614 0.6208715499618056
615 0.6208715499618056
616 0.6208715499618056
617 0.6208715499618056
618 0.6492894509115176
619 0.6492894509115176
620 0.6492894509115176
621 0.6492894509115176
622 0.6492894509115176
623 0.6966208548606355
624 0.6966208548606355
625 0.6966208548606355
626 0.6966208548606355
627 0.6966208548606355
628 0.8816308008657463
629 0.8816308008657463
630 0.8816308008657463
631 0.8816308008657463
632 0.8816308008657463
633 0.6352021903612972
634 0.6352021903612972
635 0.6352021903612972
636 0.6352021903612972
637 0.6352021903612972
638 0.6638560177779871
639 0.6638560177779871
640 0.6638560177779871
641 0.6638560177779871
642 0.6638560177779871
643 0.6907172596245554
644 0.6907172596245554
645 0.6907172596245554
646 0.6907172596245554
647 0.6907172596245554
648 0.691164842057361
649 0.691164842057361
650 0.691164842057361
651 0.691164842057361
652 0.691164842057361
653 0.6793076991112752
654 0.6793076991112752
655 0.6793076991112752
656 0.6793076991112752
657 0.6793076991112752
658 0.7983864380169909
659 0.7983864380169909
660 0.7983864380169909
661 0.7983864380169909
662 0.7983864380169909
663 0.6136258727306899
664 0.6136258727306899
665 0.6136258727306899
666 0.6136258727306899
667 0.6136258727306899
668 0.7723025070509945
669 0.7723025070509945
670 0.7723025070509945
671 0.7723025070509945
672 0.7723025070509945
673 0.6638369699736614
674 0.6638369699736614
675 4.425669079699474
676 4.425669079699474
677 4.425669079699474
678 4.425669079699474
679 4.425669079699474
680 3.669126219784455
681 3.669126219784455
682 3.669126219784455
683 3.669126219784455
684 3.669126219784455
685 3.1078285398581182
686 3.1078285398581182
687 3.1078285398581182
688 3.1078285398581182
689 3.1078285398581182
690 2.7842573993540087
691 2.7842573993540087
692 2.7842573993540087
693 2.7842573993540087
694 2.7842573993540087
695 3.3231192871932875
696 3.3231192871932875
697 3.3231192871932875
698 3.3231192871932875
699 3.3231192871932875
700 3.824968571472925
701 3.824968571472925
702 3.824968571472925
703 3.824968571472925
704 3.824968571472925
705 3.474860976935378
706 3.474860976935378
707 3.474860976935378
708 3.474860976935378
709 3.474860976935378
710 4.124320823345358
711 4.124320823345358
712 4.124320823345358
713 4.124320823345358
714 4.124320823345358
715 3.5189542454966016
716 3.5189542454966016
717 3.5189542454966016
718 3.5189542454966016
719 3.5189542454966016
720 3.628098207840356
721 3.628098207840356
722 3.628098207840356
723 3.628098207840356
724 3.628098207840356
725 3.479669356837947
726 3.479669356837947
727 3.479669356837947
728 3.479669356837947
729 3.479669356837947
730 3.266105657556852
731 3.266105657556852
732 3.266105657556852
733 3.266105657556852
734 3.266105657556852
735 2.540281129043196
736 2.540281129043196
737 2.540281129043196
738 2.540281129043196
739 2.540281129043196
740 4.06979892280441
741 4.06979892280441
742 4.06979892280441
743 4.06979892280441
744 4.06979892280441
745 3.852162016134151
746 3.852162016134151
747 3.852162016134151
748 3.852162016134151
749 3.852162016134151
750 4.064317548764418
751 4.064317548764418
752 4.064317548764418
753 4.064317548764418
754 4.064317548764418
755 4.373603561793919
756 4.373603561793919
757 4.373603561793919
758 4.373603561793919
759 4.373603561793919
760 4.075431838349338
761 4.075431838349338
762 4.075431838349338
763 4.075431838349338
764 4.075431838349338
765 3.9181016437590697
766 3.9181016437590697
767 3.9181016437590697
768 3.9181016437590697
769 3.9181016437590697
770 3.6212359944376917
771 3.6212359944376917
772 3.6212359944376917
773 3.6212359944376917
774 3.6212359944376917
775 3.1773309545446997
776 3.1773309545446997
777 3.1773309545446997
778 3.1773309545446997
779 3.1773309545446997
780 3.2052776862372987
781 3.2052776862372987
782 3.2052776862372987
783 3.2052776862372987
784 3.2052776862372987
785 3.4751628216654797
786 3.4751628216654797
787 3.4751628216654797
788 3.4751628216654797
789 3.4751628216654797
790 3.049098291287756
791 3.049098291287756
792 3.049098291287756
793 3.049098291287756
794 3.049098291287756
795 3.3985764566656536
796 3.3985764566656536
797 3.3985764566656536
798 3.3985764566656536
799 3.3985764566656536
800 3.5529944580778965
801 3.5529944580778965
802 3.5529944580778965
803 3.5529944580778965
804 3.5529944580778965
805 4.000047072645352
806 4.000047072645352
807 4.000047072645352
808 4.000047072645352
809 4.000047072645352
810 3.126024491795537
811 3.126024491795537
812 3.126024491795537
813 3.126024491795537
814 3.126024491795537
815 3.4783352129644634
816 3.4783352129644634
817 3.4783352129644634
818 3.4783352129644634
819 3.4783352129644634
820 2.0541113198566787
821 4.638229380115892
822 4.638229380115892
823 4.638229380115892
824 4.638229380115892
825 4.638229380115892
826 3.390631647805341
827 3.390631647805341
828 3.390631647805341
829 3.390631647805341
830 3.390631647805341
831 4.178429363710122
832 4.178429363710122
833 4.178429363710122
834 4.178429363710122
835 4.178429363710122
836 3.34358997334277
837 3.34358997334277
838 3.34358997334277
839 3.34358997334277
840 3.34358997334277
841 3.3298123368670716
842 3.3861220474389304
843 3.3861220474389304
844 3.3861220474389304
845 3.3861220474389304
846 3.3861220474389304
847 2.8949252867205173
848 2.8949252867205173
849 2.8949252867205173
850 2.8949252867205173
851 2.8949252867205173
852 3.256762486210818
853 3.256762486210818
854 3.256762486210818
855 3.256762486210818
856 3.256762486210818
857 3.088208043920633
858 3.088208043920633
859 3.088208043920633
860 3.088208043920633
861 3.088208043920633
862 3.317937983183657
863 3.7332770822778616
864 3.7332770822778616
865 3.7332770822778616
866 3.7332770822778616
867 3.7332770822778616
868 4.10831516729756
869 4.10831516729756
870 4.10831516729756
871 4.10831516729756
872 4.10831516729756
873 3.0254398881122975
874 3.0254398881122975
875 3.0254398881122975
876 3.0254398881122975
877 3.0254398881122975
878 3.01131068277182
879 3.01131068277182
880 3.01131068277182
881 3.01131068277182
882 3.01131068277182
883 2.788001091110482
884 2.788001091110482
885 2.788001091110482
886 2.788001091110482
887 2.788001091110482
888 3.50278189935565
889 3.50278189935565
890 3.50278189935565
891 3.50278189935565
892 3.50278189935565
893 3.3999638258937717
894 3.3999638258937717
895 3.3999638258937717
896 3.3999638258937717
897 3.3999638258937717
898 3.0195176171747415
899 3.0195176171747415
900 3.0195176171747415
901 3.0195176171747415
902 3.0195176171747415
903 1.876647996224459
904 1.876647996224459
905 1.876647996224459
906 1.876647996224459
907 1.876647996224459
908 3.7529656827098274
909 3.7529656827098274
910 3.7529656827098274
911 3.7529656827098274
912 3.7529656827098274
913 3.212886630521289
914 3.212886630521289
915 3.212886630521289
916 3.212886630521289
917 3.212886630521289
918 3.959274309874932
919 3.959274309874932
920 3.959274309874932
921 3.959274309874932
922 3.959274309874932
923 4.247103317607426
924 4.247103317607426
925 4.247103317607426
926 4.247103317607426
927 4.247103317607426
928 3.326986841053676
929 3.326986841053676
930 3.326986841053676
931 3.326986841053676
932 3.326986841053676
933 4.51293577698023
934 4.51293577698023
935 1.4386564526789631
936 1.4386564526789631
937 1.4386564526789631
938 1.4386564526789631
939 1.4386564526789631
940 1.1093804391405748
941 1.1093804391405748
942 1.1093804391405748
943 1.1093804391405748
944 1.1093804391405748
945 1.3782380982477904
946 1.3782380982477904
947 1.3782380982477904
948 1.3782380982477904
949 1.3782380982477904
950 0.9603658587553724
951 0.9603658587553724
952 0.9603658587553724
953 0.9603658587553724
954 0.9603658587553724
955 1.217046115044147
956 1.217046115044147
957 1.217046115044147
958 1.217046115044147
959 1.217046115044147
960 1.1207032852177012
961 1.1207032852177012
962 1.1207032852177012
963 1.1207032852177012
964 1.1207032852177012
965 1.246011077055792
966 1.246011077055792
967 1.246011077055792
968 1.246011077055792
969 1.246011077055792
970 1.189051099813569
971 1.189051099813569
972 1.189051099813569
973 1.189051099813569
974 1.189051099813569
975 0.8144003790928203
976 0.8144003790928203
977 0.8144003790928203
978 0.8144003790928203
979 0.8144003790928203
980 0.7536594668126564
981 0.7536594668126564
982 0.7536594668126564
983 0.7536594668126564
984 0.7536594668126564
985 0.7846303443528864
986 0.7846303443528864
987 0.7846303443528864
988 0.7846303443528864
989 0.7846303443528864
990 1.4743003700237964
991 1.4743003700237964
992 1.4743003700237964
993 1.4743003700237964
994 1.4743003700237964
995 1.1932640414439735
996 1.1932640414439735
997 1.1932640414439735
998 1.1932640414439735
999 1.1932640414439735
1000 1.168735446004134
1001 1.168735446004134
1002 1.168735446004134
1003 1.168735446004134
1004 1.168735446004134
1005 0.8739893635731417
1006 0.8739893635731417
1007 0.8739893635731417
1008 0.8739893635731417
1009 0.8739893635731417
1010 1.0507588583265572
1011 1.0507588583265572
1012 1.0507588583265572
1013 1.0507588583265572
1014 1.0507588583265572
1015 1.1539683351645322
1016 1.1539683351645322
1017 1.1539683351645322
1018 1.1539683351645322
1019 1.1539683351645322
1020 0.9741232538796835
1021 0.9741232538796835
1022 0.9741232538796835
1023 0.9741232538796835
1024 0.9741232538796835
1025 0.9547166662208966
1026 0.9547166662208966
1027 0.9547166662208966
1028 0.9547166662208966
1029 0.9547166662208966
1030 1.1347171178631739
1031 1.1347171178631739
1032 1.1347171178631739
1033 1.1347171178631739
1034 1.1347171178631739
1035 1.2002070000107468
1036 1.2002070000107468
1037 1.2002070000107468
1038 1.2002070000107468
1039 1.2002070000107468
1040 0.6484078627331573
1041 0.6484078627331573
1042 0.6484078627331573
1043 0.6484078627331573
1044 0.6484078627331573
1045 0.7703820697039957
1046 0.7703820697039957
1047 0.7703820697039957
1048 0.7703820697039957
1049 0.7703820697039957
1050 1.040058918876452
1051 1.040058918876452
1052 1.040058918876452
1053 3.051817562969909
1054 3.051817562969909
1055 3.051817562969909
1056 3.051817562969909
1057 3.051817562969909
1058 3.013822021360876
1059 3.013822021360876
1060 3.013822021360876
1061 3.013822021360876
1062 3.013822021360876
1063 2.8863897011183135
1064 2.8863897011183135
1065 2.8863897011183135
1066 2.8863897011183135
1067 2.8863897011183135
1068 3.5301853711176956
1069 3.5301853711176956
1070 3.5301853711176956
1071 3.5301853711176956
1072 3.5301853711176956
1073 3.6540558746967857
1074 3.6540558746967857
1075 3.6540558746967857
1076 3.6540558746967857
1077 3.6540558746967857
1078 2.8566754744406775
1079 2.8566754744406775
1080 2.8566754744406775
1081 2.8566754744406775
1082 2.8566754744406775
1083 2.94111967377185
1084 2.94111967377185
1085 2.94111967377185
1086 2.94111967377185
1087 2.94111967377185
1088 2.8509661117650067
1089 2.8509661117650067
1090 2.8509661117650067
1091 2.8509661117650067
1092 2.8509661117650067
1093 3.17267155174762
1094 3.17267155174762
1095 3.17267155174762
1096 3.17267155174762
1097 3.17267155174762
1098 2.0851743300125203
1099 2.0851743300125203
1100 2.0851743300125203
1101 2.0851743300125203
1102 2.0851743300125203
1103 3.231866529622821
1104 3.231866529622821
1105 3.231866529622821
1106 3.231866529622821
1107 3.231866529622821
1108 2.1030835944632083
1109 2.1030835944632083
1110 2.1030835944632083
1111 2.1030835944632083
1112 2.1030835944632083
1113 2.9104296819069098
1114 2.9104296819069098
1115 2.9104296819069098
1116 2.9104296819069098
1117 2.9104296819069098
1118 2.6358833390479877
1119 2.6358833390479877
1120 2.6358833390479877
1121 2.6358833390479877
1122 2.6358833390479877
1123 4.043266704099018
1124 4.043266704099018
1125 4.043266704099018
1126 4.043266704099018
1127 4.043266704099018
1128 3.230736153985055
1129 3.230736153985055
1130 3.230736153985055
1131 3.230736153985055
1132 3.230736153985055
1133 3.148507397341773
1134 3.148507397341773
1135 3.148507397341773
1136 3.148507397341773
1137 3.148507397341773
1138 2.9156375121173252
1139 2.9156375121173252
1140 2.9156375121173252
1141 2.9156375121173252
1142 2.9156375121173252
1143 2.124454589921049
1144 2.124454589921049
1145 2.124454589921049
1146 2.124454589921049
1147 2.124454589921049
1148 2.633281838577714
1149 2.633281838577714
1150 2.633281838577714
1151 2.633281838577714
1152 2.0105907095433606
1153 2.0105907095433606
1154 2.0105907095433606
1155 2.0105907095433606
1156 2.0105907095433606
1157 1.501341545215661
1158 1.501341545215661
1159 1.501341545215661
1160 1.501341545215661
1161 1.501341545215661
1162 1.548408758884302
1163 1.548408758884302
1164 1.548408758884302
1165 1.548408758884302
1166 1.548408758884302
1167 1.3830502737481958
1168 1.3830502737481958
1169 1.3830502737481958
1170 1.3830502737481958
1171 1.3830502737481958
1172 1.721073888910227
1173 1.721073888910227
1174 1.721073888910227
1175 1.721073888910227
1176 1.721073888910227
1177 1.943673540507508
1178 1.943673540507508
1179 1.943673540507508
1180 1.943673540507508
1181 1.943673540507508
1182 1.8649037429978133
1183 1.8649037429978133
1184 1.8649037429978133
1185 1.8649037429978133
1186 1.8649037429978133
1187 1.5513302334593284
1188 4.056690421902224
1189 4.056690421902224
1190 4.056690421902224
1191 4.056690421902224
1192 4.056690421902224
1193 3.126016898672889
1194 3.126016898672889
1195 3.126016898672889
1196 3.126016898672889
1197 3.126016898672889
1198 3.969202104601784
1199 3.969202104601784
1200 3.969202104601784
1201 3.969202104601784
1202 3.969202104601784
1203 4.005806872972072
1204 4.005806872972072
1205 4.005806872972072
1206 4.005806872972072
1207 4.005806872972072
1208 4.489441915759649
1209 4.489441915759649
1210 4.489441915759649
1211 4.489441915759649
1212 4.489441915759649
1213 4.15699166373705
1214 4.15699166373705
1215 4.15699166373705
1216 4.15699166373705
1217 4.15699166373705
1218 4.584587714329659
1219 4.584587714329659
1220 4.584587714329659
1221 4.584587714329659
1222 4.584587714329659
1223 2.621838584891341
1224 2.621838584891341
1225 2.621838584891341
1226 2.621838584891341
1227 2.621838584891341
1228 4.070634372733238
1229 4.070634372733238
1230 4.070634372733238
1231 4.070634372733238
1232 4.070634372733238
1233 3.755520915293665
1234 3.755520915293665
1235 3.755520915293665
1236 3.755520915293665
1237 3.755520915293665
1238 3.530338198580538
1239 3.530338198580538
1240 3.530338198580538
1241 3.530338198580538
1242 3.530338198580538
1243 3.15137888297282
1244 3.15137888297282
1245 3.15137888297282
1246 3.15137888297282
1247 3.15137888297282
1248 4.452330286180947
1249 4.452330286180947
1250 4.452330286180947
1251 4.452330286180947
1252 4.452330286180947
1253 3.952147968311699
1254 3.952147968311699
1255 3.952147968311699
1256 3.952147968311699
1257 3.952147968311699
1258 4.054882754965082
1259 4.054882754965082
1260 4.054882754965082
1261 4.054882754965082
1262 4.054882754965082
1263 4.755366595651211
1264 4.755366595651211
1265 4.755366595651211
1266 4.755366595651211
1267 4.755366595651211
1268 2.8542742170612283
1269 2.8542742170612283
1270 2.8542742170612283
1271 2.8542742170612283
1272 2.8542742170612283
1273 4.129250023488079
1274 4.129250023488079
1275 4.129250023488079
1276 4.129250023488079
1277 4.129250023488079
1278 2.5336115104847545
1279 2.5336115104847545
1280 2.5336115104847545
1281 2.869005972636742
1282 2.869005972636742
1283 2.869005972636742
1284 2.869005972636742
1285 2.869005972636742
1286 3.748753840508704
1287 3.748753840508704
1288 3.748753840508704
1289 3.748753840508704
1290 3.748753840508704
1291 3.651357281570822
1292 3.651357281570822
1293 3.651357281570822
1294 3.651357281570822
1295 3.651357281570822
1296 2.6322708072761096
1297 2.6322708072761096
1298 2.6322708072761096
1299 2.6322708072761096
1300 2.6322708072761096
1301 3.63780986478839
1302 3.63780986478839
1303 3.63780986478839
1304 3.63780986478839
1305 3.63780986478839
1306 3.88661088984254
1307 3.88661088984254
1308 3.88661088984254
1309 3.88661088984254
1310 3.88661088984254
1311 3.898395298587547
1312 3.898395298587547
1313 3.898395298587547
1314 3.898395298587547
1315 3.898395298587547
1316 2.164773664511759
1317 1.540178701874873
1318 1.540178701874873
1319 1.540178701874873
1320 1.540178701874873
1321 1.540178701874873
1322 1.620194745697407
1323 3.9835150605921594
1324 3.9835150605921594
1325 3.9835150605921594
1326 3.9835150605921594
1327 3.9835150605921594
1328 4.157660444176225
1329 4.157660444176225
1330 4.157660444176225
1331 4.157660444176225
1332 4.157660444176225
1333 4.642149381120559
1334 4.642149381120559
1335 4.642149381120559
1336 4.642149381120559
1337 4.642149381120559
1338 0.6365727059633934
1339 0.6365727059633934
1340 0.6365727059633934
1341 0.6365727059633934
1342 0.6365727059633934
1343 0.6918636519617694
1344 0.6918636519617694
1345 0.6918636519617694
1346 0.6918636519617694
1347 0.6918636519617694
1348 0.4137210853755316
1349 0.4137210853755316
1350 0.4137210853755316
1351 0.4137210853755316
1352 0.4137210853755316
1353 0.6649244674704758
1354 0.6649244674704758
1355 0.6649244674704758
1356 4.629923867240116
1357 4.629923867240116
1358 4.629923867240116
1359 4.629923867240116
1360 4.629923867240116
1361 3.7249633396353405
1362 3.7249633396353405
1363 3.7249633396353405
1364 3.7249633396353405
1365 3.7249633396353405
1366 3.897757189747093
1367 3.897757189747093
1368 3.897757189747093
1369 3.897757189747093
1370 3.897757189747093
1371 4.104454421544068
1372 4.104454421544068
1373 4.104454421544068
1374 4.104454421544068
1375 4.104454421544068
1376 3.789600829482667
1377 3.789600829482667
1378 3.789600829482667
1379 3.789600829482667
1380 3.789600829482667
1381 3.1098507746315605
1382 3.1098507746315605
1383 3.1098507746315605
1384 3.1098507746315605
1385 3.1098507746315605
1386 2.82950258845578
1387 2.82950258845578
1388 2.82950258845578
1389 2.82950258845578
1390 2.82950258845578
1391 4.293032238329709
1392 4.293032238329709
1393 4.293032238329709
1394 4.293032238329709
1395 4.293032238329709
1396 4.563729053842721
1397 4.563729053842721
1398 4.563729053842721
1399 4.563729053842721
1400 4.563729053842721
1401 3.6577492673816248
1402 3.6577492673816248
1403 3.6577492673816248
1404 3.6577492673816248
1405 3.6577492673816248
1406 3.9698689115504977
1407 3.9698689115504977
1408 3.9698689115504977
1409 3.9698689115504977
1410 3.9698689115504977
1411 4.237394868360913
1412 4.237394868360913
1413 4.237394868360913
1414 4.237394868360913
1415 4.237394868360913
1416 3.3519630712626296
1417 3.3519630712626296
1418 3.3519630712626296
1419 3.3519630712626296
1420 3.3519630712626296
1421 2.6037719108165924
1422 2.6037719108165924
1423 2.6037719108165924
1424 2.6037719108165924
1425 2.6037719108165924
1426 3.6122789043645436
1427 3.6122789043645436
1428 3.6122789043645436
1429 3.6122789043645436
1430 3.6122789043645436
1431 3.214962176077037
1432 3.214962176077037
1433 3.214962176077037
1434 3.214962176077037
1435 3.214962176077037
1436 3.4429502296851466
1437 3.4429502296851466
1438 3.4429502296851466
1439 3.4429502296851466
1440 3.4429502296851466
1441 4.716533923480051
1442 4.716533923480051
1443 4.716533923480051
1444 4.716533923480051
1445 4.716533923480051
1446 4.2810129035809545
1447 4.2810129035809545
1448 4.2810129035809545
1449 4.2810129035809545
1450 4.2810129035809545
1451 4.023097638152845
1452 4.023097638152845
1453 4.023097638152845
1454 4.023097638152845
1455 4.023097638152845
1456 2.754079722499923
1457 2.754079722499923
1458 2.754079722499923
1459 2.754079722499923
1460 2.754079722499923
1461 4.477459756223512
1462 4.477459756223512
1463 4.477459756223512
1464 4.477459756223512
1465 4.477459756223512
1466 3.779570757180759
1467 3.779570757180759
1468 3.779570757180759
1469 3.779570757180759
1470 3.779570757180759
1471 4.003193113478259
1472 4.003193113478259
1473 4.003193113478259
1474 4.003193113478259
1475 4.003193113478259
1476 3.5159255271036147
1477 3.5159255271036147
1478 3.5159255271036147
1479 3.5159255271036147
1480 3.5159255271036147
1481 4.734260919414473
1482 4.734260919414473
1483 4.734260919414473
1484 4.734260919414473
1485 4.734260919414473
1486 3.509897295138693
1487 3.509897295138693
1488 1.3558034043455196
1489 1.3558034043455196
1490 1.3558034043455196
1491 1.3558034043455196
1492 1.3558034043455196
1493 0.9688715840036702
1494 0.9688715840036702
1495 0.9688715840036702
1496 0.9688715840036702
1497 0.9688715840036702
1498 0.8898821551981546
1499 0.8898821551981546
1500 0.8898821551981546
1501 0.8898821551981546
1502 0.8898821551981546
1503 1.1448379691629937
1504 1.1448379691629937
1505 1.1448379691629937
1506 1.1448379691629937
1507 1.1448379691629937
1508 1.0511588345726917
1509 1.0511588345726917
1510 1.0511588345726917
1511 1.0511588345726917
1512 1.0511588345726917
1513 1.4002762411085488
1514 5.238917925876494
1515 5.238917925876494
1516 5.238917925876494
1517 5.238917925876494
1518 5.238917925876494
1519 4.0375483501236
1520 4.0375483501236
1521 4.0375483501236
1522 4.0375483501236
1523 4.0375483501236
1524 3.4350881951172574
1525 3.4350881951172574
1526 3.4350881951172574
1527 3.4350881951172574
1528 3.4350881951172574
1529 3.1325003400500764
1530 3.1325003400500764
1531 3.1325003400500764
1532 3.1325003400500764
1533 3.1325003400500764
1534 3.446145107018504
1535 3.446145107018504
1536 3.446145107018504
1537 3.446145107018504
1538 3.446145107018504
1539 2.5572754612631354
1540 2.5572754612631354
1541 2.5572754612631354
1542 2.5572754612631354
1543 2.5572754612631354
1544 3.2014422869286037
1545 3.2014422869286037
1546 3.2014422869286037
1547 3.2014422869286037
1548 3.2014422869286037
1549 3.0988738359323422
1550 3.0988738359323422
1551 3.0988738359323422
1552 3.0988738359323422
1553 3.0988738359323422
1554 4.4266999184600575
1555 4.4266999184600575
1556 4.4266999184600575
1557 4.4266999184600575
1558 4.4266999184600575
1559 3.396987949815018
1560 3.396987949815018
1561 3.396987949815018
1562 3.396987949815018
1563 3.396987949815018
1564 3.7620285453522873
1565 3.7620285453522873
1566 3.7620285453522873
1567 3.7620285453522873
1568 3.7620285453522873
1569 3.2580047092969444
1570 3.2580047092969444
1571 3.2580047092969444
1572 3.2580047092969444
1573 3.2580047092969444
1574 3.8336885412665147
1575 3.8336885412665147
1576 3.8336885412665147
1577 3.8336885412665147
1578 3.8336885412665147
1579 4.48679572685032
1580 4.48679572685032
1581 4.48679572685032
1582 4.48679572685032
1583 4.48679572685032
1584 4.650362304276829
1585 4.650362304276829
1586 4.650362304276829
1587 4.650362304276829
1588 4.650362304276829
1589 3.332228142137175
1590 3.332228142137175
1591 3.332228142137175
1592 3.332228142137175
1593 3.332228142137175
1594 3.1561794247415857
1595 3.1561794247415857
1596 3.1561794247415857
1597 3.1561794247415857
1598 3.1561794247415857
1599 3.7300885766001177
1600 3.7300885766001177
1601 3.7300885766001177
1602 3.7300885766001177
1603 3.7300885766001177
1604 3.2598319137930836
1605 3.2598319137930836
1606 3.2598319137930836
1607 3.2598319137930836
1608 3.2598319137930836
1609 4.639743303064126
1610 4.639743303064126
1611 4.639743303064126
1612 4.639743303064126
1613 4.639743303064126
1614 4.61569989152777
1615 4.61569989152777
1616 4.61569989152777
1617 4.61569989152777
1618 4.61569989152777
1619 2.851361273465397
1620 2.851361273465397
1621 2.851361273465397
1622 2.851361273465397
1623 2.851361273465397
1624 3.6679667223112005
1625 3.6679667223112005
1626 3.6679667223112005
1627 3.6679667223112005
1628 3.6679667223112005
1629 4.220250904375593
1630 4.220250904375593
1631 4.220250904375593
1632 4.220250904375593
1633 4.220250904375593
1634 3.54875638095462
1635 3.54875638095462
1636 3.54875638095462
1637 3.54875638095462
1638 3.54875638095462
1639 3.981838843199759
1640 3.981838843199759
1641 3.981838843199759
1642 3.981838843199759
1643 3.981838843199759
1644 3.75000171708549
1645 3.75000171708549
1646 3.75000171708549
1647 3.75000171708549
1648 3.75000171708549
1649 4.784827666920913
1650 4.784827666920913
1651 4.784827666920913
1652 4.784827666920913
1653 4.784827666920913
1654 3.4075402227019094
1655 3.4075402227019094
1656 3.4075402227019094
1657 3.4075402227019094
1658 3.4075402227019094
1659 3.892485734249445
1660 3.892485734249445
1661 3.892485734249445
1662 3.892485734249445
1663 3.892485734249445
1664 3.9712753605157833
1665 3.9712753605157833
1666 3.9712753605157833
1667 3.9712753605157833
1668 3.9712753605157833
1669 2.8657004494290885
1670 2.8657004494290885
1671 2.8657004494290885
1672 2.8657004494290885
1673 2.8657004494290885
1674 3.9915996524459256
1675 3.9915996524459256
1676 3.9915996524459256
1677 3.9915996524459256
1678 3.9915996524459256
1679 4.850641368750318
1680 4.850641368750318
1681 4.850641368750318
1682 4.850641368750318
1683 4.850641368750318
1684 3.4530306298011277
1685 3.4530306298011277
1686 3.4530306298011277
1687 3.4530306298011277
1688 3.4530306298011277
1689 3.6064136479146
1690 3.6064136479146
1691 3.6064136479146
1692 3.6064136479146
1693 3.6064136479146
1694 3.3711230843764857
1695 3.3711230843764857
1696 3.3711230843764857
1697 3.3711230843764857
1698 1.237354160273173
1699 1.237354160273173
1700 1.237354160273173
1701 1.237354160273173
1702 1.237354160273173
1703 1.045928513546477
1704 1.045928513546477
1705 1.045928513546477
1706 1.045928513546477
1707 1.045928513546477
1708 1.08184548805552
1709 1.08184548805552
1710 1.08184548805552
1711 1.08184548805552
1712 1.08184548805552
1713 1.0650933701730563
1714 1.0650933701730563
1715 1.0650933701730563
1716 1.0650933701730563
1717 1.0650933701730563
1718 1.3466709018739602
1719 1.3466709018739602
1720 1.3466709018739602
1721 1.3466709018739602
1722 1.3466709018739602
1723 1.377076303649059
1724 1.377076303649059
1725 1.377076303649059
1726 1.377076303649059
1727 1.377076303649059
1728 1.2989035369782982
1729 1.2989035369782982
1730 1.2989035369782982
1731 1.2989035369782982
1732 1.2989035369782982
1733 0.8402064534885756
1734 0.8402064534885756
1735 0.8402064534885756
1736 0.8402064534885756
1737 0.8402064534885756
1738 0.9853011499043924
1739 0.9853011499043924
1740 0.9853011499043924
1741 0.9853011499043924
1742 0.9853011499043924
1743 1.3628913490594414
1744 1.3628913490594414
1745 1.3628913490594414
1746 1.3628913490594414
1747 1.3628913490594414
1748 1.2694863915338395
1749 1.2694863915338395
1750 1.2694863915338395
1751 1.2694863915338395
1752 1.2694863915338395
1753 1.2261168014483086
1754 1.2261168014483086
1755 1.2261168014483086
1756 1.2261168014483086
1757 1.2261168014483086
1758 0.9212750195942224
1759 0.9212750195942224
1760 0.9212750195942224
1761 0.9212750195942224
1762 0.9212750195942224
1763 1.5654416791336838
1764 1.5654416791336838
1765 1.5654416791336838
1766 1.5654416791336838
1767 1.5654416791336838
1768 1.0076798539547749
1769 1.0076798539547749
1770 1.0076798539547749
1771 1.0076798539547749
1772 1.0076798539547749
1773 0.9277972669304171
1774 0.9277972669304171
1775 0.9277972669304171
1776 0.9277972669304171
1777 0.9277972669304171
1778 0.8253330916349744
1779 0.8253330916349744
1780 0.8253330916349744
1781 0.8253330916349744
1782 0.8253330916349744
1783 1.0125848799051433
1784 1.0125848799051433
1785 1.0125848799051433
1786 1.0125848799051433
1787 1.0125848799051433
1788 1.27947141678305
1789 1.27947141678305
1790 1.27947141678305
1791 1.27947141678305
1792 1.27947141678305
1793 1.057301499403508
1794 1.057301499403508
1795 1.057301499403508
1796 1.057301499403508
1797 1.057301499403508
1798 0.6864649497858666
1799 0.6864649497858666
1800 0.6864649497858666
1801 0.6864649497858666
1802 0.6864649497858666
1803 1.3360477675364124
1804 1.3360477675364124
1805 1.3360477675364124
1806 1.3360477675364124
1807 1.3360477675364124
1808 1.2704030141441414
1809 1.2704030141441414
1810 1.2704030141441414
1811 1.2704030141441414
1812 1.2704030141441414
1813 1.148027476992651
1814 1.148027476992651
1815 1.148027476992651
1816 1.148027476992651
1817 1.148027476992651
1818 1.0174188677890854
1819 1.0174188677890854
1820 1.0174188677890854
1821 1.0174188677890854
1822 1.0174188677890854
1823 1.2033015469541288
1824 1.2033015469541288
1825 1.2033015469541288
1826 1.2033015469541288
1827 1.2033015469541288
1828 1.3499208513044292
1829 1.3499208513044292
1830 1.3499208513044292
1831 1.3499208513044292
1832 1.3499208513044292
1833 1.1785490240307661
1834 1.1785490240307661
1835 1.1785490240307661
1836 1.1785490240307661
1837 1.1785490240307661
1838 1.1454355949812083
1839 1.1454355949812083
1840 1.1454355949812083
1841 1.1454355949812083
1842 1.1454355949812083
1843 3.1283728656441174
1844 3.1283728656441174
1845 3.1283728656441174
1846 3.1283728656441174
1847 3.1283728656441174
1848 1.936107006382351
1849 1.936107006382351
1850 1.936107006382351
1851 1.936107006382351
1852 1.936107006382351
1853 2.4326546499783426
1854 2.4326546499783426
1855 2.4326546499783426
1856 2.4326546499783426
1857 2.4326546499783426
1858 2.2249671449057797
1859 2.2249671449057797
1860 2.2249671449057797
1861 2.2249671449057797
1862 2.2249671449057797
1863 2.4825656625959773
1864 2.4825656625959773
1865 2.4825656625959773
1866 3.6426796881940704
1867 3.6426796881940704
1868 3.6426796881940704
1869 3.6426796881940704
1870 3.6426796881940704
1871 2.9712373767928346
1872 2.9712373767928346
1873 2.9712373767928346
1874 2.9712373767928346
1875 2.9712373767928346
1876 4.787788144481631
1877 4.787788144481631
1878 4.787788144481631
1879 4.787788144481631
1880 4.787788144481631
1881 4.451983953729094
1882 4.451983953729094
1883 4.451983953729094
1884 4.451983953729094
1885 4.451983953729094
1886 4.921373055329408
1887 4.921373055329408
1888 4.921373055329408
1889 4.921373055329408
1890 4.921373055329408
1891 3.5607571154709072
1892 3.5607571154709072
1893 3.5607571154709072
1894 3.5607571154709072
1895 3.5607571154709072
1896 4.1599122668235475
1897 4.1599122668235475
1898 4.1599122668235475
1899 4.1599122668235475
1900 4.1599122668235475
1901 4.007366961273042
1902 4.007366961273042
1903 4.007366961273042
1904 4.007366961273042
1905 4.007366961273042
1906 3.748737712005934
1907 3.748737712005934
1908 3.748737712005934
1909 3.748737712005934
1910 3.748737712005934
1911 5.185366729747394
1912 5.185366729747394
1913 5.185366729747394
1914 5.185366729747394
1915 5.185366729747394
1916 3.4018769638787396
1917 3.4018769638787396
1918 3.4018769638787396
1919 3.4018769638787396
1920 3.4018769638787396
1921 3.830726749253509
1922 3.830726749253509
1923 3.830726749253509
1924 3.830726749253509
1925 3.830726749253509
1926 4.35495126928482
1927 4.35495126928482
1928 4.35495126928482
1929 4.35495126928482
1930 4.35495126928482
1931 4.108967673576462
1932 4.108967673576462
1933 3.2097411985614825
1934 3.2097411985614825
1935 3.2097411985614825
1936 3.2097411985614825
1937 3.2097411985614825
1938 4.260248150762728
1939 4.260248150762728
1940 4.260248150762728
1941 4.260248150762728
1942 4.260248150762728
1943 3.640514961709617
1944 3.640514961709617
1945 3.640514961709617
1946 3.640514961709617
1947 3.640514961709617
1948 4.740444470359142
1949 4.740444470359142
1950 4.740444470359142
1951 4.740444470359142
1952 4.740444470359142
1953 4.132098559884287
1954 4.132098559884287
1955 4.132098559884287
1956 4.132098559884287
1957 4.132098559884287
1958 4.19226462810796
1959 4.19226462810796
1960 4.19226462810796
1961 4.19226462810796
1962 4.19226462810796
1963 2.9068250379631264
1964 2.9068250379631264
1965 2.9068250379631264
1966 2.9068250379631264
1967 2.9068250379631264
1968 3.270011687134879
1969 3.270011687134879
1970 3.270011687134879
1971 3.270011687134879
1972 3.270011687134879
1973 3.893064503409487
1974 3.893064503409487
1975 3.893064503409487
1976 3.893064503409487
1977 3.893064503409487
1978 4.727032757505754
1979 4.727032757505754
1980 4.727032757505754
1981 4.727032757505754
1982 4.727032757505754
1983 3.044968861931566
1984 3.044968861931566
1985 3.044968861931566
1986 3.044968861931566
1987 3.044968861931566
1988 3.6291071212441457
1989 3.6291071212441457
1990 3.6291071212441457
1991 3.6291071212441457
1992 3.6291071212441457
1993 4.06690244365443
1994 4.06690244365443
1995 4.06690244365443
1996 4.06690244365443
1997 4.06690244365443
1998 3.9807063160991984
1999 3.9807063160991984
