0 3.6142191658512957
1 3.6142191658512957
2 3.6142191658512957
3 3.6142191658512957
4 2.9182168111023046
5 2.9182168111023046
6 2.9182168111023046
7 2.9182168111023046
8 2.3778494481074293
9 2.3778494481074293
10 2.3778494481074293
11 2.3778494481074293
12 3.024969070750832
13 3.024969070750832
14 3.024969070750832
15 3.024969070750832
16 4.039706147249595
17 4.039706147249595
18 4.039706147249595
19 4.039706147249595
20 3.601693891002199
21 3.601693891002199
22 3.601693891002199
23 3.601693891002199
24 2.234753279917432
25 4.680094998321861
26 4.680094998321861
27 4.680094998321861
28 4.680094998321861
29 5.732536843063406
30 5.732536843063406
31 5.732536843063406
32 5.732536843063406
33 5.981462558510961
34 5.981462558510961
35 5.981462558510961
36 5.981462558510961
37 5.326295652812082
38 5.326295652812082
39 5.326295652812082
40 5.326295652812082
41 5.21580383223324
42 5.21580383223324
43 5.21580383223324
44 5.21580383223324
45 6.5200468862968455
46 6.5200468862968455
47 6.5200468862968455
48 6.5200468862968455
49 2.6208173580072733
50 2.6208173580072733
51 2.6208173580072733
52 2.6208173580072733
53 4.482750463201177
54 4.482750463201177
55 4.482750463201177
56 4.482750463201177
57 3.4707788339282297
58 3.4707788339282297
59 3.4707788339282297
60 3.4707788339282297
61 4.168619962886784
62 4.168619962886784
63 4.168619962886784
64 4.168619962886784
65 4.301876606413009
66 4.301876606413009
67 4.301876606413009
68 4.301876606413009
69 2.958303973625141
70 2.958303973625141
71 2.958303973625141
72 2.958303973625141
73 4.395042949241727
74 4.395042949241727
75 4.395042949241727
76 4.395042949241727
77 4.805278266072482
78 4.805278266072482
79 4.805278266072482
80 4.805278266072482
81 4.01794403178641
82 4.01794403178641
83 4.01794403178641
84 4.01794403178641
85 3.393605622243388
86 3.393605622243388
87 3.393605622243388
88 3.393605622243388
89 4.837048111649095
90 4.837048111649095
91 4.837048111649095
92 4.837048111649095
93 5.5165790324338735
94 5.5165790324338735
95 5.5165790324338735
96 5.5165790324338735
97 4.640783047962189
98 4.640783047962189
99 4.640783047962189
100 4.640783047962189
101 5.553705755521587
102 5.553705755521587
103 5.553705755521587
104 5.553705755521587
105 3.0430117596754465
106 3.0430117596754465
107 3.0430117596754465
108 3.0430117596754465
109 5.140716093780384
110 5.140716093780384
111 5.140716093780384
112 5.140716093780384
113 5.1115714944016934
114 5.1115714944016934
115 5.1115714944016934
116 5.1115714944016934
117 4.809545954794659
118 4.809545954794659
119 4.809545954794659
120 4.809545954794659
121 5.466710427993455
122 5.466710427993455
123 5.466710427993455
124 5.466710427993455
125 4.820229594180411
126 4.820229594180411
127 4.820229594180411
128 4.820229594180411
129 3.6192856863376974
130 3.6192856863376974
131 3.6192856863376974
132 3.6192856863376974
133 4.04411705518847
134 4.04411705518847
135 4.04411705518847
136 4.04411705518847
137 3.534625606093973
138 3.534625606093973
139 3.534625606093973
140 3.534625606093973
141 4.728840696576921
142 4.728840696576921
143 4.728840696576921
144 4.728840696576921
145 4.864174388373353
146 4.864174388373353
147 4.864174388373353
148 4.864174388373353
149 3.6414443288979452
150 3.6414443288979452
151 3.6414443288979452
152 3.6414443288979452
153 5.173175600410393
154 5.173175600410393
155 5.173175600410393
156 5.173175600410393
157 3.8511559230665444
158 3.8511559230665444
159 3.8511559230665444
160 3.8511559230665444
161 4.4330712783089705
162 4.4330712783089705
163 4.4330712783089705
164 4.4330712783089705
165 4.825387944629776
166 4.825387944629776
167 4.825387944629776
168 4.825387944629776
169 4.505474942904163
170 4.505474942904163
171 4.505474942904163
172 4.505474942904163
173 4.771704327594715
174 4.771704327594715
175 4.771704327594715
176 4.771704327594715
177 2.9528403959560334
178 2.9528403959560334
179 2.9528403959560334
180 2.9528403959560334
181 4.758868731128819
182 4.758868731128819
183 4.758868731128819
184 4.758868731128819
185 4.476350464319911
186 4.476350464319911
187 4.476350464319911
188 4.476350464319911
189 3.952274602690193
190 3.952274602690193
191 3.952274602690193
192 3.952274602690193
193 4.107745612675068
194 4.107745612675068
195 4.107745612675068
196 4.107745612675068
197 4.293961288336808
198 4.293961288336808
199 4.293961288336808
200 4.293961288336808
201 2.8191058631408437
202 2.8191058631408437
203 2.8191058631408437
204 2.8191058631408437
205 4.027161610641687
206 4.027161610641687
207 4.027161610641687
208 4.027161610641687
209 3.771836637560467
210 3.771836637560467
211 3.771836637560467
212 3.771836637560467
213 4.753745829596895
214 4.753745829596895
215 4.753745829596895
216 4.753745829596895
217 4.234277383864701
218 4.234277383864701
219 4.234277383864701
220 4.234277383864701
221 2.72117826317363
222 2.72117826317363
223 2.72117826317363
224 2.72117826317363
225 5.569426469868442
226 5.569426469868442
227 5.569426469868442
228 5.569426469868442
229 4.9230409834084075
230 4.9230409834084075
231 4.9230409834084075
232 4.9230409834084075
233 3.7116499632082736
234 3.7116499632082736
235 3.7116499632082736
236 3.7116499632082736
237 2.777545453875716
238 2.777545453875716
239 2.777545453875716
240 2.777545453875716
241 5.042672022165144
242 5.042672022165144
243 5.042672022165144
244 3.0590431336151247
245 3.0590431336151247
246 3.0590431336151247
247 3.0590431336151247
248 2.662593302218059
249 2.662593302218059
250 2.994401489887335
251 2.994401489887335
252 2.994401489887335
253 2.994401489887335
254 1.6602936210748296
255 1.6602936210748296
256 1.6602936210748296
257 1.6602936210748296
258 2.644131188546711
259 2.644131188546711
260 2.644131188546711
261 2.644131188546711
262 2.0258122967119516
263 2.0258122967119516
264 2.0258122967119516
265 2.0258122967119516
266 2.905941912969174
267 2.905941912969174
268 2.905941912969174
269 2.905941912969174
270 2.987530574940251
271 2.987530574940251
272 2.987530574940251
273 2.987530574940251
274 2.7752666822322993
275 2.7752666822322993
276 2.7752666822322993
277 2.7752666822322993
278 2.893238388692262
279 2.893238388692262
280 2.893238388692262
281 2.893238388692262
282 2.867619645223779
283 2.867619645223779
284 2.867619645223779
285 2.867619645223779
286 2.632907873455013
287 2.632907873455013
288 2.632907873455013
289 2.632907873455013
290 2.37532474783781
291 2.37532474783781
292 2.37532474783781
293 2.37532474783781
294 1.7598158885160071
295 1.7598158885160071
296 1.7598158885160071
297 1.7598158885160071
298 2.2449558329615105
299 2.2449558329615105
300 2.2449558329615105
301 2.2449558329615105
302 1.9396885067650025
303 1.9396885067650025
304 1.9396885067650025
305 1.9396885067650025
306 2.727168552197238
307 2.727168552197238
308 2.727168552197238
309 2.727168552197238
310 2.2742058541902024
311 2.2742058541902024
312 2.2742058541902024
313 2.2742058541902024
314 2.8646615020096267
315 2.8646615020096267
316 2.8646615020096267
317 2.8646615020096267
318 2.321866254687095
319 2.321866254687095
320 2.321866254687095
321 2.321866254687095
322 1.8092296540752768
323 1.8092296540752768
324 1.8092296540752768
325 1.8092296540752768
326 2.8429445203009256
327 2.8429445203009256
328 2.8429445203009256
329 2.8429445203009256
330 2.2689212661088574
331 2.2689212661088574
332 2.2689212661088574
333 2.2689212661088574
334 2.460238409240589
335 2.460238409240589
336 2.460238409240589
337 2.460238409240589
338 1.6943439199766437
339 1.6943439199766437
340 1.6943439199766437
341 1.6943439199766437
342 2.9364906681343106
343 2.9364906681343106
344 2.9364906681343106
345 2.9364906681343106
346 2.0682736478283683
347 2.0682736478283683
348 2.0682736478283683
349 2.0682736478283683
350 2.095576491461763
351 2.095576491461763
352 2.095576491461763
353 2.095576491461763
354 2.2018801983619105
355 2.2018801983619105
356 2.2018801983619105
357 2.2018801983619105
358 1.8381921943658788
359 1.8381921943658788
360 1.8381921943658788
361 1.8381921943658788
362 1.8510377909636602
363 1.8510377909636602
364 1.8510377909636602
365 1.8510377909636602
366 1.3359390338229251
367 1.3359390338229251
368 1.3359390338229251
369 1.3359390338229251
370 2.117875631445792
371 2.117875631445792
372 2.117875631445792
373 2.117875631445792
374 2.1193915396004597
375 2.1193915396004597
376 2.1193915396004597
377 2.1193915396004597
378 1.5779180384637872
379 1.5779180384637872
380 1.5779180384637872
381 1.5779180384637872
382 1.9532042760456645
383 1.9532042760456645
384 1.9532042760456645
385 1.9532042760456645
386 1.9123558074896105
387 1.9123558074896105
388 1.9123558074896105
389 1.9123558074896105
390 1.9002085548549212
391 1.9002085548549212
392 1.9002085548549212
393 1.9002085548549212
394 1.9793595365613108
395 1.9793595365613108
396 1.9793595365613108
397 3.238423645678089
398 3.238423645678089
399 3.238423645678089
400 3.238423645678089
401 3.592905164365097
402 3.592905164365097
403 3.592905164365097
404 3.592905164365097
405 2.3204912595620044
406 2.3204912595620044
407 2.3204912595620044
408 2.3204912595620044
409 3.544928081406481
410 3.544928081406481
411 3.544928081406481
412 3.544928081406481
413 4.199506179959899
414 4.199506179959899
415 4.199506179959899
416 4.199506179959899
417 1.2847053775702437
418 1.2847053775702437
419 1.2847053775702437
420 1.2847053775702437
421 1.6323614809908165
422 1.6323614809908165
423 1.6323614809908165
424 1.6323614809908165
425 1.7747210854811915
426 1.7747210854811915
427 1.7747210854811915
428 1.7747210854811915
429 1.293234375554205
430 1.293234375554205
431 1.293234375554205
432 1.293234375554205
433 0.9996341260420315
434 0.9996341260420315
435 0.9996341260420315
436 0.9996341260420315
437 1.5745370730517407
438 1.5745370730517407
439 1.5745370730517407
440 1.5745370730517407
441 1.804181188971119
442 1.804181188971119
443 1.804181188971119
444 1.804181188971119
445 1.4713803878715077
446 1.4713803878715077
447 1.4713803878715077
448 1.4713803878715077
449 1.408898013528075
450 1.408898013528075
451 1.408898013528075
452 1.408898013528075
453 1.4184762809600067
454 1.4184762809600067
455 1.4184762809600067
456 1.4184762809600067
457 1.6624981999919382
458 1.6624981999919382
459 1.6624981999919382
460 1.6624981999919382
461 1.7062497747143919
462 1.7062497747143919
463 1.7062497747143919
464 1.7062497747143919
465 1.2891760759730637
466 1.2891760759730637
467 1.2891760759730637
468 1.2891760759730637
469 1.9230846939549957
470 1.9230846939549957
471 1.9230846939549957
472 1.9230846939549957
473 1.5548462333572635
474 1.5548462333572635
475 1.5548462333572635
476 1.5548462333572635
477 1.6072977693461445
478 1.6072977693461445
479 1.6072977693461445
480 1.6072977693461445
481 1.498990372018404
482 1.498990372018404
483 1.498990372018404
484 1.498990372018404
485 1.6397326864882604
486 1.6397326864882604
487 1.6397326864882604
488 1.6397326864882604
489 2.9757347073372484
490 2.9757347073372484
491 2.9757347073372484
492 2.9757347073372484
493 3.627459151650292
494 3.627459151650292
495 3.627459151650292
496 3.627459151650292
497 2.6464885026883542
498 2.6464885026883542
499 2.6464885026883542
500 2.6464885026883542
501 2.8733138467373784
502 2.8733138467373784
503 2.8733138467373784
504 2.8733138467373784
505 4.214726414171875
506 4.214726414171875
507 4.214726414171875
508 4.214726414171875
509 4.098464304622424
510 4.098464304622424
511 4.098464304622424
512 4.098464304622424
513 2.6079421011521418
514 2.6079421011521418
515 2.6079421011521418
516 2.6079421011521418
517 3.6784061957923835
518 3.6784061957923835
519 3.6784061957923835
520 3.6784061957923835
521 2.771260532942263
522 2.771260532942263
523 2.771260532942263
524 2.771260532942263
525 4.7232862313009205
526 4.7232862313009205
527 4.7232862313009205
528 4.7232862313009205
529 3.215342098816533
530 3.215342098816533
531 3.215342098816533
532 3.215342098816533
533 3.13580993938573
534 3.13580993938573
535 3.13580993938573
536 3.13580993938573
537 4.302762803369694
538 4.302762803369694
539 4.302762803369694
540 4.302762803369694
541 2.8080544416013193
542 2.8080544416013193
543 2.8080544416013193
544 2.8080544416013193
545 3.1091033976374787
546 3.1091033976374787
547 3.1091033976374787
548 3.1091033976374787
549 3.676348946829623
550 3.676348946829623
551 3.676348946829623
552 3.676348946829623
553 3.333530927667111
554 3.333530927667111
555 3.333530927667111
556 3.333530927667111
557 2.8295774969094323
558 2.8295774969094323
559 0.6386466292081604
560 0.6386466292081604
561 0.6386466292081604
562 0.6386466292081604
563 1.0560079480746813
564 1.0560079480746813
565 1.0560079480746813
566 1.0560079480746813
567 1.0975673363146772
568 1.0975673363146772
569 1.0975673363146772
570 1.0975673363146772
571 1.1095387222698379
572 0.2422541744860412
573 0.2422541744860412
574 0.2422541744860412
575 0.2422541744860412
576 0.190020581605926
577 0.190020581605926
578 0.190020581605926
579 0.190020581605926
580 0.24596539847223775
581 0.24596539847223775
582 0.24596539847223775
583 0.24596539847223775
584 0.15557792473114362
585 0.15557792473114362
586 0.15557792473114362
587 0.15557792473114362
588 0.17045482195667966
589 0.17045482195667966
590 0.17045482195667966
591 0.17045482195667966
592 0.13216042622471275
593 0.13216042622471275
594 0.13216042622471275
595 0.13216042622471275
596 0.20232398980844105
597 0.20232398980844105
598 0.20232398980844105
599 0.20232398980844105
600 0.23880808086182642
601 0.23880808086182642
602 0.23880808086182642
603 0.23880808086182642
604 0.14521517926733188
605 0.14521517926733188
606 0.14521517926733188
607 0.14521517926733188
608 0.17327917387539246
609 0.17327917387539246
610 0.17327917387539246
611 0.17327917387539246
612 0.12129452891900662
613 0.12129452891900662
614 0.12129452891900662
615 0.12129452891900662
616 0.1990237169870196
617 0.1990237169870196
618 0.1990237169870196
619 0.1990237169870196
620 0.2777180400244521
621 0.2777180400244521
622 0.2777180400244521
623 0.2777180400244521
624 0.16689900580454786
625 0.16689900580454786
626 0.16689900580454786
627 0.16689900580454786
628 0.22261956679364708
629 0.22261956679364708
630 0.22261956679364708
631 0.22261956679364708
632 0.2307817125992008
633 0.2307817125992008
634 0.2307817125992008
635 0.2307817125992008
636 0.28180052262041283
637 0.28180052262041283
638 0.28180052262041283
639 0.28180052262041283
640 0.19042347539682294
641 0.19042347539682294
642 0.19042347539682294
643 0.19042347539682294
644 0.14084912353558965
645 0.14084912353558965
646 0.14084912353558965
647 0.14084912353558965
648 0.1841989153180374
649 0.1841989153180374
650 0.1841989153180374
651 0.5780790757382892
652 0.5780790757382892
653 0.5780790757382892
654 0.5780790757382892
655 0.6279044445093371
656 0.6279044445093371
657 0.6279044445093371
658 0.6279044445093371
659 0.7440198280403991
660 0.7440198280403991
661 0.7440198280403991
662 0.7440198280403991
663 0.5898384799444463
664 0.5898384799444463
665 0.5898384799444463
666 0.5898384799444463
667 0.7078055401987813
668 0.7078055401987813
669 0.7078055401987813
670 0.7078055401987813
671 0.6759614111673043
672 0.6759614111673043
673 0.6759614111673043
674 0.6759614111673043
675 0.49896613655030364
676 0.49896613655030364
677 0.49896613655030364
678 0.49896613655030364
679 0.6772215691806868
680 0.6772215691806868
681 0.6772215691806868
682 0.6772215691806868
683 0.5937176089626663
684 0.5937176089626663
685 0.5937176089626663
686 0.5937176089626663
687 0.5559216071220797
688 0.5559216071220797
689 0.5559216071220797
690 0.5559216071220797
691 0.3421062808720219
692 0.3421062808720219
693 0.3421062808720219
694 0.3421062808720219
695 0.4567587646311644
696 0.4567587646311644
697 0.4567587646311644
698 0.4567587646311644
699 0.635247334028631
700 0.635247334028631
701 0.635247334028631
702 0.635247334028631
703 0.4869470217157854
704 0.4869470217157854
705 0.4869470217157854
706 0.4869470217157854
707 0.5428010171162155
708 0.5428010171162155
709 0.5428010171162155
710 0.5428010171162155
711 0.6682458297820406
712 0.6682458297820406
713 0.6682458297820406
714 0.6682458297820406
715 0.6507505295101074
716 0.6507505295101074
717 0.6507505295101074
718 0.6507505295101074
719 0.6567615922211919
720 0.6567615922211919
721 0.6567615922211919
722 0.6567615922211919
723 0.5516213895690528
724 0.5516213895690528
725 0.5516213895690528
726 0.5516213895690528
727 0.6473155803015728
728 0.6473155803015728
729 0.6473155803015728
730 0.6473155803015728
731 0.7065748743324911
732 0.7065748743324911
733 0.7065748743324911
734 0.7065748743324911
735 0.7055397542589915
736 0.7055397542589915
737 0.7055397542589915
738 0.7055397542589915
739 0.6135332660875633
740 0.6135332660875633
741 0.6135332660875633
742 0.6135332660875633
743 0.7291397088966106
744 0.7291397088966106
745 0.7291397088966106
746 0.7291397088966106
747 0.6290728359504565
748 0.6290728359504565
749 0.6290728359504565
750 0.6290728359504565
751 0.6674624249901957
752 0.6674624249901957
753 0.6674624249901957
754 0.6674624249901957
755 0.6407063083554864
756 0.6407063083554864
757 0.6407063083554864
758 0.6407063083554864
759 0.5528249919162733
760 0.5528249919162733
761 0.5528249919162733
762 0.5528249919162733
763 0.7683161922847006
764 0.7683161922847006
765 0.7683161922847006
766 0.7683161922847006
767 0.6477401713462985
768 0.6477401713462985
769 0.6477401713462985
770 0.6477401713462985
771 0.7178868281975666
772 0.7178868281975666
773 0.7178868281975666
774 0.7178868281975666
775 0.5613142358181717
776 0.5613142358181717
777 0.5613142358181717
778 0.5613142358181717
779 0.3720613038151767
780 0.3720613038151767
781 0.3720613038151767
782 0.3720613038151767
783 0.5049090528666093
784 0.5049090528666093
785 0.5049090528666093
786 0.5049090528666093
787 0.7131750885246236
788 0.7131750885246236
789 0.7131750885246236
790 0.7131750885246236
791 0.6681885887991089
792 0.6681885887991089
793 0.6681885887991089
794 0.6681885887991089
795 0.537715055081856
796 0.537715055081856
797 0.537715055081856
798 0.537715055081856
799 0.582734044905922
800 0.582734044905922
801 0.582734044905922
802 0.582734044905922
803 0.6682563473069351
804 0.6682563473069351
805 0.6682563473069351
806 0.6682563473069351
807 0.7006407726849345
808 0.7006407726849345
809 0.7006407726849345
810 0.7006407726849345
811 0.4085279121953541
812 0.4085279121953541
813 0.4085279121953541
814 0.4085279121953541
815 0.6770734154896476
816 0.6770734154896476
817 0.6770734154896476
818 0.6770734154896476
819 0.6379531806176889
820 0.6379531806176889
821 0.6379531806176889
822 0.6379531806176889
823 0.5095279434725271
824 0.5095279434725271
825 0.5095279434725271
826 0.5095279434725271
827 0.5936907996877261
828 0.5936907996877261
829 0.5936907996877261
830 0.5936907996877261
831 0.6114547627826927
832 0.6114547627826927
833 0.6114547627826927
834 0.6114547627826927
835 0.6958184055023817
836 0.6958184055023817
837 0.6958184055023817
838 0.6958184055023817
839 0.7925992259729682
840 0.7925992259729682
841 0.7925992259729682
842 0.7925992259729682
843 0.5955539602509065
844 0.5955539602509065
845 0.5955539602509065
846 0.5955539602509065
847 0.4066398633587911
848 0.4066398633587911
849 0.4066398633587911
850 0.4066398633587911
851 0.5714633072292181
852 0.5714633072292181
853 0.5714633072292181
854 0.5714633072292181
855 0.40206778009947963
856 0.40206778009947963
857 0.40206778009947963
858 0.40206778009947963
859 0.6836148798261827
860 0.6836148798261827
861 0.6836148798261827
862 0.6836148798261827
863 0.6103548877605764
864 2.3066528993054747
865 2.3066528993054747
866 2.3066528993054747
867 2.3066528993054747
868 3.1049494171001704
869 3.1049494171001704
870 3.1049494171001704
871 3.1049494171001704
872 2.19465417379024
873 2.19465417379024
874 2.19465417379024
875 2.19465417379024
876 2.8360209436769055
877 2.8360209436769055
878 2.8360209436769055
879 2.8360209436769055
880 1.9669410290810883
881 1.9669410290810883
882 1.9669410290810883
883 1.9669410290810883
884 3.0678795376166277
885 3.0678795376166277
886 3.0678795376166277
887 3.0678795376166277
888 2.590659960945492
889 2.590659960945492
890 2.590659960945492
891 2.590659960945492
892 1.3834691574493931
893 1.3834691574493931
894 1.3834691574493931
895 1.3834691574493931
896 2.7333575921661404
897 2.7333575921661404
898 2.7333575921661404
899 2.7333575921661404
900 2.406030546531138
901 2.406030546531138
902 2.406030546531138
903 2.406030546531138
904 3.223233736890865
905 3.223233736890865
906 3.223233736890865
907 3.223233736890865
908 2.8808518358921615
909 2.8808518358921615
910 2.8808518358921615
911 2.8808518358921615
912 2.220340486188969
913 2.220340486188969
914 2.220340486188969
915 2.220340486188969
916 3.404547579488506
917 3.404547579488506
918 3.404547579488506
919 3.404547579488506
920 1.7755925303625544
921 1.7755925303625544
922 1.7755925303625544
923 1.7755925303625544
924 3.377024078369197
925 3.377024078369197
926 3.377024078369197
927 3.377024078369197
928 2.4987454479550157
929 2.4987454479550157
930 2.4987454479550157
931 2.4987454479550157
932 1.9173675230018732
933 1.9173675230018732
934 1.9173675230018732
935 1.9173675230018732
936 2.389262539164454
937 2.389262539164454
938 2.389262539164454
939 2.389262539164454
940 3.079682977321629
941 3.079682977321629
942 3.079682977321629
943 3.079682977321629
944 3.087234360226542
945 3.087234360226542
946 3.087234360226542
947 3.087234360226542
948 2.622896219324234
949 2.622896219324234
950 2.622896219324234
951 2.622896219324234
952 2.7464824707506375
953 2.7464824707506375
954 2.7464824707506375
955 2.7464824707506375
956 2.0643921768042888
957 2.0643921768042888
958 2.0643921768042888
959 2.0643921768042888
960 2.1236678831298392
961 2.1236678831298392
962 2.1236678831298392
963 2.1236678831298392
964 1.6369999371438113
965 1.6369999371438113
966 1.6369999371438113
967 1.6369999371438113
968 2.670052953016418
969 2.670052953016418
970 2.670052953016418
971 2.670052953016418
972 2.33523767832029
973 2.33523767832029
974 2.33523767832029
975 2.33523767832029
976 2.2325814754505298
977 2.2325814754505298
978 2.2325814754505298
979 2.2325814754505298
980 3.0787897784054903
981 3.0787897784054903
982 3.0787897784054903
983 3.0787897784054903
984 2.253379652740068
985 2.253379652740068
986 2.253379652740068
987 2.253379652740068
988 3.2201840381105953
989 3.2201840381105953
990 3.2201840381105953
991 3.2201840381105953
992 2.342191789849251
993 2.342191789849251
994 2.342191789849251
995 2.342191789849251
996 2.911684950067945
997 2.911684950067945
998 2.911684950067945
999 2.911684950067945
1000 2.589306136954093
1001 2.589306136954093
1002 2.589306136954093
1003 2.589306136954093
1004 2.6887336805913615
1005 2.6887336805913615
1006 2.6887336805913615
1007 2.6887336805913615
1008 2.5988053595168115
1009 2.5988053595168115
1010 2.5988053595168115
1011 2.5988053595168115
1012 2.766081784038763
1013 2.766081784038763
1014 2.766081784038763
1015 2.766081784038763
1016 1.8240420026513002
1017 1.8240420026513002
1018 1.8240420026513002
1019 1.8240420026513002
1020 2.71205160029731
1021 2.71205160029731
1022 2.71205160029731
1023 2.71205160029731
1024 1.774419965260922
1025 1.774419965260922
1026 1.774419965260922
1027 1.774419965260922
1028 2.2539605857116176
1029 2.2539605857116176
1030 2.2539605857116176
1031 2.2539605857116176
1032 2.5548491955173995
1033 2.5548491955173995
1034 2.5548491955173995
1035 2.5548491955173995
1036 2.358049969950171
1037 2.358049969950171
1038 2.358049969950171
1039 2.358049969950171
1040 2.2420686145620863
1041 2.2420686145620863
1042 2.2420686145620863
1043 2.2420686145620863
1044 1.884513305124574
1045 1.884513305124574
1046 1.884513305124574
1047 1.884513305124574
1048 2.376222848801947
1049 2.376222848801947
1050 2.376222848801947
1051 2.376222848801947
1052 2.2138442593868675
1053 2.2138442593868675
1054 2.2138442593868675
1055 2.2138442593868675
1056 2.9929012521810474
1057 2.9929012521810474
1058 2.9929012521810474
1059 2.9929012521810474
1060 2.8106395648815274
1061 2.8106395648815274
1062 2.8106395648815274
1063 2.8106395648815274
1064 2.730850559930421
1065 2.730850559930421
1066 2.730850559930421
1067 2.730850559930421
1068 2.4204134081761324
1069 2.4204134081761324
1070 2.4204134081761324
1071 2.4204134081761324
1072 2.3445520604160737
1073 2.3445520604160737
1074 1.190309357529096
1075 1.190309357529096
1076 1.190309357529096
1077 1.190309357529096
1078 1.1096120871058348
1079 1.1096120871058348
1080 1.1096120871058348
1081 1.1096120871058348
1082 1.077812327316733
1083 1.077812327316733
1084 1.077812327316733
1085 1.077812327316733
1086 1.3319526759619345
1087 1.3319526759619345
1088 1.3319526759619345
1089 1.3319526759619345
1090 0.8084714893610321
1091 0.8084714893610321
1092 0.8084714893610321
1093 0.8084714893610321
1094 1.1166904378275702
1095 1.1166904378275702
1096 1.1166904378275702
1097 1.1166904378275702
1098 1.177550597625081
1099 1.177550597625081
1100 1.177550597625081
1101 1.177550597625081
1102 0.7710003287632468
1103 0.7710003287632468
1104 0.7710003287632468
1105 0.7710003287632468
1106 1.2401481783743493
1107 1.2401481783743493
1108 1.2401481783743493
1109 1.2401481783743493
1110 1.045042308179748
1111 1.045042308179748
1112 1.045042308179748
1113 1.045042308179748
1114 0.8732774095366842
1115 0.8732774095366842
1116 0.8732774095366842
1117 0.8732774095366842
1118 0.975692269627048
1119 0.975692269627048
1120 0.975692269627048
1121 0.975692269627048
1122 1.056169785250613
1123 1.056169785250613
1124 1.056169785250613
1125 1.056169785250613
1126 1.350635189004097
1127 1.350635189004097
1128 1.350635189004097
1129 1.350635189004097
1130 1.1060314097989006
1131 1.1060314097989006
1132 1.1060314097989006
1133 1.1060314097989006
1134 1.16862645743261
1135 1.16862645743261
1136 1.16862645743261
1137 1.16862645743261
1138 1.3809382589388983
1139 1.3809382589388983
1140 1.3809382589388983
1141 1.3809382589388983
1142 1.1651179531049412
1143 1.1651179531049412
1144 1.1651179531049412
1145 1.1651179531049412
1146 0.8775841361498273
1147 0.8775841361498273
1148 0.8775841361498273
1149 0.8775841361498273
1150 1.6118577967639416
1151 1.6118577967639416
1152 1.6118577967639416
1153 1.6118577967639416
1154 1.3505159713239667
1155 1.3505159713239667
1156 1.3505159713239667
1157 1.3505159713239667
1158 1.2814026530839437
1159 1.2814026530839437
1160 1.2814026530839437
1161 1.2814026530839437
1162 1.079356609839515
1163 1.079356609839515
1164 1.079356609839515
1165 1.079356609839515
1166 3.4849370089371985
1167 3.4849370089371985
1168 3.4849370089371985
1169 3.4849370089371985
1170 3.261628032103885
1171 3.261628032103885
1172 3.261628032103885
1173 3.261628032103885
1174 3.4042824605714506
1175 3.4042824605714506
1176 3.4042824605714506
1177 3.4042824605714506
1178 2.9104886625081092
1179 2.9104886625081092
1180 2.9104886625081092
1181 2.9104886625081092
1182 3.314463892185038
1183 3.314463892185038
1184 3.314463892185038
1185 3.314463892185038
1186 2.5905728239966646
1187 2.5905728239966646
1188 2.5905728239966646
1189 2.5905728239966646
1190 3.17029722615641
1191 3.17029722615641
1192 3.17029722615641
1193 3.17029722615641
1194 3.186528143482139
1195 3.186528143482139
1196 3.186528143482139
1197 3.186528143482139
1198 2.8562976802758455
1199 2.8562976802758455
1200 2.8562976802758455
1201 2.8562976802758455
1202 2.8582017950901273
1203 2.8582017950901273
1204 2.8582017950901273
1205 2.8582017950901273
1206 3.0776766767416994
1207 3.0776766767416994
1208 3.0776766767416994
1209 3.0776766767416994
1210 3.625172877647214
1211 3.625172877647214
1212 3.625172877647214
1213 3.625172877647214
1214 3.0584859411459724
1215 3.0584859411459724
1216 3.0584859411459724
1217 3.0584859411459724
1218 2.945022746304155
1219 2.945022746304155
1220 2.945022746304155
1221 2.945022746304155
1222 3.515319629314505
1223 3.515319629314505
1224 3.515319629314505
1225 3.515319629314505
1226 3.494649640476117
1227 3.494649640476117
1228 3.494649640476117
1229 3.494649640476117
1230 2.697514145366553
1231 2.697514145366553
1232 2.697514145366553
1233 3.2175902455995455
1234 3.2175902455995455
1235 3.2175902455995455
1236 3.2175902455995455
1237 4.176322137463068
1238 4.176322137463068
1239 4.176322137463068
1240 4.176322137463068
1241 3.6403604488155406
1242 3.6403604488155406
1243 3.6403604488155406
1244 3.6403604488155406
1245 4.2861486995371605
1246 4.2861486995371605
1247 4.2861486995371605
1248 4.2861486995371605
1249 1.2396662275306944
1250 1.2396662275306944
1251 1.2396662275306944
1252 1.2396662275306944
1253 1.3686362091574238
1254 1.3686362091574238
1255 1.3686362091574238
1256 1.3686362091574238
1257 0.8953094924640406
1258 0.8953094924640406
1259 0.8953094924640406
1260 0.8953094924640406
1261 0.8459094830118821
1262 0.8459094830118821
1263 0.8459094830118821
1264 0.8459094830118821
1265 1.0676322700146323
1266 1.0676322700146323
1267 1.0676322700146323
1268 1.0676322700146323
1269 0.8388079686424869
1270 0.8388079686424869
1271 0.8388079686424869
1272 0.8388079686424869
1273 1.3592305008647982
1274 1.3592305008647982
1275 1.3592305008647982
1276 1.3592305008647982
1277 1.4435352454252706
1278 1.4435352454252706
1279 1.4435352454252706
1280 1.4435352454252706
1281 1.1496001786766865
1282 1.1496001786766865
1283 1.1496001786766865
1284 1.1496001786766865
1285 1.028207758193459
1286 1.028207758193459
1287 1.028207758193459
1288 1.028207758193459
1289 0.9310436337507954
1290 0.9310436337507954
1291 0.9310436337507954
1292 0.9310436337507954
1293 1.1922587090417824
1294 1.1922587090417824
1295 1.1922587090417824
1296 1.1922587090417824
1297 1.3173697257318908
1298 1.3173697257318908
1299 1.3173697257318908
1300 1.3173697257318908
1301 0.8352439692366742
1302 0.8352439692366742
1303 0.8352439692366742
1304 0.8352439692366742
1305 0.9994639800542205
1306 0.9994639800542205
1307 0.9994639800542205
1308 0.9994639800542205
1309 1.1706255770148835
1310 1.1706255770148835
1311 1.1706255770148835
1312 1.1706255770148835
1313 0.6517372800672507
1314 0.6517372800672507
1315 0.6517372800672507
1316 0.6517372800672507
1317 1.0281103780376275
1318 1.0281103780376275
1319 1.0281103780376275
1320 1.0281103780376275
1321 1.395301544054813
1322 1.395301544054813
1323 1.395301544054813
1324 1.395301544054813
1325 1.1675481404884747
1326 1.1675481404884747
1327 1.1675481404884747
1328 1.1675481404884747
1329 0.6853226532719596
1330 0.6853226532719596
1331 0.6853226532719596
1332 0.6853226532719596
1333 0.9643957233739353
1334 3.082453995996647
1335 3.082453995996647
1336 3.082453995996647
1337 3.082453995996647
1338 2.6143526820196166
1339 2.6143526820196166
1340 2.6143526820196166
1341 2.6143526820196166
1342 3.0409207338713076
1343 3.0409207338713076
1344 3.0409207338713076
1345 3.0409207338713076
1346 2.9870143847234956
1347 2.9870143847234956
1348 2.9870143847234956
1349 2.9870143847234956
1350 2.510055469713067
1351 2.510055469713067
1352 2.510055469713067
1353 2.510055469713067
1354 3.049871150157155
1355 3.049871150157155
1356 3.049871150157155
1357 3.049871150157155
1358 2.9585852821636505
1359 2.9585852821636505
1360 2.9585852821636505
1361 2.9585852821636505
1362 2.3731081205403832
1363 2.3731081205403832
1364 2.3731081205403832
1365 2.3731081205403832
1366 3.751252098325101
1367 3.751252098325101
1368 3.751252098325101
1369 3.751252098325101
1370 2.9367821244705197
1371 2.9367821244705197
1372 2.9367821244705197
1373 2.9367821244705197
1374 3.391863569392746
1375 3.391863569392746
1376 3.391863569392746
1377 3.391863569392746
1378 3.068079903761148
1379 3.068079903761148
1380 3.068079903761148
1381 3.068079903761148
1382 3.046941827633406
1383 3.046941827633406
1384 3.046941827633406
1385 3.046941827633406
1386 2.6052367035970754
1387 2.6052367035970754
1388 2.6052367035970754
1389 2.6052367035970754
1390 3.8549789514406005
1391 3.8549789514406005
1392 3.8549789514406005
1393 3.8549789514406005
1394 4.097070127005952
1395 4.097070127005952
1396 4.097070127005952
1397 4.097070127005952
1398 3.4514477292295034
1399 3.4514477292295034
1400 3.4514477292295034
1401 3.4514477292295034
1402 2.250692616477754
1403 2.250692616477754
1404 2.250692616477754
1405 2.250692616477754
1406 2.514166947127869
1407 2.514166947127869
1408 2.514166947127869
1409 2.514166947127869
1410 3.5123298892942647
1411 3.5123298892942647
1412 4.718639880314286
1413 4.718639880314286
1414 4.718639880314286
1415 4.718639880314286
1416 4.352803171308052
1417 4.352803171308052
1418 4.352803171308052
1419 4.352803171308052
1420 3.589983267685406
1421 3.589983267685406
1422 3.589983267685406
1423 3.589983267685406
1424 3.9590950445855246
1425 3.9590950445855246
1426 3.9590950445855246
1427 3.9590950445855246
1428 3.823566007892053
1429 3.823566007892053
1430 3.823566007892053
1431 3.823566007892053
1432 4.802364444076454
1433 4.802364444076454
1434 4.802364444076454
1435 4.802364444076454
1436 3.3228188124167715
1437 3.3228188124167715
1438 3.3228188124167715
1439 3.3228188124167715
1440 3.808685310362132
1441 3.808685310362132
1442 3.808685310362132
1443 3.808685310362132
1444 5.409818028670882
1445 5.409818028670882
1446 5.409818028670882
1447 5.409818028670882
1448 3.5277501618579263
1449 3.5277501618579263
1450 3.5277501618579263
1451 3.5277501618579263
1452 4.113228230737437
1453 4.113228230737437
1454 4.113228230737437
1455 4.113228230737437
1456 4.3173860468814516
1457 4.3173860468814516
1458 4.3173860468814516
1459 4.3173860468814516
1460 3.590642038571663
1461 3.590642038571663
1462 3.590642038571663
1463 3.590642038571663
1464 4.339832879377244
1465 4.339832879377244
1466 4.339832879377244
1467 4.339832879377244
1468 2.4346840293313337
1469 2.4346840293313337
1470 2.4346840293313337
1471 2.4346840293313337
1472 2.181745250627133
1473 2.181745250627133
1474 2.181745250627133
1475 2.181745250627133
1476 3.7184487887630393
1477 3.5269712858571434
1478 3.5269712858571434
1479 3.5269712858571434
1480 3.5269712858571434
1481 3.1467806841382573
1482 3.1467806841382573
1483 3.1467806841382573
1484 3.1467806841382573
1485 2.6833202562564344
1486 2.6833202562564344
1487 2.6833202562564344
1488 2.6833202562564344
1489 1.8304404593378216
1490 1.8304404593378216
1491 1.8304404593378216
1492 1.8304404593378216
1493 2.9502549593085723
1494 2.9502549593085723
1495 2.9502549593085723
1496 2.9502549593085723
1497 3.2333912548398915
1498 3.2333912548398915
1499 3.2333912548398915
1500 3.2333912548398915
1501 3.9179280883818715
1502 3.9179280883818715
1503 3.9179280883818715
1504 3.9179280883818715
1505 3.878057527975877
1506 3.878057527975877
1507 3.878057527975877
1508 3.878057527975877
1509 3.1184218295239945
1510 3.1184218295239945
1511 3.1184218295239945
1512 3.1184218295239945
1513 4.1230009638943805
1514 4.1230009638943805
1515 4.1230009638943805
1516 4.1230009638943805
1517 3.364235391020751
1518 3.364235391020751
1519 3.364235391020751
1520 3.364235391020751
1521 3.413976272117701
1522 3.413976272117701
1523 3.413976272117701
1524 3.413976272117701
1525 2.7759633251255695
1526 2.7759633251255695
1527 2.7759633251255695
1528 2.7759633251255695
1529 3.3421138570908844
1530 3.3421138570908844
1531 3.3421138570908844
1532 3.3421138570908844
1533 2.618172225570029
1534 2.618172225570029
1535 2.618172225570029
1536 2.618172225570029
1537 4.180538547512529
1538 4.180538547512529
1539 4.180538547512529
1540 4.180538547512529
1541 3.2336967167675197
1542 3.2336967167675197
1543 3.2336967167675197
1544 3.2336967167675197
1545 2.863768393542542
1546 2.863768393542542
1547 2.863768393542542
1548 2.863768393542542
1549 3.0314604421970164
1550 3.0314604421970164
1551 3.0314604421970164
1552 3.0314604421970164
1553 3.411610707661391
1554 3.411610707661391
1555 3.411610707661391
1556 3.411610707661391
1557 4.318203036798066
1558 4.318203036798066
1559 4.318203036798066
1560 4.318203036798066
1561 4.610269369412939
1562 4.610269369412939
1563 4.610269369412939
1564 4.610269369412939
1565 3.797528578832479
1566 3.797528578832479
1567 3.797528578832479
1568 3.797528578832479
1569 3.1025947133776457
1570 3.1025947133776457
1571 3.1025947133776457
1572 3.1025947133776457
1573 3.3954302402043863
1574 3.3954302402043863
1575 3.3954302402043863
1576 3.3954302402043863
1577 3.5893859702336965
1578 3.5893859702336965
1579 3.5893859702336965
1580 3.5893859702336965
1581 3.623790105017921
1582 3.623790105017921
1583 3.623790105017921
1584 3.623790105017921
1585 3.6706444880574125
1586 3.6706444880574125
1587 3.6706444880574125
1588 3.6706444880574125
1589 2.8750095697670788
1590 2.8750095697670788
1591 2.8750095697670788
1592 2.8750095697670788
1593 2.723784528839834
1594 2.723784528839834
1595 2.723784528839834
1596 2.723784528839834
1597 4.003924769768017
1598 4.003924769768017
1599 4.003924769768017
1600 4.003924769768017
1601 5.194063764288629
1602 5.194063764288629
1603 5.194063764288629
1604 5.194063764288629
1605 3.2005693558523944
1606 3.2005693558523944
1607 3.2005693558523944
1608 3.2005693558523944
1609 3.952948068533644
1610 3.952948068533644
1611 3.952948068533644
1612 3.952948068533644
1613 3.1996741355917004
1614 3.1996741355917004
1615 3.1996741355917004
1616 3.1996741355917004
1617 2.4930870258605493
1618 2.4930870258605493
1619 2.4930870258605493
1620 2.4930870258605493
1621 4.061707502341578
1622 4.061707502341578
1623 4.061707502341578
1624 4.061707502341578
1625 3.708970524260956
1626 3.708970524260956
1627 3.708970524260956
1628 3.708970524260956
1629 3.224075684664664
1630 3.224075684664664
1631 3.224075684664664
1632 3.224075684664664
1633 3.3565841904724794
1634 3.3565841904724794
1635 3.3565841904724794
1636 3.3565841904724794
1637 0.5263528894281237
1638 0.5263528894281237
1639 0.5263528894281237
1640 0.5263528894281237
1641 0.6565071874340995
1642 0.6565071874340995
1643 0.6565071874340995
1644 0.6565071874340995
1645 0.6657996383601293
1646 0.6657996383601293
1647 0.6657996383601293
1648 0.6657996383601293
1649 0.6933823747971587
1650 0.6933823747971587
1651 0.6933823747971587
1652 0.6933823747971587
1653 0.6664438316433315
1654 0.6664438316433315
1655 0.6664438316433315
1656 0.6664438316433315
1657 0.8185833525637739
1658 0.8185833525637739
1659 0.8185833525637739
1660 0.8185833525637739
1661 0.7634661336963644
1662 0.7634661336963644
1663 0.7634661336963644
1664 0.7634661336963644
1665 0.5267482681494438
1666 0.5267482681494438
1667 0.5267482681494438
1668 0.5267482681494438
1669 0.4507174259568345
1670 0.4507174259568345
1671 0.4507174259568345
1672 0.4507174259568345
1673 0.7898350696805807
1674 0.7898350696805807
1675 0.7898350696805807
1676 0.7898350696805807
1677 0.7003766690131129
1678 0.7003766690131129
1679 0.7003766690131129
1680 0.7003766690131129
1681 0.6083854931123776
1682 0.6083854931123776
1683 0.6083854931123776
1684 0.6083854931123776
1685 0.7712127413069886
1686 0.7712127413069886
1687 0.7712127413069886
1688 0.7712127413069886
1689 0.6011493152216124
1690 0.6011493152216124
1691 0.6011493152216124
1692 0.6011493152216124
1693 0.5002190630586569
1694 0.5002190630586569
1695 0.5002190630586569
1696 0.5002190630586569
1697 0.5833064805919127
1698 1.5918712725989477
1699 1.5918712725989477
1700 1.5918712725989477
1701 1.5918712725989477
1702 2.218222256785701
1703 2.218222256785701
1704 2.218222256785701
1705 2.218222256785701
1706 2.238929590648575
1707 2.238929590648575
1708 2.238929590648575
1709 2.238929590648575
1710 3.222075420038091
1711 3.222075420038091
1712 3.222075420038091
1713 3.222075420038091
1714 2.902280000077052
1715 2.902280000077052
1716 2.902280000077052
1717 2.902280000077052
1718 2.5935444103845318
1719 2.5935444103845318
1720 2.5935444103845318
1721 2.5935444103845318
1722 0.49569815179573523
1723 0.49569815179573523
1724 0.49569815179573523
1725 0.49569815179573523
1726 0.6593199345095716
1727 0.6593199345095716
1728 0.6593199345095716
1729 0.6593199345095716
1730 0.7348340886173137
1731 0.7348340886173137
1732 0.7348340886173137
1733 0.7348340886173137
1734 0.602144055082822
1735 0.602144055082822
1736 0.602144055082822
1737 0.602144055082822
1738 3.801683994024569
1739 3.801683994024569
1740 3.801683994024569
1741 3.801683994024569
1742 4.824647005961728
1743 4.824647005961728
1744 4.824647005961728
1745 4.824647005961728
1746 2.744106686931139
1747 2.744106686931139
1748 2.744106686931139
1749 2.744106686931139
1750 2.9817857976134827
1751 2.9817857976134827
1752 2.9817857976134827
1753 2.9817857976134827
1754 2.5886412277499593
1755 2.5886412277499593
1756 2.5886412277499593
1757 2.5886412277499593
1758 3.9399287307639366
1759 3.9399287307639366
1760 3.9399287307639366
1761 3.9399287307639366
1762 3.675737504738889
1763 3.675737504738889
1764 3.675737504738889
1765 3.675737504738889
1766 4.4723840345186145
1767 4.4723840345186145
1768 4.4723840345186145
1769 4.4723840345186145
1770 3.8666857008064603
1771 3.8666857008064603
1772 3.8666857008064603
1773 3.8666857008064603
1774 4.200867784185075
1775 4.200867784185075
1776 4.200867784185075
1777 4.200867784185075
1778 3.572113342582294
1779 3.572113342582294
1780 3.572113342582294
1781 3.572113342582294
1782 2.23712190604385
1783 2.23712190604385
1784 2.23712190604385
1785 2.23712190604385
1786 3.843550697826357
1787 3.843550697826357
1788 3.843550697826357
1789 3.843550697826357
1790 4.09740029920137
1791 1.1136526750734173
1792 1.1136526750734173
1793 1.1136526750734173
1794 1.1136526750734173
1795 0.8951365079400265
1796 0.8951365079400265
1797 0.8951365079400265
1798 0.8951365079400265
1799 1.2447171912748416
1800 1.2447171912748416
1801 1.2447171912748416
1802 1.2447171912748416
1803 1.7334769457206607
1804 1.7334769457206607
1805 1.7334769457206607
1806 1.7334769457206607
1807 1.5399136409469572
1808 1.5399136409469572
1809 1.5399136409469572
1810 1.5399136409469572
1811 1.7750350720126646
1812 1.7750350720126646
1813 1.7750350720126646
1814 1.7750350720126646
1815 1.9387465728238276
1816 1.9387465728238276
1817 1.9387465728238276
1818 1.9387465728238276
1819 1.3712872821608522
1820 1.3712872821608522
1821 1.3712872821608522
1822 1.3712872821608522
1823 1.0157871797793157
1824 1.0157871797793157
1825 1.0157871797793157
1826 1.0157871797793157
1827 1.6587963142189763
1828 1.6587963142189763
1829 1.6587963142189763
1830 1.6587963142189763
1831 1.3417311372288756
1832 1.3417311372288756
1833 1.3417311372288756
1834 1.3417311372288756
1835 1.6059392629574198
1836 1.6059392629574198
1837 1.6059392629574198
1838 1.6059392629574198
1839 1.407831532377605
1840 1.407831532377605
1841 1.407831532377605
1842 1.407831532377605
1843 1.0064078418927274
1844 1.0064078418927274
1845 1.0064078418927274
1846 1.0064078418927274
1847 1.8288234291981529
1848 1.8288234291981529
1849 1.8288234291981529
1850 1.8288234291981529
1851 1.0871483771620536
1852 1.0871483771620536
1853 1.0871483771620536
1854 1.0871483771620536
1855 1.8320429405050014
1856 1.8320429405050014
1857 1.8320429405050014
1858 1.8320429405050014
1859 1.5571282928877561
1860 1.5571282928877561
1861 1.5571282928877561
1862 1.5571282928877561
1863 1.9671635608156912
1864 1.9671635608156912
1865 1.9671635608156912
1866 1.9671635608156912
1867 1.6813214404702128
1868 1.6813214404702128
1869 1.6813214404702128
1870 1.6813214404702128
1871 1.0593610600769598
1872 1.0593610600769598
1873 1.0593610600769598
1874 1.0593610600769598
1875 1.4455836374302067
1876 1.4455836374302067
1877 1.4455836374302067
1878 1.4455836374302067
1879 1.7228615772718814
1880 1.7228615772718814
1881 1.7228615772718814
1882 1.7228615772718814
1883 1.630783330094511
1884 1.630783330094511
1885 1.630783330094511
1886 1.630783330094511
1887 1.0589948131297788
1888 1.0589948131297788
1889 1.0589948131297788
1890 1.0589948131297788
1891 1.268113085755349
1892 1.268113085755349
1893 0.22726318610788632
1894 0.22726318610788632
1895 0.22726318610788632
1896 0.22726318610788632
1897 0.18370793680863107
1898 0.18370793680863107
1899 0.18370793680863107
1900 0.18370793680863107
1901 0.5557912279187753
1902 0.5557912279187753
1903 0.5557912279187753
1904 0.5557912279187753
1905 0.5994758185680663
1906 0.5994758185680663
1907 0.5994758185680663
1908 0.5994758185680663
1909 0.48845713414842734
1910 0.48845713414842734
1911 0.48845713414842734
1912 0.48845713414842734
1913 0.6193925066397332
1914 0.6193925066397332
1915 0.6193925066397332
1916 0.6193925066397332
1917 0.594922439455072
1918 0.594922439455072
1919 0.594922439455072
1920 0.594922439455072
1921 0.5527395494158286
1922 0.5527395494158286
1923 0.5527395494158286
1924 0.5527395494158286
1925 0.5711345764378931
1926 0.5711345764378931
1927 0.5711345764378931
1928 0.5711345764378931
1929 0.7037454578193585
1930 0.7037454578193585
1931 0.7037454578193585
1932 0.7037454578193585
1933 0.7448062213357421
1934 0.7448062213357421
1935 0.7448062213357421
1936 0.7448062213357421
1937 0.7685791734707615
1938 0.7685791734707615
1939 0.7685791734707615
1940 0.7685791734707615
1941 0.5917770209582439
1942 0.5917770209582439
1943 0.5917770209582439
1944 0.5917770209582439
1945 0.6509745835132231
1946 0.6509745835132231
1947 0.6509745835132231
1948 0.6509745835132231
1949 0.7024520505922653
1950 0.7024520505922653
1951 0.7024520505922653
1952 0.7024520505922653
1953 0.5419427108785678
1954 0.5419427108785678
1955 0.5419427108785678
1956 0.5419427108785678
1957 0.8096811652936221
1958 0.8096811652936221
1959 0.8096811652936221
1960 0.8096811652936221
1961 0.6834033888277253
1962 0.6834033888277253
1963 0.6834033888277253
1964 0.6834033888277253
1965 0.5039505629443075
1966 0.5039505629443075
1967 0.5039505629443075
1968 0.5039505629443075
1969 0.4867568482282495
1970 0.4867568482282495
1971 0.4867568482282495
1972 0.4867568482282495
1973 0.8257887466455712
1974 0.8257887466455712
1975 0.8257887466455712
1976 0.8257887466455712
1977 0.7537239620328556
1978 0.7537239620328556
1979 0.7537239620328556
1980 0.7537239620328556
1981 0.6053708710230183
1982 0.6053708710230183
1983 0.6053708710230183
1984 0.6053708710230183
1985 0.6249260772243174
1986 0.6249260772243174
1987 0.6249260772243174
1988 0.6249260772243174
1989 0.6516031037163479
1990 0.6516031037163479
1991 0.6516031037163479
1992 0.6516031037163479
1993 0.6172152360592102
1994 0.6172152360592102
1995 0.6172152360592102
1996 0.6172152360592102
1997 2.67219448702129
1998 2.67219448702129
1999 2.67219448702129
