0 0.30491918234303395
1 0.30491918234303395
2 0.20345051640013156
3 0.20345051640013156
4 0.21204443473684195
5 0.21204443473684195
6 0.2464475636016678
7 3.622740049477752
8 3.622740049477752
9 2.9726899616575415
10 2.9726899616575415
11 3.25878772291356
12 3.25878772291356
13 0.6913216128094355
14 0.6913216128094355
15 2.894659382336371
16 2.894659382336371
17 0.7910336667152551
18 0.7910336667152551
19 1.6869314654732768
20 1.6869314654732768
21 2.301798577514346
22 2.301798577514346
23 0.1
24 0.1
25 1.4890036091431966
26 1.4890036091431966
27 4.16113216104276
28 4.16113216104276
29 1.4828475226153006
30 1.4828475226153006
31 1.2813286018656307
32 1.2813286018656307
33 1.783891380309325
34 1.783891380309325
35 2.773852019897944
36 2.773852019897944
37 2.077620084128981
38 2.077620084128981
39 3.2696877447937176
40 3.2696877447937176
41 3.1174412875585666
42 3.1174412875585666
43 2.635036217976806
44 2.635036217976806
45 1.715257235378922
46 1.715257235378922
47 3.376133604355287
48 3.376133604355287
49 2.690872550553245
50 2.690872550553245
51 2.450100307960637
52 2.450100307960637
53 2.783199982610275
54 2.783199982610275
55 1.9971801877048028
56 1.9971801877048028
57 2.380198855921021
58 2.380198855921021
59 4.882544421481441
60 4.882544421481441
61 3.2039815968419645
62 3.2039815968419645
63 1.3916883705286378
64 1.3916883705286378
65 0.1
66 0.1
67 1.995055084886209
68 1.995055084886209
69 1.4740069166045604
70 1.4740069166045604
71 3.067240102063343
72 3.067240102063343
73 3.221211029360497
74 3.221211029360497
75 2.5656940751581896
76 2.5656940751581896
77 3.272985342651272
78 3.272985342651272
79 1.7665043656107828
80 1.7665043656107828
81 3.2777387848528496
82 3.2777387848528496
83 2.9752321894519542
84 2.9752321894519542
85 2.6081893182748273
86 2.6081893182748273
87 0.9452698610773482
88 0.9452698610773482
89 1.9739417849778023
90 1.9739417849778023
91 3.628386701093956
92 3.628386701093956
93 2.519941673748437
94 2.519941673748437
95 0.506137675732484
96 0.506137675732484
97 3.410905609180274
98 3.410905609180274
99 2.770657124088146
100 2.770657124088146
101 1.1799569014607023
102 1.1799569014607023
103 1.0517647836474011
104 1.0517647836474011
105 1.830966739664381
106 1.830966739664381
107 3.472292772741664
108 3.472292772741664
109 2.9854888146479754
110 2.9854888146479754
111 1.7549570979842077
112 1.7549570979842077
113 0.8858644837582292
114 0.8858644837582292
115 0.6527450761670481
116 0.6527450761670481
117 2.0917838826689605
118 2.0917838826689605
119 2.9008835985361605
120 2.9008835985361605
121 2.6896550223752267
122 2.6896550223752267
123 2.7852054742557155
124 2.7852054742557155
125 3.445967295054138
126 3.0931490743158156
127 3.0931490743158156
128 1.9921419743395152
129 1.9921419743395152
130 4.1523804444258765
131 4.1523804444258765
132 3.1239221331546982
133 3.1239221331546982
134 2.143148681079977
135 2.143148681079977
136 3.7136551382842082
137 3.7136551382842082
138 1.3850513387628378
139 1.3850513387628378
140 3.2113000242777052
141 3.2113000242777052
142 2.7028023744641825
143 2.7028023744641825
144 3.2660114003879883
145 3.2660114003879883
146 3.0568763466950513
147 3.0568763466950513
148 3.4084267372441635
149 3.4619420484903443
150 3.4619420484903443
151 2.4920956891766908
152 2.4920956891766908
153 3.891081881633939
154 3.891081881633939
155 0.929287588428231
156 0.929287588428231
157 2.771554958778108
158 2.771554958778108
159 2.245877053870027
160 2.245877053870027
161 2.740250591339837
162 2.740250591339837
163 4.480188323682357
164 4.480188323682357
165 0.1
166 0.1
167 2.472775428775286
168 2.472775428775286
169 4.8837876763772385
170 4.8837876763772385
171 4.494762985607468
172 4.494762985607468
173 2.710101358891321
174 2.710101358891321
175 1.442263297089999
176 1.442263297089999
177 5.520726767597205
178 5.520726767597205
179 4.268348329666845
180 4.268348329666845
181 5.963106366451819
182 5.963106366451819
183 1.6186869931967158
184 1.6186869931967158
185 5.798025560691936
186 5.798025560691936
187 5.459455426793797
188 5.459455426793797
189 3.6661737112005053
190 3.6661737112005053
191 6.175663823853778
192 6.175663823853778
193 5.450481293282021
194 5.450481293282021
195 5.36155421715422
196 5.36155421715422
197 3.2891414552103035
198 3.2891414552103035
199 7.238376861239898
200 7.238376861239898
201 7.48028456431211
202 1.4856881787690124
203 1.4856881787690124
204 0.5128365343152752
205 0.5128365343152752
206 1.0869950717722716
207 1.0869950717722716
208 0.1528996708059921
209 0.1528996708059921
210 1.5058437442519228
211 1.5058437442519228
212 1.5420026023036717
213 1.0934316205235755
214 1.0934316205235755
215 1.088632621477562
216 1.088632621477562
217 1.3534534496715898
218 1.3534534496715898
219 1.0312325102403395
220 1.0312325102403395
221 2.4516056275504936
222 2.4516056275504936
223 1.736569214179078
224 1.736569214179078
225 1.709835270285634
226 1.709835270285634
227 0.6573671077162794
228 0.6573671077162794
229 2.3742579426086126
230 2.3742579426086126
231 2.4172357187353954
232 2.4172357187353954
233 1.5714572890616725
234 1.5714572890616725
235 1.7994000574832856
236 1.7994000574832856
237 1.7215128312685706
238 1.7215128312685706
239 1.8952189865971936
240 1.8952189865971936
241 0.5041450806075982
242 0.5041450806075982
243 1.0815874358046342
244 1.0815874358046342
245 0.688614958129024
246 0.688614958129024
247 1.7182661975504114
248 2.450395249913682
249 2.450395249913682
250 3.0916791914627537
251 3.0916791914627537
252 3.7265315285040774
253 3.7265315285040774
254 5.428788622749412
255 5.428788622749412
256 1.9756561342276364
257 0.3834147991882081
258 0.3834147991882081
259 1.1851378746056749
260 1.1851378746056749
261 0.5755343704333907
262 0.5755343704333907
263 1.3174498887204036
264 1.3174498887204036
265 0.6384073467460505
266 0.6384073467460505
267 1.252694796983802
268 1.252694796983802
269 1.539292267662039
270 1.539292267662039
271 2.155146057872151
272 2.155146057872151
273 0.7292591943381836
274 0.7292591943381836
275 1.4043468861932098
276 1.4043468861932098
277 1.2412956981742298
278 1.2412956981742298
279 2.730644728460914
280 2.730644728460914
281 2.8982823086463916
282 2.8982823086463916
283 4.257102778922549
284 2.9035328140680043
285 2.9035328140680043
286 4.964022299595927
287 4.964022299595927
288 8.000998618417883
289 8.000998618417883
290 5.240082563885417
291 5.240082563885417
292 3.579792795712854
293 3.579792795712854
294 2.572218625935882
295 2.572218625935882
296 4.186927833968255
297 4.186927833968255
298 4.4850939752086205
299 4.4850939752086205
300 5.725240079197507
301 5.725240079197507
302 6.129132558080822
303 6.129132558080822
304 4.298396522642517
305 4.298396522642517
306 2.0573565698735563
307 2.0573565698735563
308 6.305318540264494
309 6.305318540264494
310 2.749069281351779
311 2.749069281351779
312 5.097511461564725
313 5.097511461564725
314 4.982553339465797
315 4.982553339465797
316 5.569971218835196
317 5.569971218835196
318 3.438890820682938
319 3.438890820682938
320 5.581348668487864
321 5.581348668487864
322 3.4296947375879205
323 3.4296947375879205
324 8.599564045521912
325 8.599564045521912
326 3.494219121061383
327 3.494219121061383
328 5.249834569492405
329 5.249834569492405
330 3.1633500775623022
331 3.1633500775623022
332 2.8455103690796184
333 2.8455103690796184
334 2.8558827386241776
335 2.8558827386241776
336 7.1187013216982695
337 7.1187013216982695
338 3.1633340538797383
339 3.1633340538797383
340 3.4603471310663414
341 3.4603471310663414
342 7.904706227887294
343 7.904706227887294
344 2.9203599882450835
345 2.9203599882450835
346 0.7787365439486762
347 0.7787365439486762
348 4.634855375513262
349 4.634855375513262
350 3.304083044702431
351 3.304083044702431
352 4.5776637154352136
353 4.5776637154352136
354 3.6599679542750803
355 3.6599679542750803
356 3.438623293736583
357 3.438623293736583
358 4.291574403631996
359 4.291574403631996
360 1.9489619479636766
361 1.9489619479636766
362 3.1779701060621175
363 3.1779701060621175
364 0.7609004160288806
365 0.7609004160288806
366 2.8639364741386424
367 2.8639364741386424
368 3.4119450510832907
369 3.4119450510832907
370 3.4234228480566236
371 3.4234228480566236
372 0.1
373 0.1
374 2.8362889470039447
375 2.8362889470039447
376 3.4642396289538726
377 3.4642396289538726
378 4.277150904021731
379 0.1
380 0.1
381 0.9889539016685752
382 0.9889539016685752
383 0.36847948323569846
384 0.36847948323569846
385 1.5148467749904317
386 1.5148467749904317
387 1.165284942805929
388 1.165284942805929
389 1.208965933331585
390 1.208965933331585
391 0.9624705125768925
392 0.9624705125768925
393 1.2526973847372176
394 1.2526973847372176
395 1.1916566820942018
396 1.1916566820942018
397 1.1117688801009478
398 1.1117688801009478
399 0.9682202090369019
400 0.9682202090369019
401 0.7674581343543869
402 0.7674581343543869
403 1.4051286053677083
404 1.4051286053677083
405 1.2216759755233835
406 1.2216759755233835
407 1.1141282649628208
408 1.1141282649628208
409 0.27759039707046596
410 0.27759039707046596
411 1.7798491279395505
412 1.7798491279395505
413 0.8680014452436599
414 0.8680014452436599
415 0.7904796856041465
416 0.7904796856041465
417 1.105312596160282
418 1.105312596160282
419 1.246536340200892
420 1.246536340200892
421 0.777963118357819
422 0.777963118357819
423 0.743571626443652
424 0.743571626443652
425 1.0501689156083363
426 1.0501689156083363
427 0.45348007913341437
428 0.45348007913341437
429 0.28743071436672984
430 0.28743071436672984
431 1.1233478608069796
432 1.1233478608069796
433 0.787191538294352
434 0.787191538294352
435 1.4220958922431506
436 1.4220958922431506
437 0.1
438 0.1
439 0.1
440 0.1
441 1.7601011334155916
442 1.7601011334155916
443 0.909329723809129
444 0.909329723809129
445 0.3975563870202611
446 0.3975563870202611
447 1.123375993450784
448 1.123375993450784
449 1.0545139332243016
450 1.0545139332243016
451 1.4693335950471
452 1.4693335950471
453 1.7118815446899955
454 1.7118815446899955
455 0.6827810137679671
456 0.6827810137679671
457 1.0849668192732067
458 1.0849668192732067
459 0.1
460 0.1
461 1.509522896852006
462 1.509522896852006
463 1.409512663538868
464 1.409512663538868
465 1.1836244006895682
466 1.1836244006895682
467 0.2597796226217326
468 0.2597796226217326
469 1.4197814843410699
470 1.4197814843410699
471 1.347271447144877
472 1.347271447144877
473 1.3157185877468103
474 1.3157185877468103
475 1.1620629792616768
476 1.1620629792616768
477 0.3057392725456014
478 0.3057392725456014
479 1.243321343014549
480 1.243321343014549
481 0.9645960173328401
482 0.9645960173328401
483 1.4273690469423792
484 1.4273690469423792
485 1.570343669270066
486 1.570343669270066
487 1.0113403780155843
488 1.0113403780155843
489 1.046559148816584
490 1.046559148816584
491 1.7212522648491104
492 1.7212522648491104
493 1.9851128850539093
494 1.9851128850539093
495 1.3765249009156193
496 1.3765249009156193
497 0.9256739871570845
498 0.9256739871570845
499 0.5688798970764107
500 0.5688798970764107
501 0.3713074908335251
502 0.3713074908335251
503 0.9255540790511255
504 0.9255540790511255
505 0.9788045392798913
506 0.9788045392798913
507 1.0848252833370116
508 1.0848252833370116
509 0.6960135775798589
510 0.6960135775798589
511 0.3100412135736659
512 0.3100412135736659
513 1.9531795123955198
514 1.9531795123955198
515 1.7779941609928946
516 1.7779941609928946
517 1.0428052703524031
518 1.0428052703524031
519 0.5799928754577284
520 0.5799928754577284
521 0.8198586390750953
522 0.8198586390750953
523 0.886026720862354
524 0.886026720862354
525 1.6913216216405678
526 1.6913216216405678
527 0.8972179314275136
528 0.8972179314275136
529 1.5849904721070693
530 1.5849904721070693
531 1.6864065704656102
532 1.6864065704656102
533 1.0337813715646273
534 1.0337813715646273
535 1.1416187358674559
536 1.1416187358674559
537 2.0213267078594224
538 2.0213267078594224
539 1.2266425749681218
540 1.2266425749681218
541 1.1446491361953568
542 1.1446491361953568
543 0.4669777037688996
544 0.4669777037688996
545 0.1
546 0.1
547 1.3912157503526879
548 1.3912157503526879
549 0.37514759477482884
550 0.37514759477482884
551 0.895595568609739
552 0.895595568609739
553 0.1952322418412662
554 0.1952322418412662
555 0.938028995571984
556 0.938028995571984
557 1.3022473825167782
558 1.3022473825167782
559 1.1628518082959938
560 1.1628518082959938
561 1.1980281931867478
562 1.1980281931867478
563 1.390056709301366
564 1.390056709301366
565 1.3918119935763356
566 1.3918119935763356
567 1.3710286345204912
568 1.3710286345204912
569 1.6630951142794463
570 1.6630951142794463
571 0.8275342108245848
572 0.8275342108245848
573 1.2355201313440716
574 1.2355201313440716
575 0.3287672096325279
576 0.3287672096325279
577 1.1159971201854264
578 1.1159971201854264
579 1.6900032505599931
580 1.6900032505599931
581 0.7717501687299213
582 0.7717501687299213
583 1.5589900033469926
584 1.5589900033469926
585 1.5430970987171682
586 1.5430970987171682
587 0.6828751901901648
588 0.6828751901901648
589 1.4109827472790015
590 1.4109827472790015
591 0.5965791829162498
592 0.5965791829162498
593 1.5256680635651167
594 1.5256680635651167
595 1.793745169460765
596 1.793745169460765
597 0.7650808188338194
598 0.7650808188338194
599 1.1805973215730419
600 1.1805973215730419
601 1.6875342420035904
602 1.6875342420035904
603 0.7925338317806858
604 0.7925338317806858
605 1.0323485440630473
606 1.0323485440630473
607 1.135986061753936
608 1.135986061753936
609 1.6289187012206416
610 1.6289187012206416
611 1.3098408197452391
612 1.3098408197452391
613 0.9340490066466266
614 0.9340490066466266
615 1.0983972913520859
616 2.4470893777755314
617 2.4470893777755314
618 2.3432754041298063
619 2.3432754041298063
620 2.3533754191402343
621 2.3533754191402343
622 0.6958608283548251
623 0.6958608283548251
624 5.679269847629765
625 5.679269847629765
626 2.410947485399014
627 2.410947485399014
628 4.288912584456254
629 4.288912584456254
630 3.1811392278868342
631 3.1811392278868342
632 3.384614030025956
633 3.384614030025956
634 2.7860946004691116
635 2.7860946004691116
636 3.7529532983746376
637 1.4169968837788693
638 1.4169968837788693
639 0.22182408508145657
640 0.22182408508145657
641 1.7729956184292983
642 1.7729956184292983
643 0.8824151654789645
644 0.8824151654789645
645 0.62280657849455
646 0.62280657849455
647 1.5433238744213313
648 1.5433238744213313
649 1.3833314269018753
650 1.3833314269018753
651 0.7183870706909543
652 0.7183870706909543
653 1.2918552704789965
654 1.2918552704789965
655 1.3443881369986774
656 1.3443881369986774
657 1.4045831124456105
658 1.4045831124456105
659 1.2855107813647615
660 1.2855107813647615
661 1.8369927080592354
662 1.8369927080592354
663 1.4470632057099635
664 1.4470632057099635
665 1.255720044198639
666 1.255720044198639
667 0.9180616964804064
668 0.9180616964804064
669 0.6443403095399631
670 0.6443403095399631
671 1.876640814395841
672 1.876640814395841
673 1.3019677904794051
674 1.3019677904794051
675 0.470387759512792
676 0.470387759512792
677 1.7370270765051279
678 1.7370270765051279
679 1.262370931995323
680 1.262370931995323
681 1.7399259547935222
682 1.7399259547935222
683 1.3407562885999385
684 1.3407562885999385
685 1.4845181338559215
686 1.4845181338559215
687 0.9458356962765845
688 0.9458356962765845
689 0.5480991068084693
690 0.5480991068084693
691 1.1349043330223338
692 1.1349043330223338
693 0.6506324378247308
694 0.6821606279195372
695 0.6821606279195372
696 0.4132673791528717
697 0.4132673791528717
698 0.9530926561012971
699 0.9530926561012971
700 0.9907420869251007
701 0.9907420869251007
702 0.41398887636210013
703 0.41398887636210013
704 0.41053463637092147
705 0.41053463637092147
706 0.45158344950507034
707 0.45158344950507034
708 0.5249235870666902
709 0.5249235870666902
710 0.9730554594527283
711 0.9730554594527283
712 0.8780057490842151
713 0.8780057490842151
714 0.24539320433824335
715 0.24539320433824335
716 0.8893327316769033
717 0.8893327316769033
718 0.5597219045377075
719 0.5597219045377075
720 0.4799392138092488
721 0.4799392138092488
722 0.8704849253631667
723 0.8704849253631667
724 1.1856451989235401
725 1.1856451989235401
726 0.8308461987923865
727 0.8308461987923865
728 0.8286474770672121
729 0.8286474770672121
730 0.44769541077893626
731 0.44769541077893626
732 0.5904715305099903
733 0.5904715305099903
734 0.5125972796780899
735 0.5125972796780899
736 0.5567062413731049
737 0.5567062413731049
738 0.7221492157078723
739 0.7221492157078723
740 1.1021661337496473
741 1.1021661337496473
742 0.8053762264167295
743 0.8053762264167295
744 0.47848213117827226
745 0.47848213117827226
746 1.1737447535528132
747 1.1737447535528132
748 0.5073317428350557
749 0.5073317428350557
750 0.7846374019591464
751 0.7846374019591464
752 0.1605124910146214
753 0.1605124910146214
754 0.6370712147683242
755 0.6370712147683242
756 0.5310016090200178
757 0.5310016090200178
758 0.1716494175110974
759 0.1716494175110974
760 0.23155425909375343
761 0.23155425909375343
762 0.46913889436367484
763 0.46913889436367484
764 1.1079606041910623
765 1.1079606041910623
766 0.7151011777024331
767 0.7151011777024331
768 0.40310408469165127
769 0.40310408469165127
770 0.9875011163077412
771 0.9875011163077412
772 0.544154895302814
773 0.544154895302814
774 0.38797587453015103
775 0.38797587453015103
776 0.8282302187942827
777 0.8282302187942827
778 0.9665175168313205
779 0.9665175168313205
780 0.6644310316779133
781 0.6644310316779133
782 0.8629970113386126
783 0.8629970113386126
784 0.8159530307384907
785 0.8159530307384907
786 0.9400384350033262
787 0.9400384350033262
788 0.45910967887309073
789 0.45910967887309073
790 0.670266482897829
791 0.670266482897829
792 0.5832758660101299
793 0.5832758660101299
794 0.47697260874583436
795 0.47697260874583436
796 1.016969150177022
797 1.016969150177022
798 0.8093748749815302
799 0.8093748749815302
800 1.0297936645233987
801 1.0297936645233987
802 0.19235895029374267
803 0.19235895029374267
804 0.7357644428652653
805 0.7357644428652653
806 0.1
807 0.1
808 0.3746314777983858
809 0.3746314777983858
810 0.365698031513159
811 0.365698031513159
812 0.5431157194871933
813 0.5431157194871933
814 0.848558865250378
815 0.848558865250378
816 0.4716757075893325
817 0.4716757075893325
818 1.005699554276088
819 1.005699554276088
820 0.4723353925914484
821 0.4723353925914484
822 0.741590410132028
823 0.741590410132028
824 0.6378877320368326
825 0.6378877320368326
826 0.5296077178584027
827 0.5296077178584027
828 0.5556643645451009
829 0.5556643645451009
830 0.16999761099068905
831 0.16999761099068905
832 0.8093919808156986
833 0.8093919808156986
834 0.6317010012230154
835 0.6317010012230154
836 1.0959711177938682
837 1.0959711177938682
838 1.1464499251125186
839 1.1464499251125186
840 0.6916780202934724
841 0.6916780202934724
842 0.668096556842034
843 0.668096556842034
844 0.8512062537508296
845 0.8512062537508296
846 0.758083704349267
847 0.758083704349267
848 0.4039641828842178
849 0.4039641828842178
850 0.6842719352149759
851 0.6842719352149759
852 1.0730051562920555
853 1.0730051562920555
854 0.7817244702586053
855 0.7817244702586053
856 1.099565202801801
857 1.099565202801801
858 0.5801868517266007
859 0.5801868517266007
860 0.6746873526559085
861 0.6746873526559085
862 0.5770942326491453
863 0.5770942326491453
864 0.787269686984541
865 0.787269686984541
866 0.5722581658687513
867 0.5722581658687513
868 0.9728723719717931
869 0.9728723719717931
870 0.96363192217835
871 0.96363192217835
872 0.4451429124435037
873 0.4451429124435037
874 0.207916186596171
875 0.207916186596171
876 0.6615511643554761
877 0.6615511643554761
878 1.3200910564696544
879 1.3200910564696544
880 1.193202113751298
881 1.193202113751298
882 1.4895500475897951
883 1.4895500475897951
884 0.9558575115413243
885 0.9558575115413243
886 1.2168911278003012
887 1.2168911278003012
888 1.0703565318340824
889 1.0703565318340824
890 0.8764291683156392
891 0.8764291683156392
892 0.7940334390407255
893 0.7940334390407255
894 0.17510889955400355
895 0.17510889955400355
896 0.8793294828014345
897 0.8793294828014345
898 0.5612519004468063
899 0.5612519004468063
900 1.4267504734219656
901 1.4267504734219656
902 0.8554362722027917
903 0.8554362722027917
904 1.426119677996099
905 1.426119677996099
906 1.023299994320655
907 1.023299994320655
908 1.3643708875604263
909 3.3320477810757057
910 3.3320477810757057
911 1.0613586803986585
912 1.0613586803986585
913 4.31787455614977
914 4.31787455614977
915 0.8604563725810035
916 0.8604563725810035
917 2.3095463156780145
918 2.3095463156780145
919 2.9671450623009723
920 2.9671450623009723
921 3.647554339419923
922 3.647554339419923
923 5.008249273810046
924 5.008249273810046
925 4.804112570037505
926 4.804112570037505
927 3.7617152240015668
928 3.7617152240015668
929 2.6303784317477286
930 2.6303784317477286
931 2.8528123616043546
932 2.8528123616043546
933 4.035103525954901
934 4.035103525954901
935 3.983793676034741
936 3.983793676034741
937 2.9992527504397923
938 2.9992527504397923
939 4.32201986599178
940 4.32201986599178
941 5.707980060403854
942 5.707980060403854
943 1.4364759374750238
944 1.4364759374750238
945 3.7609913310546204
946 3.7609913310546204
947 3.2058262846106698
948 3.2058262846106698
949 2.4536687130468207
950 2.4536687130468207
951 2.5758800322564106
952 2.5758800322564106
953 3.26670392732579
954 3.26670392732579
955 4.797126518984533
956 4.797126518984533
957 3.9978922213982586
958 3.9978922213982586
959 5.025721707156638
960 5.025721707156638
961 3.074059505684728
962 3.074059505684728
963 4.768004500883647
964 4.768004500883647
965 4.554937137663192
966 4.554937137663192
967 4.3386760377079945
968 4.3386760377079945
969 2.5292784707376272
970 2.5292784707376272
971 2.3294696992604633
972 2.3294696992604633
973 1.9898855069639059
974 1.9898855069639059
975 4.073917148437793
976 4.073917148437793
977 4.989702047283927
978 4.989702047283927
979 5.123214213308363
980 5.123214213308363
981 6.2789909022803405
982 6.2789909022803405
983 2.7312072731398627
984 2.7312072731398627
985 2.6602256963275654
986 2.6602256963275654
987 1.586307803605802
988 1.586307803605802
989 3.7146059997084384
990 3.7146059997084384
991 5.823548654879589
992 5.823548654879589
993 4.30969206475223
994 4.30969206475223
995 3.194205135315017
996 3.194205135315017
997 7.3658550748741805
998 7.3658550748741805
999 1.53591086381335
1000 1.53591086381335
1001 5.74432906717744
1002 5.74432906717744
1003 2.4307195945403874
1004 2.4307195945403874
1005 3.859276488311907
1006 3.859276488311907
1007 2.728080649718132
1008 2.728080649718132
1009 1.230335443102227
1010 1.230335443102227
1011 6.170665469128981
1012 6.170665469128981
1013 3.8594554867294577
1014 3.8594554867294577
1015 2.3694469246992966
1016 2.3694469246992966
1017 3.116895934165639
1018 3.116895934165639
1019 4.219861529759345
1020 4.219861529759345
1021 3.8522585593117027
1022 3.8522585593117027
1023 4.03187298892781
1024 4.03187298892781
1025 6.531920015984843
1026 6.531920015984843
1027 3.9915624788681656
1028 3.9915624788681656
1029 0.1
1030 0.1
1031 3.2040325622915558
1032 3.2040325622915558
1033 5.198044308851037
1034 5.198044308851037
1035 3.8585885729548
1036 3.8585885729548
1037 4.217674512227429
1038 4.217674512227429
1039 0.8444349700073928
1040 0.8444349700073928
1041 3.9445668327276415
1042 3.9445668327276415
1043 0.41702871970054467
1044 0.41702871970054467
1045 4.485487123299655
1046 4.485487123299655
1047 4.111169448517741
1048 4.111169448517741
1049 0.1
1050 0.1
1051 5.76719473783392
1052 5.76719473783392
1053 3.715426044625293
1054 3.715426044625293
1055 1.6263482421200206
1056 1.6263482421200206
1057 4.726106751904926
1058 4.726106751904926
1059 4.826211419061357
1060 4.826211419061357
1061 4.914418724756564
1062 4.914418724756564
1063 3.528927020244084
1064 3.528927020244084
1065 6.119503317583694
1066 6.119503317583694
1067 3.3506906205796416
1068 3.3506906205796416
1069 2.3837513368855436
1070 2.1476861456925667
1071 2.1476861456925667
1072 1.62337693873801
1073 1.62337693873801
1074 1.8213861722975968
1075 1.8213861722975968
1076 3.3119554819547083
1077 3.3119554819547083
1078 1.7386540490332953
1079 1.7386540490332953
1080 1.2999002194464762
1081 1.2999002194464762
1082 2.186033662922565
1083 2.186033662922565
1084 2.197736600363968
1085 2.197736600363968
1086 2.183475663961302
1087 2.183475663961302
1088 1.8614338481158195
1089 1.8614338481158195
1090 2.6585483674715475
1091 2.6585483674715475
1092 1.1828020314419527
1093 1.1828020314419527
1094 1.4789825558366556
1095 1.4789825558366556
1096 1.1468137528007407
1097 1.1468137528007407
1098 0.9433764432884288
1099 0.9433764432884288
1100 1.8807623991844664
1101 1.8807623991844664
1102 2.2536942080912477
1103 2.2536942080912477
1104 2.022276470364477
1105 2.022276470364477
1106 0.4686722723809733
1107 0.7640322843360479
1108 0.7640322843360479
1109 0.4941331058765198
1110 0.4941331058765198
1111 0.8193598377595706
1112 0.8193598377595706
1113 1.0091766919550236
1114 1.0091766919550236
1115 0.9540482871441077
1116 0.9540482871441077
1117 0.5904594303913399
1118 0.5904594303913399
1119 0.27601599076363675
1120 0.27601599076363675
1121 0.9098234003940842
1122 3.1939091811592606
1123 3.1939091811592606
1124 1.4417493240033665
1125 1.4417493240033665
1126 2.0139797246000914
1127 2.0139797246000914
1128 2.38947389802741
1129 2.38947389802741
1130 3.979186043200092
1131 3.979186043200092
1132 4.27825812461357
1133 4.27825812461357
1134 2.8157236744021215
1135 2.8157236744021215
1136 5.170318323257504
1137 5.170318323257504
1138 3.9409301407144026
1139 2.0770455291798546
1140 2.0770455291798546
1141 1.791501597851203
1142 1.791501597851203
1143 1.41063043311433
1144 1.41063043311433
1145 1.5643677676932886
1146 1.5643677676932886
1147 1.9821233613073155
1148 1.9821233613073155
1149 2.0530920091285796
1150 2.0530920091285796
1151 2.080012827838073
1152 2.080012827838073
1153 1.4831973224805237
1154 1.4831973224805237
1155 1.599289596289589
1156 1.599289596289589
1157 1.889253229261953
1158 1.889253229261953
1159 0.36009001202938307
1160 0.36009001202938307
1161 1.675136577675562
1162 1.675136577675562
1163 2.1969774336784624
1164 2.1969774336784624
1165 2.014209786485233
1166 2.014209786485233
1167 1.391921362721298
1168 1.391921362721298
1169 1.9012092407704004
1170 1.9012092407704004
1171 3.756320965974475
1172 3.756320965974475
1173 1.031848494477097
1174 1.031848494477097
1175 1.949523800202992
1176 1.949523800202992
1177 0.1624728700830902
1178 0.1624728700830902
1179 2.4908406718665703
1180 2.4908406718665703
1181 2.422433608989497
1182 2.422433608989497
1183 3.9538965156889825
1184 3.9538965156889825
1185 3.5251619858192855
1186 3.5251619858192855
1187 1.4662143052002552
1188 1.4662143052002552
1189 0.9121648570199767
1190 0.9121648570199767
1191 2.075046902891904
1192 2.075046902891904
1193 6.231919281165877
1194 6.231919281165877
1195 0.1
1196 0.1
1197 2.3256023409382305
1198 2.3256023409382305
1199 1.1693721452409194
1200 1.1693721452409194
1201 1.765170534663452
1202 1.765170534663452
1203 1.0892686745999476
1204 1.0892686745999476
1205 4.458839592757724
1206 4.458839592757724
1207 1.811723184223225
1208 1.811723184223225
1209 5.352915562220821
1210 5.352915562220821
1211 1.4957275956132046
1212 1.4957275956132046
1213 0.7976326966750817
1214 0.7976326966750817
1215 2.6102564254918006
1216 2.6102564254918006
1217 3.362336336921304
1218 3.362336336921304
1219 1.1709175052950356
1220 1.1709175052950356
1221 3.8497197071760296
1222 3.8497197071760296
1223 3.8924708569224853
1224 3.8924708569224853
1225 3.1286346375409018
1226 3.1286346375409018
1227 0.9580183431236409
1228 0.9580183431236409
1229 1.2357688598303838
1230 1.2357688598303838
1231 3.1806780048550936
1232 3.1806780048550936
1233 4.811470447884114
1234 4.811470447884114
1235 1.6814368813053364
1236 1.6814368813053364
1237 3.6558354183310335
1238 3.6558354183310335
1239 3.440218636140944
1240 3.440218636140944
1241 1.0872580546889943
1242 1.0872580546889943
1243 2.240431256737034
1244 2.240431256737034
1245 2.4826332814832757
1246 2.4826332814832757
1247 1.657423143205524
1248 1.657423143205524
1249 1.6152968858885846
1250 1.6152968858885846
1251 2.039717268399782
1252 2.039717268399782
1253 1.3406013077145658
1254 1.3406013077145658
1255 3.0916901501453253
1256 3.0916901501453253
1257 2.7187362108719966
1258 2.7187362108719966
1259 1.4628432949866474
1260 1.4628432949866474
1261 2.2433001450013093
1262 2.2433001450013093
1263 4.414095062722454
1264 2.7624465958088225
1265 2.7624465958088225
1266 2.9137413569760295
1267 2.9137413569760295
1268 2.230323725791233
1269 2.230323725791233
1270 2.0853416542775762
1271 2.0853416542775762
1272 1.3549657270576354
1273 1.3549657270576354
1274 2.781995170207358
1275 2.781995170207358
1276 2.18396145730708
1277 2.18396145730708
1278 2.6068350718251234
1279 2.6068350718251234
1280 1.6883423689256738
1281 1.6883423689256738
1282 0.9989148604722864
1283 0.9989148604722864
1284 3.5765328931118567
1285 3.5765328931118567
1286 1.893721730700271
1287 1.893721730700271
1288 2.145605930956794
1289 2.145605930956794
1290 1.5104532850976375
1291 1.5104532850976375
1292 1.2681508121531997
1293 1.2681508121531997
1294 2.8789304709313384
1295 2.8789304709313384
1296 1.1297095338728007
1297 1.1297095338728007
1298 2.1592804691369056
1299 2.1592804691369056
1300 1.920829228563246
1301 1.920829228563246
1302 1.5683981865080998
1303 1.5683981865080998
1304 1.058329202960082
1305 1.058329202960082
1306 0.18445533886835208
1307 0.18445533886835208
1308 2.639126617640219
1309 3.5383198045523465
1310 3.5383198045523465
1311 2.499913669487769
1312 2.499913669487769
1313 3.42421033438248
1314 3.42421033438248
1315 2.3145954429879456
1316 0.44298684098323426
1317 0.44298684098323426
1318 0.9564616258568808
1319 0.9564616258568808
1320 0.6717691192967127
1321 0.6717691192967127
1322 0.6091509017127177
1323 0.6091509017127177
1324 0.879671743009361
1325 0.879671743009361
1326 0.85350299371206
1327 0.85350299371206
1328 0.1
1329 0.1
1330 0.8416812575926146
1331 0.8416812575926146
1332 0.8854280347985728
1333 0.8854280347985728
1334 1.1985685865196185
1335 1.1985685865196185
1336 0.8636239819604146
1337 0.8636239819604146
1338 0.7257665010893151
1339 0.7257665010893151
1340 0.7814922211358564
1341 0.7814922211358564
1342 0.2145169080263336
1343 0.2145169080263336
1344 0.7269914360166452
1345 0.7269914360166452
1346 0.3915839848526492
1347 0.3915839848526492
1348 0.6423352241508844
1349 0.6423352241508844
1350 1.1673500670389907
1351 1.1673500670389907
1352 0.6010575114061301
1353 0.6010575114061301
1354 0.6229029802263224
1355 0.6229029802263224
1356 0.3936142287993445
1357 0.3936142287993445
1358 0.5505995344158481
1359 0.5505995344158481
1360 0.3888540443334654
1361 3.367590500550111
1362 3.367590500550111
1363 2.592408212033659
1364 2.592408212033659
1365 4.47899788988188
1366 4.47899788988188
1367 2.8572988433924467
1368 2.8572988433924467
1369 1.241084204425714
1370 1.241084204425714
1371 0.2795576966247526
1372 0.2795576966247526
1373 4.143132588580047
1374 4.143132588580047
1375 0.44671511657328145
1376 0.7857308858327883
1377 0.7857308858327883
1378 0.21281343160448485
1379 0.21281343160448485
1380 1.1701889842697992
1381 1.1701889842697992
1382 0.13351991931343588
1383 0.13351991931343588
1384 0.3892499730497724
1385 0.3892499730497724
1386 0.5052544693018513
1387 0.5052544693018513
1388 0.34988376169631663
1389 0.34988376169631663
1390 0.7080132716642843
1391 0.7080132716642843
1392 0.21748244369818204
1393 0.21748244369818204
1394 0.5488522252211957
1395 0.5488522252211957
1396 0.8192232709033814
1397 0.8192232709033814
1398 0.7921459954918035
1399 0.7921459954918035
1400 0.6934402724122203
1401 0.6934402724122203
1402 0.5738148618912611
1403 0.5738148618912611
1404 0.6771351688524804
1405 0.6771351688524804
1406 0.12685219248494062
1407 0.12685219248494062
1408 1.0936943337192653
1409 1.0936943337192653
1410 0.5960790152444357
1411 4.360960510395388
1412 4.360960510395388
1413 2.9179034849464314
1414 2.9179034849464314
1415 6.841762922552736
1416 6.841762922552736
1417 1.9588453002139385
1418 1.9588453002139385
1419 3.430498359010861
1420 3.430498359010861
1421 3.0449219812473465
1422 3.0449219812473465
1423 5.891119820401449
1424 5.891119820401449
1425 2.081507764284206
1426 2.081507764284206
1427 5.5604293291029725
1428 5.5604293291029725
1429 3.091615240707929
1430 3.091615240707929
1431 2.8696827295510765
1432 2.8696827295510765
1433 3.1726710916067176
1434 3.1726710916067176
1435 2.8123757984440445
1436 2.8123757984440445
1437 4.7887629895133035
1438 4.7887629895133035
1439 2.9929165539583464
1440 2.9929165539583464
1441 5.602178551414401
1442 5.602178551414401
1443 7.700583817696401
1444 7.700583817696401
1445 1.652621157414822
1446 1.652621157414822
1447 5.717022319100197
1448 5.717022319100197
1449 5.2113916721795785
1450 5.2113916721795785
1451 2.7416622865538653
1452 2.7416622865538653
1453 2.604446932367194
1454 2.604446932367194
1455 4.119291961165863
1456 4.119291961165863
1457 4.703908108358747
1458 4.703908108358747
1459 4.373968523094868
1460 4.373968523094868
1461 4.604392559044634
1462 4.604392559044634
1463 4.27899470371386
1464 1.2804954384477154
1465 1.2804954384477154
1466 0.7542765614529892
1467 0.7542765614529892
1468 0.2777014703442824
1469 0.2777014703442824
1470 0.7444812205924101
1471 0.7444812205924101
1472 0.9577091077164833
1473 0.9577091077164833
1474 0.6562405920300869
1475 0.6562405920300869
1476 0.9448246259457271
1477 0.9448246259457271
1478 0.33089887119844685
1479 0.33089887119844685
1480 0.7025569521526782
1481 0.7025569521526782
1482 0.626948926908011
1483 0.626948926908011
1484 1.8793689582932096
1485 1.8793689582932096
1486 1.1807141416624292
1487 1.1807141416624292
1488 0.8045359287551144
1489 0.8045359287551144
1490 2.7892083668974523
1491 2.7892083668974523
1492 2.0846809131609167
1493 2.0846809131609167
1494 3.6279327887322177
1495 3.6279327887322177
1496 4.426928796392782
1497 4.426928796392782
1498 1.5948823721389056
1499 1.5948823721389056
1500 3.20222223950274
1501 3.20222223950274
1502 4.749390313348266
1503 4.749390313348266
1504 2.5538722269668215
1505 2.5538722269668215
1506 2.493654157582107
1507 2.493654157582107
1508 1.040390684022419
1509 1.040390684022419
1510 2.4052288300261573
1511 2.4052288300261573
1512 1.5284307911412918
1513 1.5284307911412918
1514 2.8246935784879152
1515 2.8246935784879152
1516 4.965700500367099
1517 4.965700500367099
1518 1.2877685871771634
1519 1.2877685871771634
1520 1.5891317042160618
1521 1.5891317042160618
1522 3.3660124241822924
1523 3.3660124241822924
1524 2.4972838008903913
1525 2.4972838008903913
1526 3.5951170074627896
1527 3.5951170074627896
1528 1.864209490362367
1529 1.864209490362367
1530 0.14187163463526486
1531 0.14187163463526486
1532 3.666281446243994
1533 3.666281446243994
1534 5.539018118541428
1535 5.539018118541428
1536 5.06769498598981
1537 5.06769498598981
1538 6.248750853942806
1539 6.248750853942806
1540 2.558255480128636
1541 2.558255480128636
1542 1.3707534340657717
1543 1.3707534340657717
1544 0.9612766634814516
1545 0.9612766634814516
1546 0.6485383091052115
1547 0.6485383091052115
1548 2.214020201189408
1549 2.214020201189408
1550 0.9666110715702495
1551 0.9666110715702495
1552 0.5607725525874944
1553 0.5607725525874944
1554 0.8790213362224109
1555 0.8790213362224109
1556 0.4536659491742213
1557 0.4536659491742213
1558 0.434500008517283
1559 0.434500008517283
1560 0.9603177076038143
1561 0.9603177076038143
1562 0.18948096351950205
1563 0.18948096351950205
1564 1.1759972519287258
1565 1.1759972519287258
1566 1.753126290380499
1567 1.753126290380499
1568 0.2096282896364411
1569 0.2096282896364411
1570 1.9893652974386078
1571 1.9893652974386078
1572 0.9844001897041992
1573 0.9844001897041992
1574 1.2164061237677757
1575 1.2164061237677757
1576 1.7857608385227177
1577 1.7857608385227177
1578 1.3612714810853621
1579 1.3612714810853621
1580 0.5840708552406411
1581 0.5840708552406411
1582 0.9766614904764911
1583 0.9766614904764911
1584 1.3446310444094227
1585 1.3446310444094227
1586 0.5704404046662872
1587 0.5704404046662872
1588 0.36793785656208267
1589 0.36793785656208267
1590 2.1577532488759954
1591 2.1577532488759954
1592 4.267569410070363
1593 4.267569410070363
1594 4.510819727199577
1595 4.510819727199577
1596 2.143880406208409
1597 2.143880406208409
1598 0.9931879596297875
1599 0.9931879596297875
1600 1.6159465175004906
1601 1.6159465175004906
1602 3.2396633217944695
1603 3.2396633217944695
1604 2.444555799944849
1605 2.444555799944849
1606 2.924018280033897
1607 2.924018280033897
1608 1.8295232727256923
1609 1.8295232727256923
1610 2.318198284076001
1611 2.318198284076001
1612 1.5585814259817439
1613 1.5585814259817439
1614 1.3631130062499621
1615 1.3631130062499621
1616 2.5721410383300443
1617 2.5721410383300443
1618 1.8308217268321698
1619 1.8308217268321698
1620 2.96488562206433
1621 2.96488562206433
1622 3.4183445267388946
1623 3.4183445267388946
1624 2.001455270526291
1625 2.001455270526291
1626 2.9954244180566767
1627 2.9954244180566767
1628 3.8692784665284536
1629 3.8692784665284536
1630 0.6581207694840134
1631 0.6581207694840134
1632 1.169429788358741
1633 1.169429788358741
1634 1.0300936627098807
1635 1.0300936627098807
1636 0.1
1637 0.1
1638 1.0963348071640466
1639 1.0963348071640466
1640 0.1
1641 0.1
1642 0.6769965903796128
1643 0.6769965903796128
1644 1.0808781803716467
1645 1.0808781803716467
1646 0.19524017235655533
1647 0.19524017235655533
1648 1.1682378776109459
1649 1.1682378776109459
1650 1.481134245433087
1651 1.481134245433087
1652 0.6616026620785648
1653 0.6616026620785648
1654 1.1814788227436666
1655 1.1814788227436666
1656 0.8677465669790364
1657 0.8677465669790364
1658 1.213183515632565
1659 1.213183515632565
1660 0.8147255930922574
1661 0.8147255930922574
1662 0.6541944769012423
1663 0.6541944769012423
1664 0.3125378460429127
1665 0.3125378460429127
1666 0.7171194392972211
1667 0.7171194392972211
1668 1.9560530684938853
1669 1.9560530684938853
1670 1.6637561504328273
1671 1.6637561504328273
1672 0.2684935574222148
1673 0.2684935574222148
1674 1.169421312935938
1675 1.169421312935938
1676 1.4673177155870407
1677 1.4673177155870407
1678 1.1857128198532452
1679 1.1857128198532452
1680 1.6154122615356223
1681 1.6154122615356223
1682 1.2952117119116011
1683 0.6551030719915962
1684 0.6551030719915962
1685 2.6920777949643586
1686 2.6920777949643586
1687 2.6291458676564123
1688 2.6291458676564123
1689 3.3346644983036935
1690 3.3346644983036935
1691 2.3595778535450345
1692 2.3595778535450345
1693 2.8363235896909402
1694 2.8363235896909402
1695 1.2914786679902073
1696 1.2914786679902073
1697 1.7186302397095758
1698 1.7186302397095758
1699 1.7317829391296513
1700 1.7317829391296513
1701 1.3842792950869858
1702 1.3842792950869858
1703 2.3516962084460413
1704 2.3516962084460413
1705 2.522031769649945
1706 2.522031769649945
1707 2.473972239645964
1708 2.473972239645964
1709 2.6769733855078095
1710 2.6769733855078095
1711 0.5879662986861138
1712 0.5879662986861138
1713 2.4406723955060645
1714 2.4406723955060645
1715 2.056412632952683
1716 2.056412632952683
1717 0.608342419065377
1718 0.608342419065377
1719 2.2798108330514957
1720 2.2798108330514957
1721 2.900790779861522
1722 2.900790779861522
1723 1.8520799896022744
1724 1.8520799896022744
1725 2.8450777093785886
1726 2.8450777093785886
1727 0.8324346643653955
1728 0.8324346643653955
1729 1.2858680804450364
1730 1.2858680804450364
1731 1.4908767568389036
1732 1.4908767568389036
1733 2.9933873245997997
1734 2.9933873245997997
1735 2.722484972757807
1736 2.722484972757807
1737 0.51648071685396
1738 0.51648071685396
1739 3.8073065721417407
1740 3.8073065721417407
1741 1.9984309599023353
1742 1.9984309599023353
1743 2.109152679254791
1744 2.109152679254791
1745 2.0701748371791218
1746 2.0701748371791218
1747 1.5745683726735498
1748 1.5745683726735498
1749 2.6752205837858374
1750 2.6752205837858374
1751 2.3319745557160556
1752 2.3319745557160556
1753 2.2291293785143913
1754 2.2291293785143913
1755 2.237201393215095
1756 2.237201393215095
1757 2.399451056225357
1758 2.399451056225357
1759 2.0269366318279154
1760 2.0269366318279154
1761 2.479650138379414
1762 2.479650138379414
1763 2.449407700140211
1764 2.449407700140211
1765 0.6975278715516902
1766 0.6975278715516902
1767 0.7036558963698578
1768 0.7036558963698578
1769 1.6669958835055714
1770 1.6669958835055714
1771 1.260601562865832
1772 1.260601562865832
1773 2.0295436205821424
1774 2.0295436205821424
1775 4.015004584018514
1776 4.015004584018514
1777 0.2732392514481705
1778 0.2732392514481705
1779 1.7369576263348148
1780 1.7369576263348148
1781 1.357422611786526
1782 1.357422611786526
1783 1.0467518758899335
1784 1.0467518758899335
1785 2.752299401457363
1786 2.752299401457363
1787 3.4361502804266753
1788 3.4361502804266753
1789 1.9500088435464518
1790 1.9500088435464518
1791 1.7557026873037156
1792 1.7557026873037156
1793 1.6312728822016003
1794 1.6312728822016003
1795 2.144433908015842
1796 2.144433908015842
1797 2.565716384193361
1798 2.565716384193361
1799 2.4484984182473815
1800 2.4484984182473815
1801 3.2166118328706754
1802 3.2166118328706754
1803 1.904449261131258
1804 1.904449261131258
1805 3.2252813592664844
1806 3.2252813592664844
1807 1.0833002713184507
1808 1.0833002713184507
1809 1.2897520081880454
1810 1.2897520081880454
1811 1.9360943941153672
1812 1.9360943941153672
1813 2.9149517460297867
1814 2.9149517460297867
1815 0.799465431636154
1816 0.799465431636154
1817 1.7130219715020956
1818 1.7130219715020956
1819 1.5403013147540252
1820 1.5403013147540252
1821 0.5471128820318434
1822 0.5471128820318434
1823 1.4669904179081827
1824 1.4669904179081827
1825 2.3153757119754297
1826 2.3153757119754297
1827 2.2227570793653495
1828 2.2227570793653495
1829 2.24876248862154
1830 2.24876248862154
1831 1.5384611433369733
1832 1.5384611433369733
1833 1.8579505482249412
1834 1.8579505482249412
1835 2.2481757874885413
1836 2.2481757874885413
1837 2.365112128837105
1838 2.365112128837105
1839 2.0854396225972898
1840 2.0854396225972898
1841 2.292451658903944
1842 2.292451658903944
1843 2.3788092274996178
1844 2.3788092274996178
1845 1.793110216458157
1846 1.793110216458157
1847 1.9963859169126636
1848 1.9963859169126636
1849 2.7020951777226445
1850 2.7020951777226445
1851 1.273365378209916
1852 1.273365378209916
1853 1.8416977342395426
1854 1.8416977342395426
1855 3.2631809551688344
1856 3.2631809551688344
1857 3.0568193809338817
1858 3.0568193809338817
1859 1.5878455666751146
1860 1.5878455666751146
1861 1.3957486635921987
1862 1.3957486635921987
1863 2.325779034968125
1864 2.325779034968125
1865 0.7720133653476211
1866 0.7720133653476211
1867 0.4954080790429105
1868 0.4954080790429105
1869 0.7689542409318402
1870 0.7689542409318402
1871 2.434036332408664
1872 2.434036332408664
1873 2.2619169202327285
1874 2.2619169202327285
1875 1.858779128148397
1876 1.858779128148397
1877 1.3250084156612039
1878 0.12441195973021812
1879 0.12441195973021812
1880 1.0639069223573343
1881 1.0639069223573343
1882 0.7561243234878849
1883 0.7561243234878849
1884 0.5820116635425832
1885 0.5820116635425832
1886 0.78966557854111
1887 0.78966557854111
1888 1.3159896322255615
1889 1.3159896322255615
1890 0.39439277657453
1891 0.39439277657453
1892 1.1069781376943917
1893 1.1069781376943917
1894 0.5415995919925325
1895 0.5415995919925325
1896 0.5300647687849367
1897 0.5300647687849367
1898 0.5567054378509843
1899 0.5567054378509843
1900 0.8491059650688854
1901 0.8491059650688854
1902 0.3585757875281125
1903 0.3585757875281125
1904 0.743112796593858
1905 0.743112796593858
1906 1.006866277171575
1907 1.006866277171575
1908 0.5441861368497765
1909 0.5441861368497765
1910 0.6294441636991154
1911 0.6294441636991154
1912 0.7388594115310982
1913 0.7388594115310982
1914 2.7146488224100045
1915 2.7146488224100045
1916 3.021821027984719
1917 3.021821027984719
1918 3.5403176196606454
1919 3.5403176196606454
1920 2.8233340797962065
1921 2.8233340797962065
1922 3.401484861481042
1923 3.401484861481042
1924 3.3336517904947733
1925 3.3336517904947733
1926 3.7727163322586397
1927 3.7727163322586397
1928 2.3896693604409784
1929 2.3896693604409784
1930 3.9999872012847133
1931 3.9999872012847133
1932 1.6087307609868897
1933 1.6087307609868897
1934 2.075273204967041
1935 2.075273204967041
1936 2.068980324349303
1937 2.068980324349303
1938 1.2534027522724729
1939 1.2534027522724729
1940 1.3813247448373795
1941 1.3813247448373795
1942 1.3821403710176303
1943 1.3821403710176303
1944 1.0238021401027753
1945 1.0238021401027753
1946 1.0811157305966683
1947 1.0811157305966683
1948 0.8390857505841444
1949 0.8390857505841444
1950 1.0560671080442152
1951 1.0560671080442152
1952 0.8866756123952467
1953 0.8866756123952467
1954 0.519019359239725
1955 0.519019359239725
1956 1.2733066684733023
1957 1.2733066684733023
1958 1.3980354691076111
1959 1.3980354691076111
1960 0.9717085311823223
1961 0.9717085311823223
1962 0.7263334940155615
1963 0.7263334940155615
1964 1.464809377521268
1965 1.464809377521268
1966 0.49059202627001586
1967 0.49059202627001586
1968 1.1083333164219755
1969 1.1083333164219755
1970 1.3182701742578065
1971 1.3182701742578065
1972 1.7282614306847996
1973 1.7282614306847996
1974 1.4708428040730754
1975 1.4708428040730754
1976 1.6027258125819
1977 1.6027258125819
1978 0.9667003286234552
1979 0.9667003286234552
1980 1.0898398743203586
1981 1.0898398743203586
1982 1.7510391269091838
1983 1.7510391269091838
1984 0.7677524417136596
1985 0.7677524417136596
1986 1.9164185611838245
1987 1.9164185611838245
1988 0.9765487555799383
1989 0.9765487555799383
1990 1.7685126288853357
1991 1.7685126288853357
1992 0.9266809330829147
1993 0.9266809330829147
1994 0.6520431092863916
1995 0.6520431092863916
1996 1.2816811670942463
1997 1.2816811670942463
1998 1.1582709653132532
1999 1.1582709653132532
