0 5.152721051232599
1 5.152721051232599
2 4.053094427892754
3 4.053094427892754
4 5.558125440364922
5 5.558125440364922
6 2.7243114251494007
7 2.7243114251494007
8 5.647653137615648
9 5.647653137615648
10 4.860769300556284
11 4.860769300556284
12 4.917540356236368
13 4.917540356236368
14 2.4286966957097906
15 2.4286966957097906
16 4.321746745334574
17 4.321746745334574
18 5.233122865151815
19 5.233122865151815
20 4.820766035368935
21 4.820766035368935
22 5.321536900114465
23 5.321536900114465
24 5.638047571736983
25 5.638047571736983
26 5.945492638515584
27 5.945492638515584
28 5.478174215739056
29 5.478174215739056
30 4.305324706159502
31 4.305324706159502
32 3.9651613492148536
33 3.9651613492148536
34 4.506728529183725
35 4.506728529183725
36 5.486245484353206
37 5.486245484353206
38 3.0389697886898692
39 1.7059431109003613
40 1.7059431109003613
41 2.009070267856003
42 2.009070267856003
43 1.5933894387865748
44 1.5933894387865748
45 1.819709421985143
46 1.819709421985143
47 0.9029397341789164
48 0.9029397341789164
49 1.8978701233930408
50 1.8978701233930408
51 0.28414958951764346
52 0.28414958951764346
53 0.1542181986362001
54 0.1542181986362001
55 0.21300555218338524
56 0.21300555218338524
57 0.24864508037761893
58 0.24864508037761893
59 0.14550705628129568
60 0.14550705628129568
61 0.30347546841261264
62 0.30347546841261264
63 0.20442791262374652
64 0.20442791262374652
65 0.1911917898957045
66 0.1911917898957045
67 0.16821411704418715
68 0.16821411704418715
69 0.17625739399349877
70 0.17625739399349877
71 0.21416365326929215
72 0.21416365326929215
73 0.1755827114308844
74 0.8816477865046721
75 0.8816477865046721
76 0.7402648195490545
77 0.7402648195490545
78 0.666983670345208
79 0.666983670345208
80 0.8424819553574583
81 0.8424819553574583
82 0.9112630688781398
83 0.9112630688781398
84 1.009242783078883
85 1.009242783078883
86 1.4423091240854544
87 1.4423091240854544
88 1.5258902580156644
89 2.2345050905738693
90 2.2345050905738693
91 3.625452497374982
92 3.625452497374982
93 2.1043650686616155
94 2.1043650686616155
95 3.372273310258018
96 3.372273310258018
97 2.9624099332227334
98 2.9624099332227334
99 3.6392160858460056
100 3.6392160858460056
101 3.0429317469196406
102 3.0429317469196406
103 4.162329673763009
104 4.162329673763009
105 2.982520720337602
106 2.982520720337602
107 3.2641037346625046
108 3.2641037346625046
109 2.7895283383426923
110 2.7895283383426923
111 2.692351221204867
112 2.692351221204867
113 2.4278772635681927
114 2.4278772635681927
115 3.1644848586389083
116 3.1644848586389083
117 3.0136715815406125
118 3.0136715815406125
119 3.409063201484159
120 3.409063201484159
121 2.77426076814557
122 2.77426076814557
123 3.376430156561772
124 3.376430156561772
125 2.641369915474275
126 2.641369915474275
127 3.09878272461604
128 3.09878272461604
129 2.635060658886651
130 2.635060658886651
131 1.8807592676601572
132 1.8807592676601572
133 3.34282155544778
134 3.34282155544778
135 3.5788503803940923
136 3.5788503803940923
137 1.9197096418459767
138 1.9197096418459767
139 2.6549214938571613
140 2.6549214938571613
141 2.968222556361805
142 2.968222556361805
143 2.445340128126356
144 2.445340128126356
145 3.0370147170749755
146 3.0370147170749755
147 2.933483402550849
148 2.933483402550849
149 4.296877689408584
150 4.296877689408584
151 4.36692769880424
152 4.36692769880424
153 1.7194573685832946
154 1.7194573685832946
155 2.7374516839452383
156 2.7374516839452383
157 2.6095513915660167
158 2.6095513915660167
159 2.980462834983871
160 2.980462834983871
161 2.941690993143889
162 2.941690993143889
163 1.4939218129151925
164 1.4939218129151925
165 1.5872842734240762
166 1.5872842734240762
167 1.0881185478181654
168 1.0881185478181654
169 1.9586274729869124
170 1.9586274729869124
171 1.1675072382496292
172 1.1675072382496292
173 1.196886903964566
174 1.196886903964566
175 1.4992668948874206
176 1.4992668948874206
177 1.9076609711728603
178 1.9076609711728603
179 1.1636374822646427
180 1.1636374822646427
181 1.9889256776631405
182 1.9889256776631405
183 1.0656132106402807
184 1.0656132106402807
185 1.228599950795921
186 1.228599950795921
187 1.70571288465048
188 1.70571288465048
189 1.90732392347777
190 1.90732392347777
191 1.728960811346652
192 1.728960811346652
193 1.5389593770339558
194 1.5389593770339558
195 1.0328403793763048
196 1.0328403793763048
197 1.9325005761657725
198 1.9325005761657725
199 0.8957205383451737
200 0.8957205383451737
201 1.386446323871192
202 1.386446323871192
203 1.5033618409420855
204 1.5033618409420855
205 1.616356620681761
206 1.616356620681761
207 1.567318116210928
208 1.567318116210928
209 1.335716402656626
210 1.335716402656626
211 1.6467069790136495
212 1.6467069790136495
213 1.2398299064039344
214 1.2398299064039344
215 1.5118806950569603
216 1.5118806950569603
217 2.96840008465964
218 2.96840008465964
219 2.070907329801802
220 2.070907329801802
221 1.7587898573646659
222 1.7587898573646659
223 2.4804050143726593
224 2.4804050143726593
225 3.4081579514454203
226 3.4081579514454203
227 3.566274924942177
228 3.566274924942177
229 2.9724450481925158
230 2.9724450481925158
231 2.9754157541367596
232 2.9754157541367596
233 2.7749832702055324
234 2.7749832702055324
235 1.9866624659493137
236 1.9866624659493137
237 2.6833133869824315
238 2.6833133869824315
239 2.6631310793569662
240 2.6631310793569662
241 2.7627437519096567
242 2.7627437519096567
243 2.132308566556654
244 2.132308566556654
245 2.4453852439668493
246 2.4453852439668493
247 3.722131599167352
248 3.722131599167352
249 3.5711329259330187
250 3.5711329259330187
251 4.465061276862038
252 4.465061276862038
253 2.3487304033341285
254 2.3487304033341285
255 3.296426240826889
256 3.296426240826889
257 3.294343667919248
258 3.294343667919248
259 1.3493596717277727
260 1.3493596717277727
261 2.7820845830647047
262 2.7820845830647047
263 3.2369473508393747
264 3.2369473508393747
265 2.9082214219388396
266 2.9082214219388396
267 3.116971119832787
268 3.116971119832787
269 3.774998623908677
270 3.774998623908677
271 4.053185966385893
272 4.053185966385893
273 3.4463882117331317
274 3.4463882117331317
275 3.1601800952079233
276 3.1601800952079233
277 3.455148677052999
278 3.455148677052999
279 1.5260946269223454
280 1.5260946269223454
281 3.6906713561874698
282 3.6906713561874698
283 3.0650023920339966
284 3.0650023920339966
285 1.9631052958422779
286 1.9631052958422779
287 2.6425280962865774
288 2.6425280962865774
289 2.321400097582218
290 2.321400097582218
291 2.323624709290541
292 2.323624709290541
293 4.048029404448095
294 4.048029404448095
295 3.8634126701197475
296 3.8634126701197475
297 3.468934040347232
298 3.468934040347232
299 2.0638276384069414
300 2.0638276384069414
301 3.550875980674125
302 3.550875980674125
303 2.8857597795911722
304 2.8857597795911722
305 1.9412451159205795
306 1.9412451159205795
307 3.205655326545357
308 3.205655326545357
309 3.303038258158435
310 3.303038258158435
311 3.2177780008563266
312 3.2177780008563266
313 3.334264060038484
314 3.334264060038484
315 2.537815836499562
316 2.537815836499562
317 2.8095895329414704
318 2.8095895329414704
319 2.930305904423653
320 2.930305904423653
321 3.2536952138435
322 3.2536952138435
323 2.964250028008789
324 2.964250028008789
325 1.8954969949422502
326 1.8954969949422502
327 2.8173771167564965
328 2.8173771167564965
329 3.3226388566772
330 3.3226388566772
331 2.947075768390069
332 5.21309918173604
333 5.21309918173604
334 3.181939270877512
335 3.181939270877512
336 4.546012692828236
337 4.546012692828236
338 4.747088645019587
339 4.747088645019587
340 3.257258594132841
341 3.257258594132841
342 3.078670372737135
343 3.078670372737135
344 3.6313493510548063
345 3.6313493510548063
346 3.5711065455587954
347 3.5711065455587954
348 4.1880509861005875
349 4.1880509861005875
350 3.0332545871518435
351 3.0332545871518435
352 2.436960492318165
353 2.436960492318165
354 3.5439041297933285
355 3.5439041297933285
356 4.242993697445037
357 4.242993697445037
358 4.638948028859524
359 4.638948028859524
360 3.6936516420433376
361 3.6936516420433376
362 2.185608540856211
363 2.185608540856211
364 2.9894308515840486
365 2.9894308515840486
366 2.2539203102058587
367 2.2539203102058587
368 5.096008512233206
369 5.096008512233206
370 3.6052614623537838
371 3.6052614623537838
372 2.941308800411819
373 2.941308800411819
374 2.9051811200863717
375 2.9051811200863717
376 3.4805079462891872
377 3.4805079462891872
378 4.048499553753206
379 4.048499553753206
380 4.2103808861653365
381 4.2103808861653365
382 2.1276070785557275
383 2.1276070785557275
384 4.649680243460322
385 4.649680243460322
386 3.920410793068097
387 3.920410793068097
388 3.443980930870698
389 3.443980930870698
390 3.6528091183619575
391 3.6528091183619575
392 4.710821308402594
393 4.710821308402594
394 4.58320203969509
395 4.58320203969509
396 4.701612555729835
397 4.701612555729835
398 4.182244357915184
399 4.182244357915184
400 3.59778486750826
401 3.59778486750826
402 3.670066745701469
403 3.670066745701469
404 3.9285865011352414
405 3.9285865011352414
406 2.566363211981562
407 2.566363211981562
408 2.1119582415838147
409 2.1119582415838147
410 2.684876307447757
411 2.684876307447757
412 1.6458754512729301
413 1.6458754512729301
414 2.069670484109383
415 2.069670484109383
416 1.9423681776355577
417 1.9423681776355577
418 1.6125234447434345
419 1.6125234447434345
420 2.2484049852262995
421 0.182957111614287
422 0.182957111614287
423 0.14330383723580736
424 0.14330383723580736
425 0.22255321590547902
426 0.22255321590547902
427 0.2201478661009166
428 0.2201478661009166
429 0.25066737023269847
430 0.25066737023269847
431 0.17468496431973687
432 0.17468496431973687
433 0.2609427952501083
434 0.2609427952501083
435 0.2080754221744335
436 0.2080754221744335
437 0.24117040067469236
438 0.24117040067469236
439 0.2390524215388789
440 0.2390524215388789
441 0.23563908741081047
442 0.23563908741081047
443 0.15597568129534106
444 0.15597568129534106
445 0.18181778262819917
446 0.18181778262819917
447 0.1634479658664426
448 0.1634479658664426
449 0.1888804045221726
450 0.1888804045221726
451 2.5317397550647716
452 2.5317397550647716
453 1.4850853905408523
454 1.4850853905408523
455 2.189175372201187
456 2.189175372201187
457 2.2761770641496084
458 2.2761770641496084
459 1.2907084441943866
460 1.2907084441943866
461 1.780262158462409
462 1.780262158462409
463 2.4552319600039643
464 2.4552319600039643
465 2.0833558427985555
466 2.0833558427985555
467 1.9597430266805487
468 1.9597430266805487
469 1.7197357516430654
470 1.7197357516430654
471 2.357765211293655
472 2.357765211293655
473 1.918550131661114
474 1.918550131661114
475 1.6785906653563978
476 1.6785906653563978
477 1.8444874506262339
478 1.8444874506262339
479 2.1945745063175006
480 2.1945745063175006
481 1.5022012380723555
482 1.5022012380723555
483 2.5469998452474436
484 2.5469998452474436
485 2.878563541237447
486 2.878563541237447
487 2.389064983025869
488 2.389064983025869
489 1.8041709027310844
490 1.8041709027310844
491 1.9228003326637655
492 1.9228003326637655
493 2.6704719516049096
494 2.6704719516049096
495 1.6796015949022176
496 1.6796015949022176
497 2.0685572045586986
498 2.0685572045586986
499 1.5427106189094684
500 1.5427106189094684
501 2.1528408369372167
502 2.1528408369372167
503 2.776869075264684
504 2.776869075264684
505 1.6310587453414935
506 1.6310587453414935
507 2.0671263205674095
508 2.0671263205674095
509 1.9801481291566272
510 1.9801481291566272
511 2.0304503207118785
512 2.0304503207118785
513 1.9834611912912536
514 1.9834611912912536
515 1.3524712770318699
516 1.3524712770318699
517 2.406683725113945
518 2.406683725113945
519 2.261747236823777
520 2.261747236823777
521 2.0897840444533884
522 2.0897840444533884
523 1.781823012758672
524 1.781823012758672
525 2.068548298630528
526 2.068548298630528
527 2.2820873939823505
528 2.2820873939823505
529 2.1160976152609976
530 2.1160976152609976
531 1.5983026877903155
532 1.5983026877903155
533 0.1698879498842507
534 0.1698879498842507
535 0.20141525293226153
536 0.20141525293226153
537 0.2263442585991628
538 0.2263442585991628
539 0.15947222170258626
540 0.15947222170258626
541 0.23453181102262616
542 0.23453181102262616
543 0.26197612024089584
544 0.26197612024089584
545 0.17806468147154167
546 0.17806468147154167
547 0.2316215366864353
548 0.2316215366864353
549 0.22145147866005585
550 0.22145147866005585
551 0.1871462798847371
552 0.1871462798847371
553 0.17798737590415878
554 0.17798737590415878
555 0.1726254750621252
556 0.1726254750621252
557 0.17611916339833802
558 0.17611916339833802
559 0.22665931297536604
560 0.22665931297536604
561 0.13567336692890147
562 0.13567336692890147
563 0.12705560761839246
564 0.12705560761839246
565 0.15463506287052545
566 0.15463506287052545
567 0.23231168677091332
568 0.23231168677091332
569 0.1379052201697354
570 0.1379052201697354
571 0.1865532640375241
572 0.1865532640375241
573 0.12673119809202565
574 0.12673119809202565
575 0.1906580110710433
576 0.1906580110710433
577 0.25088676084585326
578 0.25088676084585326
579 0.24827208593777847
580 0.24827208593777847
581 0.1497930579929842
582 0.1497930579929842
583 0.2281797829691834
584 0.2281797829691834
585 0.18659224942445662
586 0.18659224942445662
587 0.23407656818618733
588 0.23407656818618733
589 0.1854956740732454
590 0.1854956740732454
591 0.18051035066043072
592 0.18051035066043072
593 0.3090757415570288
594 0.3090757415570288
595 0.22037709016884782
596 0.22037709016884782
597 0.21148545449502315
598 0.21148545449502315
599 0.179899129127118
600 0.179899129127118
601 0.1895244021789504
602 0.1895244021789504
603 0.24458108047518431
604 0.24458108047518431
605 0.13195969155381637
606 0.13195969155381637
607 0.19177477203210885
608 3.4236878309226335
609 3.4236878309226335
610 3.763004922552663
611 3.763004922552663
612 2.639304509596201
613 2.639304509596201
614 3.950528317930402
615 3.950528317930402
616 3.7562290040059914
617 3.7562290040059914
618 1.3478186133021737
619 1.3478186133021737
620 0.892742967881465
621 0.892742967881465
622 1.1051166504608438
623 1.1051166504608438
624 1.2741075828516064
625 1.2741075828516064
626 1.324793317546982
627 1.324793317546982
628 0.9501647506500812
629 0.9501647506500812
630 0.6788201117000288
631 0.6788201117000288
632 1.31597850343485
633 1.31597850343485
634 1.0379080884439833
635 1.0379080884439833
636 1.2671009996601188
637 1.2671009996601188
638 1.477054277150911
639 1.477054277150911
640 1.4555798088628593
641 1.4555798088628593
642 1.173701599243983
643 1.173701599243983
644 1.2904943455409392
645 1.2904943455409392
646 0.7594783957305875
647 1.25335229256402
648 1.25335229256402
649 1.8860817919532729
650 1.8860817919532729
651 1.3598193331251236
652 1.3598193331251236
653 1.6475413978941613
654 1.6475413978941613
655 1.5871578626773784
656 1.5871578626773784
657 1.812219865830659
658 1.812219865830659
659 1.2538368164089273
660 1.2538368164089273
661 1.8959967385353422
662 1.8959967385353422
663 1.9428834573348532
664 1.9428834573348532
665 2.2105496580272677
666 2.2105496580272677
667 1.0561274832588832
668 1.0561274832588832
669 1.3415071589357952
670 1.3415071589357952
671 1.1227233560494658
672 1.1227233560494658
673 1.823197661939359
674 1.823197661939359
675 1.8049044386894302
676 1.8049044386894302
677 1.4552939890586014
678 1.4552939890586014
679 1.7993861223470848
680 1.7993861223470848
681 1.3046630349989923
682 1.3046630349989923
683 1.6472835784856368
684 1.6472835784856368
685 1.3827161612844892
686 1.3827161612844892
687 0.8834657512458
688 0.8834657512458
689 1.7999944989773509
690 1.7999944989773509
691 1.1301849575001786
692 1.1301849575001786
693 0.7100630068255867
694 0.7100630068255867
695 0.6675482683676653
696 1.1553425037569305
697 1.1553425037569305
698 1.01651723467367
699 1.01651723467367
700 0.7917382374927785
701 0.7917382374927785
702 1.7521348025148393
703 1.7521348025148393
704 0.9174621687515837
705 0.9174621687515837
706 1.0737658444067657
707 1.0737658444067657
708 0.9050929745760886
709 0.9050929745760886
710 1.0710504743206022
711 1.0710504743206022
712 1.2832678196996539
713 1.2832678196996539
714 0.8612167798928226
715 0.8612167798928226
716 0.5935133731052601
717 0.5935133731052601
718 0.6777732346593058
719 0.6777732346593058
720 0.5766322714924302
721 0.5766322714924302
722 1.112056612249779
723 1.112056612249779
724 0.8659083462944688
725 0.8659083462944688
726 1.0849311117108387
727 1.0849311117108387
728 1.028065120360153
729 1.028065120360153
730 1.145379024632492
731 1.145379024632492
732 1.1516725779952617
733 1.1516725779952617
734 1.2162716799229458
735 1.2162716799229458
736 0.986811408959369
737 0.986811408959369
738 1.1509807633932658
739 1.1509807633932658
740 0.6959900565844532
741 0.6959900565844532
742 1.244582289534994
743 1.244582289534994
744 1.39838790687446
745 1.39838790687446
746 0.8603742742597098
747 0.8603742742597098
748 1.2544596237018037
749 1.2544596237018037
750 3.5147143561724405
751 3.5147143561724405
752 3.0144529620497527
753 3.0144529620497527
754 4.919634341324047
755 4.919634341324047
756 4.290345718981949
757 4.290345718981949
758 3.98838149505895
759 3.98838149505895
760 3.415010751885491
761 3.415010751885491
762 2.4695811210226664
763 2.4695811210226664
764 3.494489613040295
765 3.494489613040295
766 2.021658866217295
767 2.021658866217295
768 1.8064247107669895
769 1.8064247107669895
770 1.148519314940835
771 1.148519314940835
772 1.5184023711066101
773 1.5184023711066101
774 1.3142413798973975
775 1.3142413798973975
776 1.9222044545370092
777 1.9222044545370092
778 1.056952163127182
779 1.056952163127182
780 1.749847379380065
781 1.749847379380065
782 1.2308577085631205
783 1.2308577085631205
784 0.5755285245678392
785 0.5755285245678392
786 1.5234562939029619
787 1.5234562939029619
788 1.32866073765187
789 1.32866073765187
790 1.884680101312069
791 1.884680101312069
792 1.6659617952032382
793 1.6659617952032382
794 1.4041695800452931
795 1.4041695800452931
796 1.6606470382036438
797 1.6606470382036438
798 1.7582684967501028
799 1.7582684967501028
800 1.6105863932220252
801 1.6105863932220252
802 1.5045064178369671
803 1.5045064178369671
804 1.2069574663800662
805 1.2069574663800662
806 1.685690535739665
807 1.685690535739665
808 1.2818190849316862
809 1.2818190849316862
810 1.8347526218107788
811 1.8347526218107788
812 1.4979203820524492
813 1.4979203820524492
814 1.8169881017024243
815 1.8169881017024243
816 1.7614413755087543
817 1.7614413755087543
818 1.7671623359393807
819 1.7671623359393807
820 1.2044868191125513
821 1.2044868191125513
822 0.9047427836481738
823 0.9047427836481738
824 1.5789736299095325
825 1.5789736299095325
826 1.1897915791753073
827 1.1897915791753073
828 1.573649003202829
829 1.573649003202829
830 1.8518869932036732
831 1.8518869932036732
832 1.4178718191674684
833 1.4178718191674684
834 1.7770086785024717
835 1.7770086785024717
836 1.6695135982969813
837 1.6695135982969813
838 1.415610203812069
839 3.9900503905362728
840 3.9900503905362728
841 2.0065074161252263
842 2.0065074161252263
843 2.6872902861193264
844 2.6872902861193264
845 2.6658385388276096
846 2.6658385388276096
847 3.095427501446429
848 3.095427501446429
849 2.150321852480155
850 2.150321852480155
851 3.2584795437538423
852 3.2584795437538423
853 2.1780691206623475
854 2.1780691206623475
855 2.0676992335445528
856 2.0676992335445528
857 1.6582629739960484
858 1.6582629739960484
859 2.426169478900791
860 2.426169478900791
861 2.2097170957635752
862 2.2097170957635752
863 2.702679644817991
864 2.702679644817991
865 2.2211726982507165
866 2.2211726982507165
867 2.2708933995199523
868 2.2708933995199523
869 2.0284420130198377
870 2.0284420130198377
871 2.2152547258073465
872 2.2152547258073465
873 1.8026363428445749
874 1.8026363428445749
875 2.2874443086131215
876 2.2874443086131215
877 2.4749316187397756
878 2.4749316187397756
879 1.8832959629133619
880 1.8832959629133619
881 2.105267786795334
882 2.105267786795334
883 2.0987858190285906
884 2.0987858190285906
885 3.071518495748016
886 3.071518495748016
887 1.796473265114898
888 1.796473265114898
889 2.676423836348746
890 2.676423836348746
891 1.8790864305521737
892 1.8790864305521737
893 1.9075285030980846
894 1.9075285030980846
895 2.5050845387360474
896 2.5050845387360474
897 2.7786556769755357
898 2.7786556769755357
899 2.0550662172075342
900 2.0550662172075342
901 1.6759681671942213
902 1.6759681671942213
903 1.8962920237462595
904 1.8962920237462595
905 1.5634683489525465
906 1.5634683489525465
907 2.1966968751505704
908 2.1966968751505704
909 1.778131892292724
910 1.778131892292724
911 1.7941633964173456
912 1.7941633964173456
913 1.9497740711304614
914 1.9497740711304614
915 1.5906291743495404
916 1.5906291743495404
917 1.8070083534279637
918 1.8070083534279637
919 1.9311920670037193
920 1.9311920670037193
921 2.2123489498747655
922 2.2123489498747655
923 1.7705995903306926
924 1.7705995903306926
925 1.5480695485432128
926 1.5480695485432128
927 2.124399773848653
928 2.124399773848653
929 1.9695970324213505
930 1.9695970324213505
931 1.7204935573569302
932 1.7204935573569302
933 1.260651989815239
934 1.260651989815239
935 3.2020752724532215
936 3.2020752724532215
937 2.2077323239907884
938 2.2077323239907884
939 2.336118391566731
940 2.336118391566731
941 2.2380920021537705
942 2.2380920021537705
943 1.936292944436662
944 1.936292944436662
945 2.200605307830472
946 2.200605307830472
947 1.857540684441014
948 1.857540684441014
949 1.886675885958538
950 1.886675885958538
951 1.6628318835052722
952 1.6628318835052722
953 1.6117095759956157
954 1.6117095759956157
955 1.9404203371727384
956 1.9404203371727384
957 2.196938141260216
958 2.196938141260216
959 1.742161287333457
960 1.742161287333457
961 1.8037083536187004
962 1.8037083536187004
963 2.422178566289765
964 2.422178566289765
965 1.9814633933031192
966 1.9814633933031192
967 1.3640708397333872
968 1.3640708397333872
969 2.9297112765186384
970 2.9297112765186384
971 1.5710019486500704
972 1.5710019486500704
973 1.8422634235487074
974 1.8422634235487074
975 2.5628853724662246
976 2.5628853724662246
977 2.098538861835773
978 2.098538861835773
979 1.906137443888794
980 1.906137443888794
981 2.0178580349360935
982 2.0178580349360935
983 2.1521421469008226
984 2.1521421469008226
985 2.230196067811408
986 2.230196067811408
987 2.3195174542264643
988 2.3195174542264643
989 2.168018398979879
990 2.168018398979879
991 2.217842144553847
992 2.217842144553847
993 2.054478291613149
994 2.054478291613149
995 2.30847240280401
996 2.30847240280401
997 2.1570465316422767
998 2.1570465316422767
999 2.045771598061583
1000 2.045771598061583
1001 1.7969109536926828
1002 1.7969109536926828
1003 1.8046599327592594
1004 1.8046599327592594
1005 0.2258661600775216
1006 0.2258661600775216
1007 0.17770917895564614
1008 0.17770917895564614
1009 0.16908346378301184
1010 0.16908346378301184
1011 0.16504313294510453
1012 0.16504313294510453
1013 0.19093036061847957
1014 0.19093036061847957
1015 0.22531238481086127
1016 0.22531238481086127
1017 0.2500895307398994
1018 0.2500895307398994
1019 0.22220939629812014
1020 0.22220939629812014
1021 0.14258114629560842
1022 0.14258114629560842
1023 0.21374451368661315
1024 0.21374451368661315
1025 0.20428020310310227
1026 0.20428020310310227
1027 0.15593388325914992
1028 1.3782163495549156
1029 1.3782163495549156
1030 2.2550929593286235
1031 2.2550929593286235
1032 2.447025301636751
1033 2.447025301636751
1034 2.895500442391238
1035 2.895500442391238
1036 2.2800935971936447
1037 2.2800935971936447
1038 2.528738196523996
1039 2.528738196523996
1040 1.9830622248532956
1041 1.9830622248532956
1042 2.225086243969756
1043 3.828476101521874
1044 3.828476101521874
1045 2.268556791505567
1046 2.268556791505567
1047 3.5910470690278484
1048 3.5910470690278484
1049 2.656265672590174
1050 2.656265672590174
1051 1.6604350475700493
1052 1.6604350475700493
1053 2.8703964537138393
1054 2.8703964537138393
1055 3.8194590924334255
1056 3.8194590924334255
1057 2.3536166540222534
1058 2.3536166540222534
1059 2.803898168244005
1060 2.803898168244005
1061 3.1986700040001734
1062 3.1986700040001734
1063 3.2810124307090587
1064 3.2810124307090587
1065 3.0127288548680866
1066 3.0127288548680866
1067 3.377704118012419
1068 3.377704118012419
1069 2.7341313663043127
1070 2.7341313663043127
1071 2.759998418497266
1072 2.759998418497266
1073 3.0517102807339547
1074 3.0517102807339547
1075 4.421506003156315
1076 4.421506003156315
1077 2.3478806158284504
1078 2.3478806158284504
1079 2.628971962327788
1080 2.628971962327788
1081 3.038522741306438
1082 3.038522741306438
1083 2.726407790077328
1084 2.726407790077328
1085 2.718836713873861
1086 2.718836713873861
1087 3.327605150668373
1088 3.327605150668373
1089 2.72720237850225
1090 2.72720237850225
1091 2.914834653199404
1092 2.914834653199404
1093 3.7605545080569627
1094 3.7605545080569627
1095 3.5219535273888907
1096 3.5219535273888907
1097 2.8967594438222295
1098 2.8967594438222295
1099 2.6652976918449727
1100 2.6652976918449727
1101 3.5367063446103604
1102 3.5367063446103604
1103 3.0231214497071948
1104 3.0231214497071948
1105 3.008762981980804
1106 3.008762981980804
1107 1.4473856550352149
1108 1.4473856550352149
1109 2.8416034458132224
1110 2.8416034458132224
1111 2.187898129598371
1112 2.187898129598371
1113 2.723239721346561
1114 2.723239721346561
1115 2.4575610414382405
1116 2.4575610414382405
1117 2.1492438091454944
1118 2.1492438091454944
1119 3.1391229437901345
1120 3.1391229437901345
1121 3.822114185735281
1122 3.822114185735281
1123 2.3945735502385137
1124 2.3945735502385137
1125 2.7829760802139054
1126 2.7829760802139054
1127 2.2520121279161085
1128 2.2520121279161085
1129 3.093546254787095
1130 3.093546254787095
1131 3.4875462894138294
1132 3.4875462894138294
1133 2.205684938859801
1134 2.205684938859801
1135 1.82034409688202
1136 1.82034409688202
1137 1.2281282144058172
1138 1.2281282144058172
1139 0.7468744715288442
1140 0.7468744715288442
1141 1.8748082640141104
1142 1.8748082640141104
1143 1.7048243368519094
1144 1.7048243368519094
1145 1.2123115699268703
1146 1.2123115699268703
1147 1.315762390924475
1148 1.315762390924475
1149 1.3378500167122906
1150 1.3378500167122906
1151 1.4274208425828907
1152 1.4274208425828907
1153 1.5259675595277882
1154 1.5259675595277882
1155 1.6756354264101705
1156 1.6756354264101705
1157 1.5817122913245685
1158 1.5817122913245685
1159 1.8664830380912503
1160 1.8664830380912503
1161 1.6968240550938494
1162 1.6968240550938494
1163 1.222094937573446
1164 1.222094937573446
1165 1.0889497871478626
1166 1.0889497871478626
1167 1.7794975470259642
1168 1.7794975470259642
1169 1.5908202152585822
1170 1.5908202152585822
1171 1.7398490177394956
1172 1.7398490177394956
1173 1.4845309644165052
1174 1.4845309644165052
1175 2.1585079726849514
1176 2.1585079726849514
1177 1.2080294135898213
1178 1.2080294135898213
1179 2.060601033776757
1180 2.060601033776757
1181 1.3708966636958508
1182 1.3708966636958508
1183 1.9699517091247412
1184 1.9699517091247412
1185 1.4346391634754188
1186 1.4346391634754188
1187 3.216251640052919
1188 3.216251640052919
1189 3.6031747126005023
1190 3.6031747126005023
1191 2.571150082774217
1192 2.571150082774217
1193 2.911096780651457
1194 2.911096780651457
1195 2.659877039975181
1196 2.659877039975181
1197 2.483570663349396
1198 2.483570663349396
1199 2.590170647325306
1200 2.590170647325306
1201 2.31650301924603
1202 2.31650301924603
1203 2.831201877272585
1204 2.831201877272585
1205 1.8616510553890744
1206 1.8616510553890744
1207 2.5071652634157955
1208 2.5071652634157955
1209 2.6796429430835857
1210 2.6796429430835857
1211 2.594505665555011
1212 1.696621809734505
1213 1.696621809734505
1214 1.3291447649474444
1215 1.3291447649474444
1216 1.7700841432778285
1217 1.7700841432778285
1218 1.7655419125938239
1219 1.7655419125938239
1220 1.4901930872511202
1221 1.4901930872511202
1222 1.2683802364028887
1223 1.2683802364028887
1224 1.3936919004021675
1225 1.3936919004021675
1226 1.4086865236663648
1227 1.4086865236663648
1228 1.3766564499002207
1229 1.3766564499002207
1230 2.0317641796196946
1231 2.0317641796196946
1232 1.276470326581513
1233 1.276470326581513
1234 1.7173629578982723
1235 1.7173629578982723
1236 1.3923447579518007
1237 1.3923447579518007
1238 1.2840024053969525
1239 1.2840024053969525
1240 1.5216124980530585
1241 1.5216124980530585
1242 2.010829303016015
1243 2.010829303016015
1244 1.829701469599895
1245 1.829701469599895
1246 1.4163141400842854
1247 1.4163141400842854
1248 1.4250089573537281
1249 1.4250089573537281
1250 1.5069052219538956
1251 1.5069052219538956
1252 1.4145692967531422
1253 1.4145692967531422
1254 1.6832039077510519
1255 2.314128503671985
1256 2.314128503671985
1257 1.6359730139893445
1258 1.6359730139893445
1259 1.6957930867991557
1260 1.6957930867991557
1261 1.7741473751640005
1262 1.7741473751640005
1263 2.074032172600919
1264 2.074032172600919
1265 2.4950281526644087
1266 2.4950281526644087
1267 1.9188312826411797
1268 1.9188312826411797
1269 1.8860924531738366
1270 1.8860924531738366
1271 2.1071454927928603
1272 0.15597663452801436
1273 0.15597663452801436
1274 0.16093304488011267
1275 0.16093304488011267
1276 0.1562325925035019
1277 0.1562325925035019
1278 0.19938867502787677
1279 0.19938867502787677
1280 0.21714329474645172
1281 0.21714329474645172
1282 0.1927867334847056
1283 0.1927867334847056
1284 0.14876648606803508
1285 0.14876648606803508
1286 0.22740573409308562
1287 0.22740573409308562
1288 0.16185217438262128
1289 0.16185217438262128
1290 0.15591799522543584
1291 0.15591799522543584
1292 0.15727531702386344
1293 0.15727531702386344
1294 0.2088614740185444
1295 0.2088614740185444
1296 0.19774208896977777
1297 0.19774208896977777
1298 0.13888523917717588
1299 0.13888523917717588
1300 0.2190834264419873
1301 0.2190834264419873
1302 0.1867722637447616
1303 0.1867722637447616
1304 0.1464318277210919
1305 0.1464318277210919
1306 0.21187179169566617
1307 0.21187179169566617
1308 0.1793916239529914
1309 0.1793916239529914
1310 0.19214376363221114
1311 0.19214376363221114
1312 0.20880781981856525
1313 0.20880781981856525
1314 0.24007347455053557
1315 0.24007347455053557
1316 0.21232676030239617
1317 0.21232676030239617
1318 0.23090491195777188
1319 0.23090491195777188
1320 0.225218560584438
1321 0.225218560584438
1322 0.2037216809240129
1323 0.2037216809240129
1324 0.24427660916150898
1325 0.24427660916150898
1326 0.3095291710288987
1327 0.3095291710288987
1328 0.2603845858696712
1329 0.2603845858696712
1330 1.716873574756319
1331 1.716873574756319
1332 2.5738218053871207
1333 2.5738218053871207
1334 2.1838140333752825
1335 2.1838140333752825
1336 4.222069955462791
1337 4.222069955462791
1338 3.6052768758260307
1339 3.6052768758260307
1340 4.691987817324033
1341 4.691987817324033
1342 1.337111978527067
1343 1.337111978527067
1344 3.5806123068717373
1345 3.5806123068717373
1346 2.6764859653045536
1347 2.6764859653045536
1348 2.114809473913653
1349 2.114809473913653
1350 3.6839226567504513
1351 3.6839226567504513
1352 3.151898065610957
1353 3.151898065610957
1354 4.345645314274226
1355 4.345645314274226
1356 3.8981454072176867
1357 3.8981454072176867
1358 3.0784773042805837
1359 3.0784773042805837
1360 3.514242186192424
1361 3.514242186192424
1362 3.0204177992745715
1363 3.0204177992745715
1364 2.9962155804874113
1365 2.9962155804874113
1366 4.060496950768394
1367 4.060496950768394
1368 3.3700935281121214
1369 3.3700935281121214
1370 3.4593727912174193
1371 3.4593727912174193
1372 3.5909679952431044
1373 3.5909679952431044
1374 3.511012727887253
1375 3.511012727887253
1376 4.658337529482562
1377 4.658337529482562
1378 2.7898325959228414
1379 2.7898325959228414
1380 3.8180708933396397
1381 3.8180708933396397
1382 5.313803135468879
1383 5.313803135468879
1384 2.9044435134982534
1385 2.9044435134982534
1386 2.2445522391813633
1387 2.2445522391813633
1388 3.035433648157876
1389 3.035433648157876
1390 3.6089648379606407
1391 3.6089648379606407
1392 2.4395821372295066
1393 2.4395821372295066
1394 2.619283927969101
1395 2.619283927969101
1396 5.138690842542619
1397 5.138690842542619
1398 3.3562401971023466
1399 3.3562401971023466
1400 2.7933155448824882
1401 2.7933155448824882
1402 3.5871186395862553
1403 3.5871186395862553
1404 4.438122306391675
1405 4.438122306391675
1406 3.032763543627439
1407 3.032763543627439
1408 2.759397508320965
1409 2.759397508320965
1410 2.9009235241616778
1411 2.9009235241616778
1412 2.8558918292609876
1413 2.8558918292609876
1414 2.8400005581692165
1415 2.8400005581692165
1416 2.7470878767480187
1417 2.7470878767480187
1418 4.440722203220602
1419 4.440722203220602
1420 2.4972708979973044
1421 2.4972708979973044
1422 3.0411426888967585
1423 3.0411426888967585
1424 3.5593591651153496
1425 3.5593591651153496
1426 4.932996828396252
1427 4.932996828396252
1428 4.380788005708551
1429 4.380788005708551
1430 4.20085682015236
1431 4.20085682015236
1432 2.975501189174475
1433 2.975501189174475
1434 2.967187077311421
1435 2.967187077311421
1436 3.002784969147931
1437 3.002784969147931
1438 4.32351944501822
1439 4.32351944501822
1440 4.6152105278937565
1441 4.6152105278937565
1442 4.034420226716098
1443 4.034420226716098
1444 3.043191647598568
1445 3.043191647598568
1446 3.2813138556995507
1447 3.2813138556995507
1448 3.5832240649606573
1449 3.5832240649606573
1450 3.0271484175502748
1451 3.0271484175502748
1452 3.1746021606979227
1453 3.1746021606979227
1454 4.197779515818506
1455 4.197779515818506
1456 3.0026928098951955
1457 3.0026928098951955
1458 2.2394752961091315
1459 2.2394752961091315
1460 4.057744022669813
1461 4.057744022669813
1462 3.330018969781326
1463 3.330018969781326
1464 2.956045477610641
1465 2.956045477610641
1466 3.8496208188075163
1467 3.8496208188075163
1468 4.044526166345926
1469 4.044526166345926
1470 3.2643206198482595
1471 3.2643206198482595
1472 4.743157581853122
1473 4.743157581853122
1474 4.2507149536486954
1475 4.2507149536486954
1476 3.324458764470557
1477 3.324458764470557
1478 3.1802117190657815
1479 3.1802117190657815
1480 2.916250906173568
1481 2.916250906173568
1482 4.044305826472117
1483 4.044305826472117
1484 4.2359695606259615
1485 4.2359695606259615
1486 3.0156047931054357
1487 3.0156047931054357
1488 2.403520584785217
1489 2.403520584785217
1490 3.0288056793508606
1491 3.0288056793508606
1492 3.354227605228299
1493 3.354227605228299
1494 2.5924392696359866
1495 2.5924392696359866
1496 3.004958526778435
1497 3.004958526778435
1498 3.137039997370901
1499 3.137039997370901
1500 2.365292558792965
1501 2.365292558792965
1502 3.1599765663047883
1503 3.1599765663047883
1504 2.6781828811666366
1505 2.6781828811666366
1506 2.6218432250536834
1507 2.6218432250536834
1508 3.106262953175495
1509 3.106262953175495
1510 3.230876045983251
1511 3.230876045983251
1512 3.1927229092201403
1513 3.1927229092201403
1514 3.00600058704407
1515 3.00600058704407
1516 3.886482588570239
1517 3.886482588570239
1518 2.5616631695915926
1519 2.5616631695915926
1520 2.4272883293443135
1521 2.4272883293443135
1522 3.3294840902161567
1523 3.3294840902161567
1524 3.346309252835644
1525 3.346309252835644
1526 4.4217914853942535
1527 4.4217914853942535
1528 3.511979904508301
1529 3.511979904508301
1530 3.9469207949783223
1531 3.9469207949783223
1532 4.015980521366466
1533 4.015980521366466
1534 3.7205723848749424
1535 3.7205723848749424
1536 1.932856088524434
1537 1.932856088524434
1538 3.736645083269375
1539 3.736645083269375
1540 3.6704221433912707
1541 3.6704221433912707
1542 3.119825872730189
1543 3.119825872730189
1544 3.39633975516469
1545 3.39633975516469
1546 4.229996647713959
1547 4.229996647713959
1548 2.8796598375770532
1549 2.8796598375770532
1550 3.187588033005951
1551 3.187588033005951
1552 3.765663727807143
1553 3.765663727807143
1554 3.8126752109555606
1555 3.8126752109555606
1556 2.286263045800431
1557 2.286263045800431
1558 3.2492918512703253
1559 3.2492918512703253
1560 2.1557516904618437
1561 2.1557516904618437
1562 3.517685218017679
1563 3.517685218017679
1564 3.1471006639379815
1565 3.1471006639379815
1566 3.6856777894096497
1567 3.6856777894096497
1568 3.9978801128083368
1569 3.9978801128083368
1570 1.9673669674124785
1571 1.9673669674124785
1572 3.231492499034816
1573 3.231492499034816
1574 4.074544091888469
1575 4.074544091888469
1576 3.117914256620715
1577 3.117914256620715
1578 2.3820354655711955
1579 2.3820354655711955
1580 2.8027250586510046
1581 2.0282615424216353
1582 2.0282615424216353
1583 4.011366656453591
1584 4.011366656453591
1585 3.0872456787660414
1586 3.0872456787660414
1587 3.3706345707612124
1588 3.3706345707612124
1589 2.213744286999043
1590 2.213744286999043
1591 2.401070886696574
1592 2.401070886696574
1593 2.6605064148571875
1594 2.6605064148571875
1595 2.3932211080611068
1596 2.3932211080611068
1597 2.341279843710428
1598 2.341279843710428
1599 3.056450833433508
1600 3.056450833433508
1601 3.957848189504384
1602 3.957848189504384
1603 2.0676839944588132
1604 2.0676839944588132
1605 3.2350245214120754
1606 3.2350245214120754
1607 3.0902005903408205
1608 3.0902005903408205
1609 2.2814375322773772
1610 2.2814375322773772
1611 2.3308314420682015
1612 2.3308314420682015
1613 2.123261244737232
1614 2.123261244737232
1615 3.325342896969476
1616 3.325342896969476
1617 3.021262167422849
1618 3.021262167422849
1619 3.2923103401492715
1620 3.2923103401492715
1621 2.4738055612264542
1622 2.4738055612264542
1623 2.0088609387224707
1624 2.0088609387224707
1625 1.9744851283677163
1626 1.9744851283677163
1627 1.6761197492736613
1628 1.6761197492736613
1629 2.4347452151269593
1630 2.4347452151269593
1631 1.4031965665375403
1632 1.4031965665375403
1633 1.52555135284091
1634 1.52555135284091
1635 2.4820980278552125
1636 2.4820980278552125
1637 1.8418443680915333
1638 1.8418443680915333
1639 1.5984855367363977
1640 1.5984855367363977
1641 1.4866660258163231
1642 1.4866660258163231
1643 1.9016467086142619
1644 1.9016467086142619
1645 2.2774072671796985
1646 2.2774072671796985
1647 1.79141930171726
1648 1.79141930171726
1649 2.402562353031505
1650 2.402562353031505
1651 1.9783261169164919
1652 1.9783261169164919
1653 1.773400186930735
1654 1.773400186930735
1655 1.3161752847471826
1656 0.2178638482219052
1657 0.2178638482219052
1658 0.18525973049066885
1659 0.18525973049066885
1660 0.1653015662543896
1661 0.1653015662543896
1662 0.12467946211392376
1663 0.12467946211392376
1664 0.22352059438962057
1665 0.22352059438962057
1666 0.2070335058064587
1667 0.2070335058064587
1668 0.2082211176742212
1669 0.2082211176742212
1670 0.23259264141735084
1671 0.23259264141735084
1672 0.1808484567850113
1673 0.1808484567850113
1674 0.2788291903573522
1675 0.2788291903573522
1676 0.16597801794139766
1677 0.16597801794139766
1678 0.2255921241469897
1679 0.2255921241469897
1680 0.20580525059946356
1681 0.20580525059946356
1682 0.16053205143826207
1683 0.16053205143826207
1684 0.22963709750421024
1685 0.22963709750421024
1686 0.17833685036919447
1687 0.17833685036919447
1688 0.20532506680174786
1689 0.20532506680174786
1690 0.23738154511597526
1691 0.23738154511597526
1692 0.14107927202049064
1693 0.14107927202049064
1694 0.22869148849589652
1695 0.22869148849589652
1696 0.21244588999778505
1697 0.21244588999778505
1698 0.1574818876882544
1699 0.1574818876882544
1700 0.2231325751242377
1701 0.2231325751242377
1702 1.3481120124366306
1703 1.3481120124366306
1704 1.0471431743801864
1705 1.0471431743801864
1706 1.1102782143378207
1707 1.1102782143378207
1708 1.423448955511416
1709 1.423448955511416
1710 1.1935917550105493
1711 1.1935917550105493
1712 1.5822867121977648
1713 1.5822867121977648
1714 1.1105734335554855
1715 1.1105734335554855
1716 1.1058895824247725
1717 1.1058895824247725
1718 1.13510281763479
1719 1.13510281763479
1720 1.153435728032287
1721 1.153435728032287
1722 0.6085684703961421
1723 0.6085684703961421
1724 1.0106357347718051
1725 1.0106357347718051
1726 0.9977183438036639
1727 0.9977183438036639
1728 0.879303306728419
1729 0.879303306728419
1730 1.1162238872759265
1731 1.1162238872759265
1732 1.1384850233473818
1733 1.1384850233473818
1734 1.0960255402162093
1735 1.0960255402162093
1736 1.0303421990789758
1737 1.0303421990789758
1738 1.0692644408609064
1739 1.0692644408609064
1740 1.005444711169399
1741 1.005444711169399
1742 1.2832760208234668
1743 1.2832760208234668
1744 1.1449368551936254
1745 1.1449368551936254
1746 0.9611173752521401
1747 0.9611173752521401
1748 1.1152816155570553
1749 1.1152816155570553
1750 1.2382235894398148
1751 1.2382235894398148
1752 1.378598920588566
1753 1.378598920588566
1754 1.4505687119970976
1755 1.4505687119970976
1756 0.9551619229033105
1757 0.9551619229033105
1758 1.5540777452716883
1759 1.5540777452716883
1760 1.095682593712086
1761 1.095682593712086
1762 0.6728148745733395
1763 0.6728148745733395
1764 0.8846820679757994
1765 0.8846820679757994
1766 1.427424635652088
1767 1.427424635652088
1768 1.1512203708150683
1769 1.1512203708150683
1770 1.017295272771667
1771 1.017295272771667
1772 4.034165802246323
1773 4.034165802246323
1774 4.163941312390869
1775 4.163941312390869
1776 4.150243781516808
1777 4.150243781516808
1778 3.116747520981241
1779 3.116747520981241
1780 4.157419327230919
1781 4.157419327230919
1782 3.2036877952447522
1783 3.2036877952447522
1784 3.595096928592817
1785 3.595096928592817
1786 3.7575251870250415
1787 3.7575251870250415
1788 3.279150604287495
1789 3.279150604287495
1790 1.9021840505790686
1791 1.9021840505790686
1792 4.668610912845058
1793 4.668610912845058
1794 2.794506341701692
1795 1.894532369767992
1796 1.894532369767992
1797 1.3420445286413327
1798 1.3420445286413327
1799 1.2360130912221798
1800 1.2360130912221798
1801 1.7040767818431477
1802 1.7040767818431477
1803 1.9321862182648684
1804 1.9321862182648684
1805 1.059456876403053
1806 1.059456876403053
1807 1.5641778815160985
1808 1.5641778815160985
1809 1.4740766392539586
1810 1.4740766392539586
1811 1.4749519050489466
1812 1.4749519050489466
1813 1.2179489587770016
1814 1.2179489587770016
1815 1.5183414300358848
1816 1.5183414300358848
1817 1.4499403562645827
1818 1.4499403562645827
1819 1.6118824842427903
1820 1.6118824842427903
1821 1.3771812669345342
1822 1.3771812669345342
1823 1.624243185423376
1824 1.624243185423376
1825 0.6846843483288655
1826 0.6846843483288655
1827 2.082253892582122
1828 2.082253892582122
1829 1.1076608824859036
1830 1.1076608824859036
1831 1.1882793867582906
1832 1.1882793867582906
1833 2.017932086466855
1834 2.017932086466855
1835 1.5768321372485756
1836 1.5768321372485756
1837 1.451735338667292
1838 1.451735338667292
1839 1.2068537287579475
1840 1.2068537287579475
1841 1.7398658685197739
1842 1.7398658685197739
1843 1.599346554302333
1844 1.599346554302333
1845 1.8467517542880676
1846 1.8467517542880676
1847 1.13987678293799
1848 1.13987678293799
1849 1.1286062240539434
1850 1.1286062240539434
1851 1.8795920355044964
1852 1.8795920355044964
1853 1.6054600248166886
1854 1.6054600248166886
1855 1.5942051794403638
1856 1.5942051794403638
1857 1.5427047451766935
1858 1.5427047451766935
1859 1.1838862905942518
1860 1.1838862905942518
1861 0.8035597504421499
1862 0.8035597504421499
1863 1.5851133804030026
1864 1.5851133804030026
1865 1.3530099816357584
1866 1.3530099816357584
1867 1.8324295632168788
1868 1.8324295632168788
1869 0.1665226514951892
1870 0.1665226514951892
1871 0.18789886781632678
1872 0.18789886781632678
1873 0.21727981725046988
1874 0.21727981725046988
1875 0.28002056949826615
1876 0.28002056949826615
1877 0.19387767440063158
1878 0.19387767440063158
1879 0.21893104979686714
1880 0.21893104979686714
1881 0.22593332069689115
1882 0.22593332069689115
1883 0.19134824072180756
1884 0.19134824072180756
1885 0.27663624346629023
1886 0.27663624346629023
1887 0.18567058921487017
1888 0.18567058921487017
1889 0.24109546256610115
1890 0.24109546256610115
1891 0.11728515144961091
1892 0.11728515144961091
1893 0.15142582902445248
1894 0.15142582902445248
1895 0.205268852250269
1896 0.205268852250269
1897 0.2248228681268865
1898 0.2248228681268865
1899 0.2614154839124556
1900 0.2614154839124556
1901 0.22349937438342948
1902 0.22349937438342948
1903 0.2205362330732764
1904 0.2205362330732764
1905 0.25047169081150844
1906 0.25047169081150844
1907 0.17854723762893546
1908 0.17854723762893546
1909 0.14703970457371573
1910 0.14703970457371573
1911 0.21828553019720703
1912 0.21828553019720703
1913 0.2250987751125268
1914 0.2250987751125268
1915 0.16395697203426468
1916 0.16395697203426468
1917 0.2389621574504559
1918 0.2389621574504559
1919 0.18842328753646942
1920 0.18842328753646942
1921 3.8640412532625477
1922 3.8640412532625477
1923 2.465888174877795
1924 2.465888174877795
1925 3.018532721044462
1926 3.018532721044462
1927 2.190798936117787
1928 2.190798936117787
1929 0.693409812531929
1930 0.693409812531929
1931 0.5614090390358203
1932 0.5614090390358203
1933 0.6650742284651815
1934 0.6650742284651815
1935 0.7565690817008269
1936 0.7565690817008269
1937 0.6259826779654929
1938 0.6259826779654929
1939 0.7225155741209044
1940 0.7225155741209044
1941 0.4927842931415793
1942 0.4927842931415793
1943 0.5484459089117605
1944 0.5484459089117605
1945 0.7914791466128275
1946 0.7914791466128275
1947 0.47854944541526273
1948 0.47854944541526273
1949 0.623557324758642
1950 0.623557324758642
1951 0.9367914131338898
1952 0.9367914131338898
1953 0.6861496415482724
1954 0.6861496415482724
1955 0.6335961127387434
1956 0.6335961127387434
1957 0.8850348435334109
1958 0.8850348435334109
1959 0.8830936176799814
1960 0.8830936176799814
1961 0.4852593960113842
1962 0.4852593960113842
1963 0.5932168794622974
1964 0.5932168794622974
1965 0.35279093165016473
1966 0.35279093165016473
1967 0.6950988081624138
1968 0.6950988081624138
1969 0.7700485394339988
1970 0.7700485394339988
1971 0.6356899268046565
1972 0.6356899268046565
1973 0.8399772924219352
1974 0.8399772924219352
1975 0.6930038308515298
1976 0.6930038308515298
1977 0.6409407443679596
1978 0.6409407443679596
1979 0.5778837840520958
1980 0.5778837840520958
1981 0.6727746240094394
1982 0.6727746240094394
1983 0.6739686737170105
1984 0.6739686737170105
1985 0.6884191126290522
1986 0.6884191126290522
1987 0.8155681995894782
1988 0.8155681995894782
1989 0.583507048743403
1990 0.583507048743403
1991 0.6468921476936395
1992 0.6468921476936395
1993 0.47279556251631644
1994 0.47279556251631644
1995 0.5194836496307941
1996 0.5194836496307941
1997 0.37513533545357775
1998 0.37513533545357775
1999 0.6703310201966756
