0 3.166317738176376
1 3.166317738176376
2 3.166317738176376
3 3.166317738176376
4 3.166317738176376
5 3.1222779899051067
6 3.1222779899051067
7 3.1222779899051067
8 3.1222779899051067
9 3.1222779899051067
10 3.4232755382472573
11 3.4232755382472573
12 3.4232755382472573
13 3.4232755382472573
14 3.4232755382472573
15 3.3971354601918855
16 3.3971354601918855
17 3.3971354601918855
18 3.3971354601918855
19 3.3971354601918855
20 3.351520370486287
21 3.351520370486287
22 3.351520370486287
23 3.351520370486287
24 3.351520370486287
25 3.266931564209666
26 3.266931564209666
27 3.266931564209666
28 3.266931564209666
29 3.266931564209666
30 3.370012945971855
31 3.370012945971855
32 3.370012945971855
33 3.370012945971855
34 3.370012945971855
35 3.4429237427053656
36 3.4429237427053656
37 3.4429237427053656
38 3.4429237427053656
39 3.4429237427053656
40 3.3097518518218543
41 3.3097518518218543
42 3.3097518518218543
43 3.3097518518218543
44 3.3097518518218543
45 3.2999182765525013
46 3.2999182765525013
47 3.2999182765525013
48 3.2999182765525013
49 3.2999182765525013
50 3.4171884062102453
51 3.4171884062102453
52 3.4171884062102453
53 3.4171884062102453
54 3.4171884062102453
55 3.474646140398389
56 3.474646140398389
57 3.474646140398389
58 3.474646140398389
59 3.474646140398389
60 3.296642943385014
61 3.296642943385014
62 3.296642943385014
63 3.296642943385014
64 3.296642943385014
65 3.5012860312932728
66 3.5012860312932728
67 3.5012860312932728
68 3.5012860312932728
69 3.5012860312932728
70 3.4189766968220465
71 3.4189766968220465
72 3.4189766968220465
73 3.4189766968220465
74 3.4189766968220465
75 3.114246774551863
76 3.114246774551863
77 3.114246774551863
78 3.114246774551863
79 3.114246774551863
80 3.326546093631848
81 3.326546093631848
82 3.326546093631848
83 3.326546093631848
84 3.326546093631848
85 3.4576062363177966
86 3.4576062363177966
87 3.4576062363177966
88 3.4576062363177966
89 3.4576062363177966
90 3.5888571198645374
91 3.5888571198645374
92 3.5888571198645374
93 3.5888571198645374
94 3.5888571198645374
95 2.980959641006749
96 2.980959641006749
97 2.980959641006749
98 2.980959641006749
99 2.980959641006749
100 3.6349812420764085
101 3.6349812420764085
102 3.6349812420764085
103 3.6349812420764085
104 3.6349812420764085
105 3.3538117749735568
106 3.3538117749735568
107 3.3538117749735568
108 3.3538117749735568
109 3.3538117749735568
110 3.174822344320999
111 3.174822344320999
112 3.174822344320999
113 3.174822344320999
114 3.174822344320999
115 3.3991747900318634
116 3.3991747900318634
117 3.3991747900318634
118 3.3991747900318634
119 3.3991747900318634
120 3.3048418703755704
121 3.3048418703755704
122 3.3048418703755704
123 3.3048418703755704
124 3.3048418703755704
125 3.4934998955850083
126 3.4934998955850083
127 3.4934998955850083
128 3.4934998955850083
129 3.4934998955850083
130 3.2428357677455693
131 3.2428357677455693
132 3.2428357677455693
133 3.2428357677455693
134 3.2428357677455693
135 3.4200385687053148
136 3.4200385687053148
137 3.4200385687053148
138 3.4200385687053148
139 3.4200385687053148
140 3.3313547193183366
141 3.3313547193183366
142 3.3313547193183366
143 3.3313547193183366
144 3.3313547193183366
145 3.258639586179031
146 3.258639586179031
147 3.258639586179031
148 3.258639586179031
149 3.258639586179031
150 3.3259256095434537
151 3.3259256095434537
152 3.3259256095434537
153 3.3259256095434537
154 3.3259256095434537
155 3.7593240808747383
156 3.7593240808747383
157 3.7593240808747383
158 3.7593240808747383
159 3.7593240808747383
160 3.0324442626338026
161 3.0324442626338026
162 3.0324442626338026
163 3.0324442626338026
164 3.0324442626338026
165 3.3206506021219555
166 3.3206506021219555
167 3.3206506021219555
168 3.3206506021219555
169 3.3206506021219555
170 3.1129478331995863
171 3.1129478331995863
172 3.1129478331995863
173 3.1129478331995863
174 3.1129478331995863
175 3.562797433870362
176 3.562797433870362
177 3.562797433870362
178 3.562797433870362
179 3.562797433870362
180 3.2737785234331658
181 3.2737785234331658
182 4.005686351536028
183 4.005686351536028
184 4.005686351536028
185 4.005686351536028
186 4.005686351536028
187 3.9142821163735726
188 3.9142821163735726
189 3.9142821163735726
190 3.9142821163735726
191 3.9142821163735726
192 3.4479701068083317
193 3.4479701068083317
194 3.4479701068083317
195 3.4479701068083317
196 3.4479701068083317
197 3.970156759656006
198 3.970156759656006
199 3.970156759656006
200 3.970156759656006
201 3.970156759656006
202 3.889688367488769
203 3.889688367488769
204 3.889688367488769
205 3.889688367488769
206 3.889688367488769
207 3.620410782006721
208 3.620410782006721
209 3.620410782006721
210 3.620410782006721
211 3.620410782006721
212 3.9880750492664845
213 3.9880750492664845
214 3.9880750492664845
215 3.9880750492664845
216 3.9880750492664845
217 3.7311656072316333
218 3.7311656072316333
219 3.7311656072316333
220 3.7311656072316333
221 3.7311656072316333
222 3.8840834490553346
223 3.8840834490553346
224 3.8840834490553346
225 3.8840834490553346
226 3.8840834490553346
227 3.4648672516821475
228 3.4648672516821475
229 3.4648672516821475
230 3.4648672516821475
231 3.4648672516821475
232 3.7410355830420823
233 3.7410355830420823
234 3.7410355830420823
235 3.7410355830420823
236 3.7410355830420823
237 3.989346126592803
238 3.989346126592803
239 3.989346126592803
240 3.989346126592803
241 3.989346126592803
242 3.5490418396112737
243 3.5490418396112737
244 3.5490418396112737
245 3.5490418396112737
246 3.5490418396112737
247 3.7999995218104505
248 3.7999995218104505
249 3.7999995218104505
250 3.7999995218104505
251 3.7999995218104505
252 3.741019680118379
253 3.741019680118379
254 3.741019680118379
255 3.741019680118379
256 3.741019680118379
257 4.305586110402033
258 4.305586110402033
259 4.305586110402033
260 4.305586110402033
261 4.305586110402033
262 3.6434621148606867
263 3.6434621148606867
264 3.6434621148606867
265 4.133575083521765
266 4.133575083521765
267 4.133575083521765
268 4.133575083521765
269 4.133575083521765
270 4.090672738443407
271 4.090672738443407
272 4.090672738443407
273 4.090672738443407
274 4.090672738443407
275 4.237349583395588
276 4.237349583395588
277 4.237349583395588
278 4.237349583395588
279 4.237349583395588
280 4.336240121276108
281 4.336240121276108
282 4.336240121276108
283 4.336240121276108
284 4.336240121276108
285 4.040596258021857
286 4.040596258021857
287 4.040596258021857
288 4.040596258021857
289 4.040596258021857
290 4.204700832854364
291 4.204700832854364
292 4.204700832854364
293 4.204700832854364
294 4.204700832854364
295 4.193330735119856
296 4.193330735119856
297 4.193330735119856
298 4.193330735119856
299 4.193330735119856
300 4.630566626186957
301 4.630566626186957
302 4.630566626186957
303 4.630566626186957
304 4.630566626186957
305 4.568518344684279
306 4.568518344684279
307 4.568518344684279
308 4.568518344684279
309 4.568518344684279
310 4.797356175332144
311 4.797356175332144
312 4.797356175332144
313 4.797356175332144
314 4.797356175332144
315 3.727448238451474
316 3.727448238451474
317 3.727448238451474
318 3.727448238451474
319 3.727448238451474
320 3.8844745282402244
321 3.8844745282402244
322 3.8844745282402244
323 3.8844745282402244
324 3.8844745282402244
325 4.294049615268999
326 4.294049615268999
327 4.294049615268999
328 4.294049615268999
329 4.294049615268999
330 4.689979066178933
331 4.689979066178933
332 4.689979066178933
333 4.689979066178933
334 4.689979066178933
335 4.303841226615099
336 4.303841226615099
337 4.303841226615099
338 4.303841226615099
339 4.303841226615099
340 4.1630087598969086
341 4.1630087598969086
342 4.1630087598969086
343 4.1630087598969086
344 4.1630087598969086
345 4.151784491364331
346 4.151784491364331
347 4.151784491364331
348 4.151784491364331
349 4.151784491364331
350 4.549151902343729
351 4.549151902343729
352 4.549151902343729
353 4.549151902343729
354 4.549151902343729
355 4.502084397590963
356 4.502084397590963
357 4.502084397590963
358 4.502084397590963
359 4.502084397590963
360 4.618951540069842
361 4.618951540069842
362 4.618951540069842
363 4.618951540069842
364 4.618951540069842
365 4.372583492942611
366 4.372583492942611
367 4.372583492942611
368 4.372583492942611
369 4.372583492942611
370 4.185711304188527
371 4.185711304188527
372 4.185711304188527
373 4.185711304188527
374 4.185711304188527
375 4.1627139170459175
376 4.1627139170459175
377 4.1627139170459175
378 4.1627139170459175
379 4.1627139170459175
380 4.08487186879141
381 4.08487186879141
382 4.08487186879141
383 4.08487186879141
384 4.08487186879141
385 3.8503023734941744
386 3.8503023734941744
387 3.8503023734941744
388 3.8503023734941744
389 3.8503023734941744
390 4.112736421713088
391 4.112736421713088
392 4.112736421713088
393 4.112736421713088
394 4.112736421713088
395 3.9556528063648435
396 3.9556528063648435
397 3.9556528063648435
398 3.9556528063648435
399 3.9556528063648435
400 1.1735063042811489
401 1.1735063042811489
402 1.1735063042811489
403 1.1735063042811489
404 1.1735063042811489
405 1.1464948109516924
406 1.1464948109516924
407 1.1464948109516924
408 1.1464948109516924
409 1.1464948109516924
410 1.218634939723505
411 1.218634939723505
412 1.218634939723505
413 1.218634939723505
414 1.218634939723505
415 1.156597971374002
416 1.156597971374002
417 1.156597971374002
418 1.156597971374002
419 1.156597971374002
420 0.9985351221629779
421 0.9985351221629779
422 0.9985351221629779
423 0.9985351221629779
424 0.9985351221629779
425 1.1890048783515077
426 1.1890048783515077
427 1.1890048783515077
428 1.1890048783515077
429 1.1890048783515077
430 1.0805765811220263
431 1.0805765811220263
432 1.0805765811220263
433 1.0805765811220263
434 1.0805765811220263
435 1.019164427182215
436 1.019164427182215
437 1.019164427182215
438 1.019164427182215
439 1.019164427182215
440 1.1378635090303335
441 0.18005183931752933
442 0.18005183931752933
443 0.18005183931752933
444 0.18005183931752933
445 0.18005183931752933
446 0.19633271298081456
447 0.19633271298081456
448 0.19633271298081456
449 0.19633271298081456
450 0.19633271298081456
451 0.20415670981356318
452 0.20415670981356318
453 0.20415670981356318
454 0.20415670981356318
455 0.20415670981356318
456 0.19372107105660283
457 0.19372107105660283
458 0.19372107105660283
459 0.19372107105660283
460 0.19372107105660283
461 0.19853768205757036
462 0.19853768205757036
463 0.19853768205757036
464 0.19853768205757036
465 0.19853768205757036
466 0.19312581679892687
467 0.19312581679892687
468 0.19312581679892687
469 0.19312581679892687
470 0.19312581679892687
471 0.17457672897695245
472 0.17457672897695245
473 0.17457672897695245
474 0.17457672897695245
475 0.17457672897695245
476 0.20673661645406735
477 0.20673661645406735
478 0.20673661645406735
479 0.20673661645406735
480 0.20673661645406735
481 0.19674796924450888
482 0.19674796924450888
483 0.19674796924450888
484 0.19674796924450888
485 0.19674796924450888
486 0.19536117833218372
487 0.19536117833218372
488 0.19536117833218372
489 0.19536117833218372
490 0.19536117833218372
491 0.21218799416414555
492 0.21218799416414555
493 0.21218799416414555
494 0.21218799416414555
495 0.21218799416414555
496 0.20427578531404111
497 0.20427578531404111
498 0.20427578531404111
499 0.20427578531404111
500 0.20427578531404111
501 0.18305271788210203
502 0.18305271788210203
503 0.18305271788210203
504 0.18305271788210203
505 0.18305271788210203
506 0.20961148056459322
507 0.20961148056459322
508 0.20961148056459322
509 0.20961148056459322
510 0.20961148056459322
511 0.1777024061212567
512 0.1777024061212567
513 0.1777024061212567
514 0.1777024061212567
515 0.1777024061212567
516 0.18976476201117615
517 0.18976476201117615
518 0.18976476201117615
519 0.18976476201117615
520 0.18976476201117615
521 0.19244467106752197
522 0.19244467106752197
523 0.19244467106752197
524 0.19244467106752197
525 0.19244467106752197
526 0.21424653655618647
527 0.21424653655618647
528 0.21424653655618647
529 0.21424653655618647
530 0.21424653655618647
531 0.1826803167534023
532 0.1826803167534023
533 0.1826803167534023
534 0.1826803167534023
535 0.1826803167534023
536 0.20865815632070422
537 0.20865815632070422
538 0.20865815632070422
539 0.20865815632070422
540 0.20865815632070422
541 0.19942347099810556
542 0.19942347099810556
543 0.19942347099810556
544 0.19942347099810556
545 0.19942347099810556
546 0.19047299812812757
547 0.19047299812812757
548 0.19047299812812757
549 0.19047299812812757
550 0.19047299812812757
551 0.6930901701285859
552 0.6930901701285859
553 0.6930901701285859
554 0.6930901701285859
555 0.6930901701285859
556 0.6198545282212469
557 0.6198545282212469
558 0.6198545282212469
559 0.6198545282212469
560 0.6198545282212469
561 0.64135912747657
562 0.64135912747657
563 0.64135912747657
564 0.64135912747657
565 0.64135912747657
566 0.6792350333549811
567 0.6792350333549811
568 0.6792350333549811
569 0.6792350333549811
570 0.6792350333549811
571 0.6467031990754585
572 0.6467031990754585
573 0.6467031990754585
574 0.6467031990754585
575 0.6467031990754585
576 0.723596159328985
577 0.723596159328985
578 0.723596159328985
579 0.723596159328985
580 0.723596159328985
581 0.7159200022062113
582 0.7159200022062113
583 0.7159200022062113
584 0.7159200022062113
585 0.7159200022062113
586 0.6777268085290196
587 0.6777268085290196
588 0.6777268085290196
589 0.6777268085290196
590 0.6777268085290196
591 0.6904794600759564
592 0.6904794600759564
593 0.6904794600759564
594 0.6904794600759564
595 0.6904794600759564
596 0.6724427660355403
597 0.6724427660355403
598 0.6724427660355403
599 0.6724427660355403
600 0.6724427660355403
601 0.6205716116708921
602 0.6205716116708921
603 0.6205716116708921
604 0.6205716116708921
605 0.6205716116708921
606 0.5950419512372482
607 0.5950419512372482
608 0.5950419512372482
609 0.5950419512372482
610 0.5950419512372482
611 0.6279822100971261
612 0.6279822100971261
613 0.6279822100971261
614 0.6279822100971261
615 0.6279822100971261
616 0.6888806877244983
617 0.6888806877244983
618 0.6888806877244983
619 0.6888806877244983
620 1.69245819217794
621 1.69245819217794
622 1.69245819217794
623 1.69245819217794
624 1.69245819217794
625 1.8068356153519307
626 1.8068356153519307
627 1.8068356153519307
628 1.8068356153519307
629 1.8068356153519307
630 2.1704812841811534
631 2.1704812841811534
632 2.1704812841811534
633 2.1704812841811534
634 2.1704812841811534
635 2.1166973587535716
636 2.1166973587535716
637 2.1166973587535716
638 2.1166973587535716
639 2.1166973587535716
640 2.0295723111369015
641 2.0295723111369015
642 2.0295723111369015
643 2.0295723111369015
644 2.0295723111369015
645 1.9943960382776758
646 1.9943960382776758
647 1.9943960382776758
648 1.9943960382776758
649 1.9943960382776758
650 2.205363724456829
651 2.205363724456829
652 2.205363724456829
653 2.205363724456829
654 2.205363724456829
655 1.9839672934900923
656 1.9839672934900923
657 1.9839672934900923
658 1.9839672934900923
659 1.9839672934900923
660 2.202128572144206
661 2.202128572144206
662 2.202128572144206
663 2.202128572144206
664 2.202128572144206
665 1.9463221009248461
666 1.9463221009248461
667 1.9463221009248461
668 1.9463221009248461
669 1.9463221009248461
670 1.8665551256571493
671 1.8665551256571493
672 1.8665551256571493
673 1.8665551256571493
674 1.8665551256571493
675 2.051761631198451
676 2.051761631198451
677 2.051761631198451
678 2.051761631198451
679 2.051761631198451
680 2.0543652585491254
681 2.0543652585491254
682 2.0543652585491254
683 2.0543652585491254
684 2.0543652585491254
685 1.808855572090981
686 1.808855572090981
687 1.808855572090981
688 1.808855572090981
689 1.808855572090981
690 2.0964768901854245
691 2.0964768901854245
692 2.0964768901854245
693 2.0964768901854245
694 2.0964768901854245
695 2.1651015514837426
696 2.1651015514837426
697 2.1651015514837426
698 2.1651015514837426
699 2.1651015514837426
700 1.906236796966737
701 1.906236796966737
702 1.906236796966737
703 1.906236796966737
704 1.906236796966737
705 2.1090351259356392
706 2.1090351259356392
707 2.1090351259356392
708 2.1090351259356392
709 2.1090351259356392
710 2.0267839832685604
711 2.0267839832685604
712 2.0267839832685604
713 2.0267839832685604
714 2.0267839832685604
715 2.233666992023787
716 2.233666992023787
717 2.233666992023787
718 2.233666992023787
719 2.233666992023787
720 2.0038307669415643
721 2.0038307669415643
722 2.0038307669415643
723 2.0038307669415643
724 2.0038307669415643
725 2.2945229667804994
726 2.2945229667804994
727 2.2945229667804994
728 2.2945229667804994
729 2.2945229667804994
730 2.0306881562573404
731 2.0306881562573404
732 2.0306881562573404
733 2.0306881562573404
734 2.0306881562573404
735 2.17839949459356
736 2.17839949459356
737 2.17839949459356
738 2.17839949459356
739 2.17839949459356
740 1.9836325736711513
741 1.9836325736711513
742 1.9836325736711513
743 1.9836325736711513
744 1.9836325736711513
745 1.9302253921004213
746 1.9302253921004213
747 1.9302253921004213
748 1.9302253921004213
749 1.9302253921004213
750 2.3226539533869763
751 2.3226539533869763
752 2.3226539533869763
753 2.3226539533869763
754 2.3226539533869763
755 2.0331127602096317
756 2.0331127602096317
757 2.0331127602096317
758 2.0331127602096317
759 2.0331127602096317
760 2.2343809515501527
761 2.2343809515501527
762 2.2343809515501527
763 2.2343809515501527
764 2.2343809515501527
765 1.8878599468676118
766 1.8878599468676118
767 1.8878599468676118
768 1.8878599468676118
769 1.8878599468676118
770 1.8133546825626232
771 1.8133546825626232
772 1.8133546825626232
773 1.8133546825626232
774 1.8133546825626232
775 2.04364270605706
776 2.04364270605706
777 2.04364270605706
778 2.04364270605706
779 2.04364270605706
780 1.8642384735575321
781 1.8642384735575321
782 1.8642384735575321
783 1.8642384735575321
784 1.8642384735575321
785 1.902524553149366
786 1.902524553149366
787 1.902524553149366
788 1.902524553149366
789 1.902524553149366
790 2.0521599172883995
791 2.0521599172883995
792 2.0521599172883995
793 2.0521599172883995
794 2.0521599172883995
795 2.0263660378690855
796 2.0263660378690855
797 2.0263660378690855
798 2.0263660378690855
799 2.0263660378690855
800 1.808023095064304
801 1.808023095064304
802 1.808023095064304
803 1.808023095064304
804 1.808023095064304
805 1.9875621580449687
806 1.9875621580449687
807 1.9875621580449687
808 1.9875621580449687
809 1.9875621580449687
810 2.075895555720511
811 2.075895555720511
812 2.075895555720511
813 2.075895555720511
814 2.075895555720511
815 2.0648511806560945
816 2.0648511806560945
817 2.0648511806560945
818 2.0648511806560945
819 2.0648511806560945
820 2.294396095804726
821 2.294396095804726
822 2.294396095804726
823 2.294396095804726
824 2.294396095804726
825 1.7992801544986445
826 1.7992801544986445
827 1.7992801544986445
828 1.7992801544986445
829 1.7992801544986445
830 2.328868511477095
831 2.328868511477095
832 2.328868511477095
833 2.328868511477095
834 2.328868511477095
835 1.9158041742030363
836 1.9158041742030363
837 1.9158041742030363
838 1.9158041742030363
839 1.9158041742030363
840 1.8647621701716965
841 1.8647621701716965
842 1.8647621701716965
843 1.8647621701716965
844 1.8647621701716965
845 1.9570693953573592
846 1.9570693953573592
847 1.9570693953573592
848 1.9570693953573592
849 1.9570693953573592
850 2.1084871728278727
851 2.1084871728278727
852 2.1084871728278727
853 2.1084871728278727
854 2.1084871728278727
855 1.8424748030543596
856 1.8424748030543596
857 1.8424748030543596
858 1.8424748030543596
859 1.8424748030543596
860 2.175237621022785
861 2.175237621022785
862 2.175237621022785
863 2.175237621022785
864 2.175237621022785
865 1.825614327957299
866 1.825614327957299
867 1.825614327957299
868 1.825614327957299
869 1.825614327957299
870 1.7603828349107287
871 1.7603828349107287
872 1.7603828349107287
873 1.7603828349107287
874 1.7603828349107287
875 2.0261320383812094
876 2.0261320383812094
877 2.0261320383812094
878 2.0261320383812094
879 2.0261320383812094
880 1.8308921767142925
881 1.8308921767142925
882 1.8308921767142925
883 1.8308921767142925
884 1.8308921767142925
885 1.9915401745151173
886 1.9915401745151173
887 1.9915401745151173
888 1.9915401745151173
889 1.9915401745151173
890 2.1823576949924304
891 2.1823576949924304
892 2.1823576949924304
893 2.1823576949924304
894 2.1823576949924304
895 1.9148628149228604
896 1.9148628149228604
897 1.9148628149228604
898 1.9148628149228604
899 1.9148628149228604
900 1.8735238839821053
901 1.8735238839821053
902 1.8735238839821053
903 1.8735238839821053
904 1.8735238839821053
905 1.975300975356534
906 1.975300975356534
907 1.975300975356534
908 1.975300975356534
909 1.975300975356534
910 1.9985299547646025
911 1.9985299547646025
912 1.9985299547646025
913 1.9985299547646025
914 0.5842274149375041
915 0.5842274149375041
916 0.5842274149375041
917 0.5842274149375041
918 0.5842274149375041
919 0.6744312712236384
920 0.6744312712236384
921 0.6744312712236384
922 0.6744312712236384
923 0.6744312712236384
924 0.6637653132998576
925 0.6637653132998576
926 0.6637653132998576
927 0.6637653132998576
928 0.6637653132998576
929 0.6766800969223418
930 0.6766800969223418
931 0.6766800969223418
932 0.6766800969223418
933 0.6766800969223418
934 0.6364234347344432
935 0.6364234347344432
936 0.6364234347344432
937 0.6364234347344432
938 0.6364234347344432
939 0.6667902242279709
940 0.6667902242279709
941 0.6667902242279709
942 0.6667902242279709
943 0.6667902242279709
944 0.6296024608224637
945 0.6296024608224637
946 0.6296024608224637
947 0.6296024608224637
948 0.6296024608224637
949 0.6572685015220253
950 0.6572685015220253
951 0.6572685015220253
952 0.6572685015220253
953 0.6572685015220253
954 0.6490831650771998
955 0.6490831650771998
956 0.6490831650771998
957 0.6490831650771998
958 0.6490831650771998
959 0.6420416795408529
960 0.6420416795408529
961 0.6420416795408529
962 0.6420416795408529
963 0.6420416795408529
964 0.6765097056808405
965 0.6765097056808405
966 0.6765097056808405
967 0.6765097056808405
968 0.6765097056808405
969 0.6581918400431259
970 0.6581918400431259
971 0.6581918400431259
972 0.6581918400431259
973 0.6581918400431259
974 0.6688338176174005
975 0.6688338176174005
976 0.6688338176174005
977 0.6688338176174005
978 0.6688338176174005
979 0.7125333642071304
980 0.7125333642071304
981 0.7125333642071304
982 0.7125333642071304
983 0.7125333642071304
984 0.6732185375829155
985 0.6732185375829155
986 0.6732185375829155
987 0.6732185375829155
988 0.6732185375829155
989 0.7282547658223643
990 0.7282547658223643
991 0.7282547658223643
992 0.7282547658223643
993 0.7282547658223643
994 0.6714274355062403
995 0.6714274355062403
996 0.6714274355062403
997 0.6714274355062403
998 0.6714274355062403
999 0.6580019390507976
1000 0.6580019390507976
1001 0.6580019390507976
1002 0.6580019390507976
1003 0.6580019390507976
1004 0.7334210429799195
1005 0.7334210429799195
1006 0.7334210429799195
1007 0.7334210429799195
1008 0.7334210429799195
1009 0.6814177211738034
1010 0.6814177211738034
1011 0.6814177211738034
1012 0.6814177211738034
1013 0.6814177211738034
1014 0.675235810747487
1015 0.675235810747487
1016 0.675235810747487
1017 0.675235810747487
1018 0.675235810747487
1019 0.6413083344837764
1020 0.6413083344837764
1021 0.6413083344837764
1022 0.6413083344837764
1023 0.6413083344837764
1024 0.7012543071509212
1025 0.7012543071509212
1026 0.7012543071509212
1027 0.7012543071509212
1028 0.7012543071509212
1029 0.7353726417327756
1030 0.7353726417327756
1031 0.7353726417327756
1032 0.7353726417327756
1033 0.7353726417327756
1034 0.6707917303171519
1035 0.6707917303171519
1036 0.6707917303171519
1037 0.6707917303171519
1038 0.6707917303171519
1039 0.6433785580045881
1040 0.6433785580045881
1041 0.6433785580045881
1042 0.6433785580045881
1043 0.6433785580045881
1044 0.6912207605343215
1045 0.6912207605343215
1046 0.6912207605343215
1047 0.6912207605343215
1048 0.6912207605343215
1049 0.633329858347866
1050 0.633329858347866
1051 0.633329858347866
1052 0.633329858347866
1053 0.633329858347866
1054 0.6922263984203784
1055 0.6922263984203784
1056 0.6922263984203784
1057 0.6922263984203784
1058 0.6922263984203784
1059 0.6925512768835707
1060 0.6925512768835707
1061 0.6925512768835707
1062 0.6925512768835707
1063 0.6925512768835707
1064 0.6426165350839056
1065 0.6426165350839056
1066 0.6426165350839056
1067 0.6426165350839056
1068 0.6426165350839056
1069 0.619662305094602
1070 0.619662305094602
1071 0.619662305094602
1072 0.619662305094602
1073 0.619662305094602
1074 0.6307537466094492
1075 0.6307537466094492
1076 0.6307537466094492
1077 0.6307537466094492
1078 0.6307537466094492
1079 0.6461615824362466
1080 0.6461615824362466
1081 0.6461615824362466
1082 0.6461615824362466
1083 0.6461615824362466
1084 0.7007071117941588
1085 0.7007071117941588
1086 0.7007071117941588
1087 0.7007071117941588
1088 0.7007071117941588
1089 0.6614538011557837
1090 0.6614538011557837
1091 0.6614538011557837
1092 0.6614538011557837
1093 0.6614538011557837
1094 0.683076648450992
1095 0.683076648450992
1096 0.683076648450992
1097 0.683076648450992
1098 0.683076648450992
1099 0.6593618473270529
1100 0.6593618473270529
1101 0.6593618473270529
1102 0.6593618473270529
1103 0.6593618473270529
1104 0.696930434606939
1105 0.696930434606939
1106 0.696930434606939
1107 0.696930434606939
1108 0.696930434606939
1109 0.6640910735504192
1110 0.6640910735504192
1111 0.6640910735504192
1112 0.6640910735504192
1113 0.6640910735504192
1114 0.6783548034315857
1115 3.5381943879663385
1116 3.5381943879663385
1117 3.5381943879663385
1118 3.5381943879663385
1119 3.5381943879663385
1120 3.37416361721959
1121 3.37416361721959
1122 3.37416361721959
1123 3.37416361721959
1124 3.37416361721959
1125 3.2141384430249937
1126 3.2141384430249937
1127 3.2141384430249937
1128 3.2141384430249937
1129 3.2141384430249937
1130 3.277717562990781
1131 3.277717562990781
1132 3.277717562990781
1133 3.277717562990781
1134 0.7068079638092287
1135 0.7068079638092287
1136 0.7068079638092287
1137 0.7068079638092287
1138 0.7068079638092287
1139 0.6419340693412895
1140 0.6419340693412895
1141 0.6419340693412895
1142 0.6419340693412895
1143 0.6419340693412895
1144 0.7185792794613761
1145 0.7185792794613761
1146 0.7185792794613761
1147 0.7185792794613761
1148 0.7185792794613761
1149 0.6316796071324913
1150 0.6316796071324913
1151 0.6316796071324913
1152 0.6316796071324913
1153 0.6316796071324913
1154 0.6004269482901491
1155 0.6004269482901491
1156 0.6004269482901491
1157 0.6004269482901491
1158 0.6004269482901491
1159 0.6553450482698362
1160 0.6553450482698362
1161 0.6553450482698362
1162 0.6553450482698362
1163 0.6553450482698362
1164 0.7348254941367957
1165 0.7348254941367957
1166 0.7348254941367957
1167 0.7348254941367957
1168 0.7348254941367957
1169 0.7269262921387227
1170 0.7269262921387227
1171 0.7269262921387227
1172 0.7269262921387227
1173 0.7269262921387227
1174 0.6779755603457094
1175 0.6779755603457094
1176 0.6779755603457094
1177 0.6779755603457094
1178 0.6779755603457094
1179 0.5901196564001089
1180 0.5901196564001089
1181 0.5901196564001089
1182 0.5901196564001089
1183 0.5901196564001089
1184 0.5917599386333388
1185 0.5917599386333388
1186 0.5917599386333388
1187 0.5917599386333388
1188 0.5917599386333388
1189 0.6590168187865866
1190 0.6590168187865866
1191 0.6590168187865866
1192 0.6590168187865866
1193 0.6590168187865866
1194 0.6183493859049638
1195 0.6183493859049638
1196 0.6183493859049638
1197 0.6183493859049638
1198 0.6183493859049638
1199 0.7576145084203364
1200 0.7576145084203364
1201 0.7576145084203364
1202 0.7576145084203364
1203 0.7576145084203364
1204 0.6570143964361497
1205 0.6570143964361497
1206 0.6570143964361497
1207 0.6570143964361497
1208 0.6570143964361497
1209 0.6738493610509992
1210 0.6738493610509992
1211 0.6738493610509992
1212 0.6738493610509992
1213 0.6738493610509992
1214 0.7136414383389307
1215 0.7136414383389307
1216 0.7136414383389307
1217 0.7136414383389307
1218 0.7136414383389307
1219 0.7479656459332517
1220 0.7479656459332517
1221 0.7479656459332517
1222 0.7479656459332517
1223 0.7479656459332517
1224 0.7033562803561731
1225 0.7033562803561731
1226 0.7033562803561731
1227 0.7033562803561731
1228 0.7033562803561731
1229 0.7049114416578787
1230 0.7049114416578787
1231 0.7049114416578787
1232 0.7049114416578787
1233 0.7049114416578787
1234 0.7275465784565887
1235 0.7275465784565887
1236 0.7275465784565887
1237 0.7275465784565887
1238 0.7275465784565887
1239 0.664480773420665
1240 0.664480773420665
1241 0.664480773420665
1242 0.664480773420665
1243 0.664480773420665
1244 0.6608208956302287
1245 0.6608208956302287
1246 0.6608208956302287
1247 0.6608208956302287
1248 0.6608208956302287
1249 0.6764174932803454
1250 0.6764174932803454
1251 0.6764174932803454
1252 0.6764174932803454
1253 0.6764174932803454
1254 0.6458859091576351
1255 0.6458859091576351
1256 0.6458859091576351
1257 0.6458859091576351
1258 0.6458859091576351
1259 0.6199798073257992
1260 0.6199798073257992
1261 0.6199798073257992
1262 0.6199798073257992
1263 0.6199798073257992
1264 0.6446066607530672
1265 0.6446066607530672
1266 0.6446066607530672
1267 0.6446066607530672
1268 0.6446066607530672
1269 0.5897813990821131
1270 0.5897813990821131
1271 0.5897813990821131
1272 0.5897813990821131
1273 0.5897813990821131
1274 0.6532167323353398
1275 0.6532167323353398
1276 0.6532167323353398
1277 0.6532167323353398
1278 0.6532167323353398
1279 0.6228375285145114
1280 0.6228375285145114
1281 0.6228375285145114
1282 0.6228375285145114
1283 0.6228375285145114
1284 0.6690677760835264
1285 0.6690677760835264
1286 0.6690677760835264
1287 0.6690677760835264
1288 0.6690677760835264
1289 0.6540280248224773
1290 0.6540280248224773
1291 0.6540280248224773
1292 0.6540280248224773
1293 0.6540280248224773
1294 0.7071129800494219
1295 0.7071129800494219
1296 0.7071129800494219
1297 0.7071129800494219
1298 0.7071129800494219
1299 0.7055738672535666
1300 0.7055738672535666
1301 0.7055738672535666
1302 0.7055738672535666
1303 0.7055738672535666
1304 0.6773585217356329
1305 0.6773585217356329
1306 1.5002227485414337
1307 1.5002227485414337
1308 1.5002227485414337
1309 1.5002227485414337
1310 1.5002227485414337
1311 1.489843326064068
1312 1.489843326064068
1313 1.489843326064068
1314 1.489843326064068
1315 1.489843326064068
1316 1.6453218932438565
1317 1.6453218932438565
1318 1.6453218932438565
1319 1.6453218932438565
1320 1.6453218932438565
1321 1.6343567297011674
1322 1.6343567297011674
1323 1.6343567297011674
1324 1.6343567297011674
1325 1.6343567297011674
1326 1.8190604182205083
1327 1.8190604182205083
1328 1.8190604182205083
1329 1.8190604182205083
1330 1.8190604182205083
1331 1.549596693690259
1332 1.549596693690259
1333 1.549596693690259
1334 1.549596693690259
1335 1.549596693690259
1336 1.4488583723810036
1337 1.4488583723810036
1338 1.4488583723810036
1339 1.4488583723810036
1340 1.4488583723810036
1341 1.5033896581243593
1342 1.5033896581243593
1343 1.5033896581243593
1344 1.5033896581243593
1345 1.5033896581243593
1346 1.5063139037654694
1347 1.5063139037654694
1348 1.5063139037654694
1349 1.5063139037654694
1350 1.5063139037654694
1351 1.514277986584751
1352 1.514277986584751
1353 1.514277986584751
1354 1.514277986584751
1355 1.514277986584751
1356 1.5999781833782254
1357 1.5999781833782254
1358 1.5999781833782254
1359 1.5999781833782254
1360 1.5999781833782254
1361 1.5084372198563405
1362 1.5084372198563405
1363 1.5084372198563405
1364 1.5084372198563405
1365 1.5084372198563405
1366 1.4624235014595506
1367 1.4624235014595506
1368 1.4624235014595506
1369 1.4624235014595506
1370 1.4624235014595506
1371 1.7961148043907806
1372 1.7961148043907806
1373 4.170304070619778
1374 4.170304070619778
1375 4.170304070619778
1376 4.170304070619778
1377 4.170304070619778
1378 4.061656785107854
1379 4.061656785107854
1380 4.061656785107854
1381 4.061656785107854
1382 4.061656785107854
1383 3.698110448360848
1384 3.698110448360848
1385 3.698110448360848
1386 3.698110448360848
1387 3.698110448360848
1388 3.6662673730054225
1389 3.6662673730054225
1390 3.6662673730054225
1391 3.6662673730054225
1392 3.6662673730054225
1393 3.7804589816756513
1394 3.7804589816756513
1395 3.7804589816756513
1396 3.7804589816756513
1397 3.7804589816756513
1398 3.729415099722254
1399 3.729415099722254
1400 3.729415099722254
1401 3.729415099722254
1402 3.729415099722254
1403 4.11983799966579
1404 4.11983799966579
1405 4.11983799966579
1406 4.11983799966579
1407 4.11983799966579
1408 4.095379255594291
1409 4.095379255594291
1410 4.095379255594291
1411 4.095379255594291
1412 4.095379255594291
1413 3.776041986462426
1414 3.776041986462426
1415 3.776041986462426
1416 3.776041986462426
1417 3.776041986462426
1418 3.729921405403215
1419 3.729921405403215
1420 3.729921405403215
1421 3.729921405403215
1422 3.729921405403215
1423 4.184996221566181
1424 4.184996221566181
1425 4.184996221566181
1426 4.184996221566181
1427 4.184996221566181
1428 3.38486463799451
1429 3.38486463799451
1430 3.38486463799451
1431 3.38486463799451
1432 3.38486463799451
1433 3.5826163326609892
1434 3.5826163326609892
1435 3.5826163326609892
1436 3.5826163326609892
1437 3.5826163326609892
1438 4.017442230253737
1439 4.017442230253737
1440 4.017442230253737
1441 4.017442230253737
1442 4.017442230253737
1443 4.011967929579414
1444 4.011967929579414
1445 4.011967929579414
1446 4.011967929579414
1447 4.011967929579414
1448 3.6757045841146
1449 3.6757045841146
1450 3.6757045841146
1451 3.6757045841146
1452 3.6757045841146
1453 3.5895183891412903
1454 3.5895183891412903
1455 3.5895183891412903
1456 3.5895183891412903
1457 3.5895183891412903
1458 3.5322497002400994
1459 3.5322497002400994
1460 3.5322497002400994
1461 3.5322497002400994
1462 3.5322497002400994
1463 3.927974642901819
1464 3.927974642901819
1465 3.927974642901819
1466 3.927974642901819
1467 3.927974642901819
1468 4.189095430408152
1469 4.189095430408152
1470 4.189095430408152
1471 4.189095430408152
1472 4.189095430408152
1473 3.9782109711136195
1474 3.9782109711136195
1475 3.9782109711136195
1476 3.9782109711136195
1477 3.9782109711136195
1478 4.089735459898994
1479 4.089735459898994
1480 4.089735459898994
1481 4.089735459898994
1482 4.089735459898994
1483 3.7485126564955444
1484 3.7485126564955444
1485 3.7485126564955444
1486 3.7485126564955444
1487 3.7485126564955444
1488 3.587091273728121
1489 3.587091273728121
1490 3.587091273728121
1491 3.587091273728121
1492 3.587091273728121
1493 3.7178882413061425
1494 3.7178882413061425
1495 3.7178882413061425
1496 3.7178882413061425
1497 3.7178882413061425
1498 3.9269673155470954
1499 3.9269673155470954
1500 3.9269673155470954
1501 3.9269673155470954
1502 3.9269673155470954
1503 3.9787418554171157
1504 3.9787418554171157
1505 3.9787418554171157
1506 3.9787418554171157
1507 3.9787418554171157
1508 4.269099415593546
1509 4.269099415593546
1510 4.269099415593546
1511 4.269099415593546
1512 4.269099415593546
1513 4.083832138661211
1514 4.083832138661211
1515 4.083832138661211
1516 4.083832138661211
1517 4.083832138661211
1518 3.715091588777124
1519 3.715091588777124
1520 3.715091588777124
1521 3.715091588777124
1522 3.715091588777124
1523 4.289083019093632
1524 1.2020768455877602
1525 1.2020768455877602
1526 1.2020768455877602
1527 1.2020768455877602
1528 1.2020768455877602
1529 1.0681495305452735
1530 1.0681495305452735
1531 1.0681495305452735
1532 1.0681495305452735
1533 1.0681495305452735
1534 1.0580823954007033
1535 1.0580823954007033
1536 1.0580823954007033
1537 1.0580823954007033
1538 1.0580823954007033
1539 1.216334444888981
1540 1.216334444888981
1541 1.216334444888981
1542 1.216334444888981
1543 1.216334444888981
1544 1.0796615942014414
1545 1.0796615942014414
1546 1.0796615942014414
1547 1.0796615942014414
1548 1.0796615942014414
1549 1.0731213773271535
1550 1.0731213773271535
1551 1.0731213773271535
1552 1.0731213773271535
1553 1.0731213773271535
1554 1.0395992443902318
1555 1.0395992443902318
1556 1.0395992443902318
1557 1.0395992443902318
1558 1.0395992443902318
1559 1.107325403102505
1560 1.107325403102505
1561 1.107325403102505
1562 1.107325403102505
1563 1.107325403102505
1564 1.0717244243809925
1565 1.0717244243809925
1566 1.0717244243809925
1567 1.0717244243809925
1568 3.544823429985475
1569 3.544823429985475
1570 3.544823429985475
1571 3.544823429985475
1572 3.544823429985475
1573 3.0619037113259067
1574 3.0619037113259067
1575 3.0619037113259067
1576 3.0619037113259067
1577 3.0619037113259067
1578 3.3321170535086395
1579 3.3321170535086395
1580 3.3321170535086395
1581 3.3321170535086395
1582 3.3321170535086395
1583 3.1998851803994706
1584 3.1998851803994706
1585 3.1998851803994706
1586 3.1998851803994706
1587 3.1998851803994706
1588 2.842200578099589
1589 2.842200578099589
1590 2.842200578099589
1591 2.842200578099589
1592 2.842200578099589
1593 3.341201123232837
1594 3.341201123232837
1595 3.341201123232837
1596 3.341201123232837
1597 3.341201123232837
1598 3.3867490912665907
1599 3.3867490912665907
1600 3.3867490912665907
1601 3.3867490912665907
1602 3.3867490912665907
1603 3.599474618767782
1604 3.599474618767782
1605 3.599474618767782
1606 3.599474618767782
1607 3.599474618767782
1608 3.2872302240462146
1609 3.2872302240462146
1610 3.2872302240462146
1611 3.2872302240462146
1612 3.2872302240462146
1613 3.2984406304559655
1614 3.2984406304559655
1615 3.2984406304559655
1616 3.2984406304559655
1617 3.2984406304559655
1618 3.4266545269178064
1619 3.4266545269178064
1620 3.4266545269178064
1621 3.4266545269178064
1622 3.4266545269178064
1623 3.8001227373546866
1624 3.8001227373546866
1625 3.8001227373546866
1626 3.8001227373546866
1627 3.8001227373546866
1628 2.932943876740136
1629 2.932943876740136
1630 2.932943876740136
1631 2.932943876740136
1632 2.932943876740136
1633 3.5584284323026534
1634 3.5584284323026534
1635 3.5584284323026534
1636 3.5584284323026534
1637 3.5584284323026534
1638 3.474221213002603
1639 3.474221213002603
1640 3.474221213002603
1641 3.474221213002603
1642 3.474221213002603
1643 3.587235365156651
1644 3.587235365156651
1645 3.587235365156651
1646 3.587235365156651
1647 3.587235365156651
1648 3.5080364387818697
1649 3.5080364387818697
1650 3.5080364387818697
1651 3.5080364387818697
1652 3.5080364387818697
1653 3.535132386500506
1654 3.535132386500506
1655 3.535132386500506
1656 3.535132386500506
1657 3.535132386500506
1658 2.9241503797361488
1659 2.9241503797361488
1660 2.9241503797361488
1661 2.9241503797361488
1662 2.9241503797361488
1663 3.181247362747083
1664 3.181247362747083
1665 3.181247362747083
1666 3.181247362747083
1667 3.181247362747083
1668 3.513602537608876
1669 3.513602537608876
1670 3.513602537608876
1671 3.513602537608876
1672 3.513602537608876
1673 3.615077404687488
1674 3.615077404687488
1675 3.615077404687488
1676 3.615077404687488
1677 3.615077404687488
1678 3.31419116553831
1679 1.0485659727003762
1680 1.0485659727003762
1681 1.0485659727003762
1682 1.0485659727003762
1683 1.0485659727003762
1684 1.1726583590808115
1685 1.1726583590808115
1686 1.1726583590808115
1687 1.1726583590808115
1688 1.1726583590808115
1689 1.0633958292797177
1690 1.0633958292797177
1691 1.0633958292797177
1692 1.0633958292797177
1693 1.0633958292797177
1694 1.0402458006864699
1695 1.0402458006864699
1696 1.0402458006864699
1697 1.0402458006864699
1698 1.0402458006864699
1699 1.123291436735277
1700 1.123291436735277
1701 1.123291436735277
1702 1.123291436735277
1703 1.123291436735277
1704 1.147187397236884
1705 1.147187397236884
1706 1.147187397236884
1707 1.147187397236884
1708 1.147187397236884
1709 1.1652819544061335
1710 1.1652819544061335
1711 1.1652819544061335
1712 1.1652819544061335
1713 1.1652819544061335
1714 1.1439818405604258
1715 1.1439818405604258
1716 1.1439818405604258
1717 1.1439818405604258
1718 1.1439818405604258
1719 1.225122312627823
1720 1.225122312627823
1721 1.225122312627823
1722 1.225122312627823
1723 1.225122312627823
1724 1.1664656851933393
1725 1.1664656851933393
1726 1.1664656851933393
1727 1.1664656851933393
1728 1.1664656851933393
1729 1.25937700818009
1730 1.25937700818009
1731 1.25937700818009
1732 1.25937700818009
1733 1.25937700818009
1734 1.0945306676271378
1735 1.0945306676271378
1736 1.0945306676271378
1737 1.0945306676271378
1738 1.0945306676271378
1739 0.9936211763545674
1740 0.9936211763545674
1741 0.9936211763545674
1742 0.9936211763545674
1743 0.9936211763545674
1744 1.0602941575636888
1745 1.0602941575636888
1746 1.0602941575636888
1747 1.0602941575636888
1748 1.0602941575636888
1749 1.035381123063066
1750 1.035381123063066
1751 1.035381123063066
1752 1.035381123063066
1753 1.035381123063066
1754 1.0386700986545243
1755 1.0386700986545243
1756 1.0386700986545243
1757 1.0386700986545243
1758 1.0386700986545243
1759 1.15132256252731
1760 1.15132256252731
1761 1.15132256252731
1762 1.15132256252731
1763 1.15132256252731
1764 1.1884601681162195
1765 1.1884601681162195
1766 1.1884601681162195
1767 1.1884601681162195
1768 1.1884601681162195
1769 1.1678332086382737
1770 1.1678332086382737
1771 1.1678332086382737
1772 1.1678332086382737
1773 1.1678332086382737
1774 1.0392824420986875
1775 1.0392824420986875
1776 1.0392824420986875
1777 1.0392824420986875
1778 1.0392824420986875
1779 1.1747069501492873
1780 1.1747069501492873
1781 1.1747069501492873
1782 1.1747069501492873
1783 1.1747069501492873
1784 1.1239978440422176
1785 1.1239978440422176
1786 1.1239978440422176
1787 1.1239978440422176
1788 1.1239978440422176
1789 0.9260407070399895
1790 0.9260407070399895
1791 0.9260407070399895
1792 1.5535110223227577
1793 1.5535110223227577
1794 1.5535110223227577
1795 1.5535110223227577
1796 1.5535110223227577
1797 1.5116329485953572
1798 1.5116329485953572
1799 1.5116329485953572
1800 1.5116329485953572
1801 1.5116329485953572
1802 1.4929986539095346
1803 1.4929986539095346
1804 1.4929986539095346
1805 1.4929986539095346
1806 1.4929986539095346
1807 1.5893402942483377
1808 1.5893402942483377
1809 1.5893402942483377
1810 1.5893402942483377
1811 1.5893402942483377
1812 1.5341351928118296
1813 1.5341351928118296
1814 1.5341351928118296
1815 1.5341351928118296
1816 1.5341351928118296
1817 1.6806319000199998
1818 1.6806319000199998
1819 1.6806319000199998
1820 1.6806319000199998
1821 1.6806319000199998
1822 1.5133912461487766
1823 1.5133912461487766
1824 1.5133912461487766
1825 1.5133912461487766
1826 1.5133912461487766
1827 1.392361192840452
1828 1.392361192840452
1829 1.392361192840452
1830 1.392361192840452
1831 1.392361192840452
1832 2.2935351656808556
1833 2.2935351656808556
1834 2.2935351656808556
1835 2.2935351656808556
1836 2.2935351656808556
1837 2.2107291244634766
1838 2.2107291244634766
1839 2.2107291244634766
1840 2.2107291244634766
1841 2.2107291244634766
1842 2.4881840867804694
1843 2.4881840867804694
1844 2.4881840867804694
1845 2.4881840867804694
1846 2.4881840867804694
1847 2.4852179800596366
1848 2.4852179800596366
1849 2.4852179800596366
1850 2.4852179800596366
1851 2.4852179800596366
1852 2.3516127973979617
1853 2.3516127973979617
1854 2.3516127973979617
1855 2.3516127973979617
1856 2.3516127973979617
1857 2.428863120220916
1858 2.428863120220916
1859 2.428863120220916
1860 2.428863120220916
1861 2.428863120220916
1862 2.4292526778792065
1863 2.4292526778792065
1864 2.4292526778792065
1865 2.4292526778792065
1866 2.4292526778792065
1867 2.6126748433774205
1868 2.6126748433774205
1869 2.6126748433774205
1870 2.6126748433774205
1871 2.6126748433774205
1872 2.806268668396279
1873 2.806268668396279
1874 2.806268668396279
1875 2.806268668396279
1876 2.806268668396279
1877 2.356483323305486
1878 2.356483323305486
1879 2.356483323305486
1880 2.356483323305486
1881 2.356483323305486
1882 2.746990090951032
1883 2.746990090951032
1884 2.746990090951032
1885 2.746990090951032
1886 2.746990090951032
1887 2.339777968042617
1888 2.339777968042617
1889 2.339777968042617
1890 2.339777968042617
1891 2.339777968042617
1892 2.4443048829896474
1893 2.4443048829896474
1894 2.4443048829896474
1895 2.4443048829896474
1896 2.4443048829896474
1897 2.393091534987274
1898 2.393091534987274
1899 2.393091534987274
1900 2.393091534987274
1901 2.393091534987274
1902 2.630125679186214
1903 2.630125679186214
1904 2.630125679186214
1905 2.630125679186214
1906 2.630125679186214
1907 2.484859450142691
1908 2.484859450142691
1909 2.484859450142691
1910 2.484859450142691
1911 2.484859450142691
1912 2.2786992758032243
1913 2.2786992758032243
1914 2.2786992758032243
1915 2.2786992758032243
1916 2.2786992758032243
1917 2.375836958211386
1918 2.375836958211386
1919 2.375836958211386
1920 2.375836958211386
1921 2.375836958211386
1922 2.3238956104368316
1923 2.3238956104368316
1924 2.3238956104368316
1925 2.3238956104368316
1926 2.3238956104368316
1927 2.469312813041462
1928 2.469312813041462
1929 2.469312813041462
1930 2.469312813041462
1931 2.469312813041462
1932 2.4412259415891264
1933 2.4412259415891264
1934 2.4412259415891264
1935 2.4412259415891264
1936 2.4412259415891264
1937 1.1361555070655585
1938 1.1361555070655585
1939 1.1361555070655585
1940 1.1361555070655585
1941 1.1361555070655585
1942 1.0975841860793314
1943 1.0975841860793314
1944 1.0975841860793314
1945 1.0975841860793314
1946 1.0975841860793314
1947 1.143224873735936
1948 1.143224873735936
1949 1.143224873735936
1950 1.143224873735936
1951 1.143224873735936
1952 1.1125866791454373
1953 1.1125866791454373
1954 1.1125866791454373
1955 1.1125866791454373
1956 1.1125866791454373
1957 1.1385039954738885
1958 1.1385039954738885
1959 1.1385039954738885
1960 1.1385039954738885
1961 1.1385039954738885
1962 1.0362674336818447
1963 1.0362674336818447
1964 1.0362674336818447
1965 1.0362674336818447
1966 1.0362674336818447
1967 0.9818811657912927
1968 0.9818811657912927
1969 0.9818811657912927
1970 0.9818811657912927
1971 0.9818811657912927
1972 1.1546306014325312
1973 1.1546306014325312
1974 1.1546306014325312
1975 1.1546306014325312
1976 1.1546306014325312
1977 1.065900227950724
1978 1.065900227950724
1979 1.065900227950724
1980 1.065900227950724
1981 1.065900227950724
1982 1.1745437027906214
1983 1.1745437027906214
1984 1.1745437027906214
1985 1.1745437027906214
1986 1.1745437027906214
1987 1.00002308125245
1988 1.00002308125245
1989 1.00002308125245
1990 1.00002308125245
1991 1.00002308125245
1992 1.1127562314730888
1993 1.1127562314730888
1994 1.1127562314730888
1995 1.1127562314730888
1996 1.1127562314730888
1997 1.200601171553883
1998 1.200601171553883
1999 1.200601171553883
