0 1.2920564291731917
1 1.2920564291731917
2 1.2920564291731917
3 1.4732141500552984
4 1.4732141500552984
5 1.4732141500552984
6 0.5033899118535803
7 0.5033899118535803
8 0.5033899118535803
9 1.2632121883078766
10 1.2632121883078766
11 1.2632121883078766
12 1.1839833327115976
13 1.1839833327115976
14 1.1839833327115976
15 1.082022019638031
16 1.082022019638031
17 1.082022019638031
18 0.9514437231240084
19 0.9514437231240084
20 0.9514437231240084
21 0.5121715477262946
22 0.5121715477262946
23 0.5121715477262946
24 1.1335279684177788
25 1.1335279684177788
26 1.1335279684177788
27 1.7573310133391518
28 1.7573310133391518
29 1.7573310133391518
30 1.2612103861153305
31 1.2612103861153305
32 1.2612103861153305
33 1.4036859584863648
34 1.4036859584863648
35 1.4036859584863648
36 1.7178990208053517
37 1.7178990208053517
38 1.7178990208053517
39 0.8345232189773846
40 0.8345232189773846
41 0.8345232189773846
42 1.0409884666050955
43 1.0409884666050955
44 1.0409884666050955
45 1.164596334289805
46 1.164596334289805
47 1.164596334289805
48 0.5056486248361918
49 0.5056486248361918
50 0.5056486248361918
51 1.2966339080142317
52 1.2966339080142317
53 1.2966339080142317
54 1.2525186241792918
55 1.2525186241792918
56 1.2525186241792918
57 1.2430116557329174
58 1.2430116557329174
59 1.2430116557329174
60 1.857923482960782
61 1.857923482960782
62 1.857923482960782
63 2.3362645278578973
64 2.3362645278578973
65 2.3362645278578973
66 1.7578730485530722
67 1.7578730485530722
68 1.7578730485530722
69 0.8155313525752517
70 0.8155313525752517
71 0.8155313525752517
72 1.6855014579994951
73 1.6855014579994951
74 1.6855014579994951
75 0.4201219300742932
76 0.4201219300742932
77 0.4201219300742932
78 1.7438101863284405
79 1.7438101863284405
80 1.7438101863284405
81 0.7525337141471686
82 0.7525337141471686
83 0.7525337141471686
84 1.7328047957976151
85 2.8863083892035695
86 2.8863083892035695
87 2.8863083892035695
88 2.083901056749457
89 2.083901056749457
90 2.083901056749457
91 2.654663665962825
92 2.654663665962825
93 2.654663665962825
94 4.942969998851422
95 4.942969998851422
96 4.942969998851422
97 0.8767526684461651
98 0.8767526684461651
99 0.8767526684461651
100 2.2206209889234216
101 2.2206209889234216
102 2.2206209889234216
103 1.647848921042181
104 1.647848921042181
105 1.647848921042181
106 2.7989678225473478
107 2.7989678225473478
108 2.7989678225473478
109 2.7647285782223148
110 2.7647285782223148
111 2.7647285782223148
112 1.1621696958885555
113 1.1621696958885555
114 1.1621696958885555
115 2.3759668366532747
116 2.3759668366532747
117 2.3759668366532747
118 2.5596250527481246
119 2.5596250527481246
120 2.5596250527481246
121 2.7738236914545373
122 2.7738236914545373
123 2.7738236914545373
124 3.166162403457985
125 3.166162403457985
126 3.166162403457985
127 3.069117414729315
128 3.069117414729315
129 3.069117414729315
130 2.775276949258005
131 2.775276949258005
132 2.775276949258005
133 2.3311007865571063
134 2.3311007865571063
135 2.3311007865571063
136 2.449815995444602
137 2.449815995444602
138 2.449815995444602
139 2.811819923284234
140 2.811819923284234
141 2.811819923284234
142 2.588206078150209
143 2.588206078150209
144 2.588206078150209
145 1.0333515648173581
146 1.0333515648173581
147 1.0333515648173581
148 1.6458114022409154
149 1.6458114022409154
150 1.6458114022409154
151 3.2330751765170342
152 3.2330751765170342
153 3.2330751765170342
154 2.5101736781513
155 2.5101736781513
156 2.5101736781513
157 3.525501230871971
158 3.525501230871971
159 3.525501230871971
160 3.36736749160805
161 3.36736749160805
162 3.36736749160805
163 2.9986270227567413
164 2.9986270227567413
165 2.9986270227567413
166 3.8013589827145884
167 3.8013589827145884
168 3.8013589827145884
169 3.398281925069161
170 3.398281925069161
171 3.398281925069161
172 3.2086842092183243
173 3.2086842092183243
174 3.2086842092183243
175 2.8431658237765842
176 2.8431658237765842
177 2.8431658237765842
178 3.009346941212027
179 3.009346941212027
180 3.009346941212027
181 2.559796387140771
182 2.559796387140771
183 2.559796387140771
184 2.231674068241849
185 2.231674068241849
186 2.231674068241849
187 1.7152116638314063
188 1.7152116638314063
189 1.7152116638314063
190 1.2277927824082768
191 1.2277927824082768
192 1.2277927824082768
193 2.558861808453029
194 2.558861808453029
195 2.558861808453029
196 1.3027785605481228
197 1.3027785605481228
198 1.3027785605481228
199 0.7513450862773352
200 0.7513450862773352
201 0.7513450862773352
202 3.823348110464382
203 3.823348110464382
204 3.823348110464382
205 1.2925715186473932
206 1.2925715186473932
207 1.2925715186473932
208 2.30832209766784
209 2.30832209766784
210 2.30832209766784
211 2.8000214162792094
212 2.8000214162792094
213 2.8000214162792094
214 3.3477625019434587
215 3.3477625019434587
216 3.3477625019434587
217 3.587022428372408
218 3.587022428372408
219 3.587022428372408
220 2.048962249981675
221 2.048962249981675
222 2.048962249981675
223 2.636311431029456
224 2.636311431029456
225 2.636311431029456
226 1.815261148332975
227 1.815261148332975
228 1.815261148332975
229 2.4135788525540516
230 2.4135788525540516
231 2.4135788525540516
232 2.4686358561292345
233 2.4686358561292345
234 2.4686358561292345
235 2.135363801419078
236 2.135363801419078
237 2.135363801419078
238 2.1892909213602425
239 2.1892909213602425
240 2.1892909213602425
241 3.325476715209689
242 3.325476715209689
243 3.325476715209689
244 2.0421089195401274
245 2.0421089195401274
246 2.0421089195401274
247 2.3292355845276296
248 2.3292355845276296
249 2.3292355845276296
250 2.851487899225597
251 2.851487899225597
252 2.851487899225597
253 3.241147210863091
254 3.241147210863091
255 3.241147210863091
256 1.9364918029561942
257 1.9364918029561942
258 1.9364918029561942
259 4.405957092982412
260 4.405957092982412
261 4.405957092982412
262 3.0262137313753064
263 3.0262137313753064
264 3.0262137313753064
265 2.1645617553611856
266 2.1645617553611856
267 2.1645617553611856
268 3.0250519195508687
269 3.0250519195508687
270 3.0250519195508687
271 1.7112019688255429
272 1.7112019688255429
273 1.7112019688255429
274 3.9290334011400008
275 3.9290334011400008
276 3.9290334011400008
277 3.027949089791052
278 3.027949089791052
279 3.027949089791052
280 2.251414472040048
281 2.251414472040048
282 2.251414472040048
283 1.2556872078923884
284 1.2556872078923884
285 0.6839115261843733
286 0.6839115261843733
287 0.6839115261843733
288 0.6354087801008144
289 0.6354087801008144
290 0.6354087801008144
291 0.6831464218949402
292 0.6831464218949402
293 0.6831464218949402
294 0.5395101658613735
295 0.5395101658613735
296 0.5395101658613735
297 0.6070203991813684
298 0.6070203991813684
299 0.6070203991813684
300 0.5349370789174825
301 0.5349370789174825
302 0.5349370789174825
303 0.9625764729956072
304 0.9625764729956072
305 0.9625764729956072
306 0.5043400418442743
307 0.5043400418442743
308 0.5043400418442743
309 0.6510713593088483
310 0.6510713593088483
311 0.6510713593088483
312 0.8225171845427757
313 0.8225171845427757
314 0.8225171845427757
315 0.5435958886619823
316 0.5435958886619823
317 0.5435958886619823
318 0.6282160275078612
319 0.6282160275078612
320 0.6282160275078612
321 0.39850732518761905
322 0.39850732518761905
323 0.39850732518761905
324 0.34402131265475866
325 0.34402131265475866
326 0.34402131265475866
327 0.4401679977130689
328 0.4401679977130689
329 0.4401679977130689
330 0.848063994731248
331 0.848063994731248
332 0.848063994731248
333 0.4404348340286335
334 0.4404348340286335
335 0.4404348340286335
336 0.7641445096257189
337 0.7641445096257189
338 0.7641445096257189
339 0.427230795751281
340 0.427230795751281
341 0.427230795751281
342 0.3583211743848775
343 0.3583211743848775
344 0.3583211743848775
345 0.6767341837418458
346 0.6767341837418458
347 0.6767341837418458
348 0.521935811046325
349 0.521935811046325
350 0.521935811046325
351 0.8314597945144602
352 0.8314597945144602
353 0.8314597945144602
354 0.6313856693465971
355 0.6313856693465971
356 0.6313856693465971
357 0.6856851514870245
358 0.6856851514870245
359 0.6856851514870245
360 0.9006237010161491
361 0.9006237010161491
362 0.9006237010161491
363 0.9067984609525139
364 0.9067984609525139
365 0.9067984609525139
366 0.5767650157929294
367 0.5767650157929294
368 0.5767650157929294
369 0.6489555637529941
370 0.6489555637529941
371 0.6489555637529941
372 0.8411761184829029
373 0.8411761184829029
374 0.8411761184829029
375 0.37934975220967576
376 0.37934975220967576
377 0.37934975220967576
378 0.3913232852312244
379 0.3913232852312244
380 0.3913232852312244
381 0.5382023461716995
382 0.5382023461716995
383 0.5382023461716995
384 1.1518339814946117
385 1.1518339814946117
386 1.1518339814946117
387 0.40822191443047623
388 0.40822191443047623
389 0.40822191443047623
390 0.4373674966196034
391 0.4373674966196034
392 0.4373674966196034
393 0.7437164934291268
394 0.7437164934291268
395 0.7437164934291268
396 0.5929008873791751
397 0.5929008873791751
398 0.5929008873791751
399 0.6758656718424175
400 0.6758656718424175
401 0.6758656718424175
402 1.133559364147405
403 1.133559364147405
404 1.133559364147405
405 0.5772410126634694
406 0.5772410126634694
407 0.5772410126634694
408 0.7939611871955168
409 0.7939611871955168
410 0.7939611871955168
411 0.5696786444678721
412 0.5696786444678721
413 0.5696786444678721
414 0.39821298025663976
415 0.39821298025663976
416 0.39821298025663976
417 0.652630586589521
418 0.28248405770988455
419 0.28248405770988455
420 0.28248405770988455
421 0.1838924703211035
422 0.1838924703211035
423 0.1838924703211035
424 0.12102749660537129
425 0.12102749660537129
426 0.12102749660537129
427 0.16981865492747047
428 0.16981865492747047
429 0.16981865492747047
430 0.14629703928152266
431 0.14629703928152266
432 0.14629703928152266
433 0.1407626896095765
434 0.1407626896095765
435 0.1407626896095765
436 0.25336685895507843
437 0.25336685895507843
438 0.25336685895507843
439 0.11720375538781783
440 0.11720375538781783
441 0.11720375538781783
442 0.30419985288327706
443 0.30419985288327706
444 0.30419985288327706
445 0.2315996203979139
446 0.2315996203979139
447 0.2315996203979139
448 0.12464673171802218
449 0.12464673171802218
450 0.12464673171802218
451 0.2551866900707599
452 0.2551866900707599
453 0.2551866900707599
454 0.16091198369385765
455 0.16091198369385765
456 0.16091198369385765
457 0.15045110128800793
458 0.15045110128800793
459 0.15045110128800793
460 0.18138569570855265
461 0.18138569570855265
462 0.18138569570855265
463 0.10960168585109416
464 0.10960168585109416
465 0.10960168585109416
466 0.23045656744202933
467 0.23045656744202933
468 0.23045656744202933
469 0.23826275621643486
470 0.23826275621643486
471 0.23826275621643486
472 0.1736818764825535
473 0.1736818764825535
474 0.1736818764825535
475 0.15889239417144346
476 0.15889239417144346
477 0.15889239417144346
478 0.18956624995870058
479 0.18956624995870058
480 0.18956624995870058
481 0.18474576397659218
482 0.18474576397659218
483 0.18474576397659218
484 0.20558770270647855
485 0.20558770270647855
486 0.20558770270647855
487 0.10375419167433163
488 0.10375419167433163
489 0.10375419167433163
490 0.27833269516375964
491 0.27833269516375964
492 0.27833269516375964
493 0.12368693825940902
494 0.12368693825940902
495 0.12368693825940902
496 0.1
497 0.1
498 0.1
499 0.2750127376855363
500 0.2750127376855363
501 0.2750127376855363
502 0.22418365274343477
503 0.22418365274343477
504 0.22418365274343477
505 0.10911534075744397
506 0.10911534075744397
507 0.10911534075744397
508 0.14400052366283972
509 0.14400052366283972
510 0.14400052366283972
511 0.27609732539603477
512 0.27609732539603477
513 0.27609732539603477
514 0.23419750245076149
515 0.23419750245076149
516 0.23419750245076149
517 0.2459505709708253
518 0.2459505709708253
519 0.2459505709708253
520 0.16072833237351297
521 0.16072833237351297
522 0.16072833237351297
523 0.1
524 0.1
525 0.1
526 0.2519236886881528
527 0.2519236886881528
528 0.2519236886881528
529 0.3133550290639683
530 0.3133550290639683
531 0.3133550290639683
532 0.20580976067223417
533 0.20580976067223417
534 0.20580976067223417
535 0.2019701860271565
536 0.2019701860271565
537 0.2019701860271565
538 0.17726449598228866
539 0.17726449598228866
540 0.17726449598228866
541 0.2381674656600137
542 0.2381674656600137
543 0.2381674656600137
544 0.219230196802638
545 0.219230196802638
546 0.219230196802638
547 0.282385860794231
548 0.282385860794231
549 0.282385860794231
550 0.26335525701114315
551 0.26335525701114315
552 0.26335525701114315
553 0.14326527189826208
554 0.14326527189826208
555 0.14326527189826208
556 0.1945215730585982
557 0.1945215730585982
558 0.1945215730585982
559 0.31658394797428835
560 0.31658394797428835
561 0.31658394797428835
562 0.15753960003484055
563 0.15753960003484055
564 0.15753960003484055
565 0.18578754706409276
566 0.18578754706409276
567 0.18578754706409276
568 0.21722931188931682
569 0.21722931188931682
570 0.21722931188931682
571 0.22087448255911352
572 0.22087448255911352
573 0.22087448255911352
574 0.28527701851732357
575 0.28527701851732357
576 0.28527701851732357
577 0.1
578 0.1
579 0.1
580 0.8871284548773068
581 0.8871284548773068
582 0.8871284548773068
583 1.3127292392567782
584 1.3127292392567782
585 1.3127292392567782
586 1.005684737092153
587 1.005684737092153
588 1.005684737092153
589 1.470574206358227
590 1.470574206358227
591 1.470574206358227
592 0.7768143371344733
593 0.7768143371344733
594 0.7768143371344733
595 1.0908753473500834
596 1.0908753473500834
597 1.0908753473500834
598 1.1920930952744975
599 1.1920930952744975
600 1.1920930952744975
601 1.1882352583703717
602 1.1882352583703717
603 1.1882352583703717
604 0.9436313990688034
605 0.9436313990688034
606 0.9436313990688034
607 1.479142258006346
608 1.479142258006346
609 1.479142258006346
610 0.5347063170269172
611 0.5347063170269172
612 0.5347063170269172
613 1.5512665996640962
614 1.5512665996640962
615 1.5512665996640962
616 0.22301618452151284
617 0.22301618452151284
618 0.22301618452151284
619 0.3350579509814453
620 0.3350579509814453
621 0.3350579509814453
622 0.9954748176964643
623 0.9954748176964643
624 0.9954748176964643
625 1.2947194437970033
626 1.2947194437970033
627 1.2947194437970033
628 0.9372258634704991
629 0.9372258634704991
630 0.9372258634704991
631 0.9497390337504
632 0.9497390337504
633 0.9497390337504
634 0.9834350976102277
635 0.9834350976102277
636 0.9834350976102277
637 0.8250152238779976
638 0.8250152238779976
639 0.8250152238779976
640 1.3691777296797425
641 1.3691777296797425
642 1.3691777296797425
643 1.1433803039083141
644 1.1433803039083141
645 1.1433803039083141
646 1.195969601514904
647 1.195969601514904
648 1.195969601514904
649 1.2975600055917917
650 1.2975600055917917
651 1.2975600055917917
652 1.515327485362451
653 1.515327485362451
654 1.515327485362451
655 1.3918803028289055
656 1.3918803028289055
657 1.3918803028289055
658 0.7783198700103149
659 0.7783198700103149
660 0.7783198700103149
661 0.7800755623655657
662 0.7800755623655657
663 0.7800755623655657
664 0.9540850621128794
665 0.9540850621128794
666 0.9540850621128794
667 0.7706244845210619
668 0.7706244845210619
669 0.7706244845210619
670 0.8183760444108825
671 0.8183760444108825
672 0.8183760444108825
673 1.2072810550600261
674 1.2072810550600261
675 1.2072810550600261
676 1.1230522810947086
677 1.1230522810947086
678 1.1230522810947086
679 1.023870937761383
680 1.023870937761383
681 1.023870937761383
682 1.9305797994737957
683 1.9305797994737957
684 1.9305797994737957
685 0.8855098683456526
686 0.8855098683456526
687 0.8855098683456526
688 1.0049397368860091
689 1.0049397368860091
690 1.0049397368860091
691 0.7882027201714383
692 0.7882027201714383
693 0.7882027201714383
694 0.8931505199589714
695 0.8931505199589714
696 0.8931505199589714
697 0.8743749709461085
698 0.8743749709461085
699 0.8743749709461085
700 1.1913306653696367
701 1.1913306653696367
702 1.1913306653696367
703 1.0282094854480641
704 1.0282094854480641
705 1.0282094854480641
706 0.7870721705403527
707 0.8306829700851064
708 0.8306829700851064
709 0.8306829700851064
710 0.5068810816478116
711 0.5068810816478116
712 0.5068810816478116
713 0.3102623549943259
714 0.3102623549943259
715 0.3102623549943259
716 0.9582236483711812
717 0.9582236483711812
718 0.9582236483711812
719 0.8307116422132647
720 0.8307116422132647
721 0.8307116422132647
722 0.7891372626352351
723 0.7891372626352351
724 0.7891372626352351
725 0.4930978853038854
726 0.4930978853038854
727 0.4930978853038854
728 0.27126505265813905
729 0.27126505265813905
730 0.27126505265813905
731 0.9015485594835678
732 0.9015485594835678
733 0.9015485594835678
734 0.3865483512189465
735 0.3865483512189465
736 0.3865483512189465
737 4.785469719770476
738 4.785469719770476
739 4.785469719770476
740 3.8388557469848283
741 3.8388557469848283
742 3.8388557469848283
743 5.912440789814868
744 5.912440789814868
745 5.912440789814868
746 4.724025519594757
747 4.724025519594757
748 4.724025519594757
749 1.2527882300548707
750 1.2527882300548707
751 0.1952649991122554
752 0.1952649991122554
753 0.1952649991122554
754 0.1171059690308226
755 0.1171059690308226
756 0.1171059690308226
757 0.19461748111612565
758 0.19461748111612565
759 0.19461748111612565
760 0.24600060156099013
761 0.24600060156099013
762 0.24600060156099013
763 0.2934804121552391
764 0.2934804121552391
765 0.2934804121552391
766 0.1323476663666653
767 0.1323476663666653
768 0.1323476663666653
769 0.12619864946997666
770 0.12619864946997666
771 0.12619864946997666
772 0.1873757485572913
773 0.1873757485572913
774 0.1873757485572913
775 0.19388898352703937
776 0.19388898352703937
777 0.19388898352703937
778 0.29076222256510187
779 0.29076222256510187
780 0.29076222256510187
781 0.11430694036953815
782 0.11430694036953815
783 0.11430694036953815
784 0.20851669431994904
785 0.20851669431994904
786 0.20851669431994904
787 0.18213025345371048
788 0.18213025345371048
789 0.18213025345371048
790 0.189035388397036
791 0.189035388397036
792 0.189035388397036
793 0.22856850020009256
794 0.22856850020009256
795 0.22856850020009256
796 0.23394442402317234
797 0.23394442402317234
798 0.23394442402317234
799 0.18195022305810007
800 0.18195022305810007
801 0.18195022305810007
802 0.16195896216826028
803 0.16195896216826028
804 0.16195896216826028
805 0.17220852381376972
806 0.17220852381376972
807 0.17220852381376972
808 0.28667071819302137
809 0.28667071819302137
810 0.28667071819302137
811 0.1
812 0.1
813 0.1
814 0.34476617881707994
815 0.34476617881707994
816 0.34476617881707994
817 0.1904720109184905
818 0.1904720109184905
819 0.1904720109184905
820 0.10937562315261955
821 0.10937562315261955
822 0.10937562315261955
823 0.16991297541184733
824 0.16991297541184733
825 0.16991297541184733
826 0.26750286505573395
827 0.26750286505573395
828 0.26750286505573395
829 0.17473874138436882
830 0.17473874138436882
831 0.17473874138436882
832 0.2850375563320846
833 0.2850375563320846
834 0.2850375563320846
835 0.2305189341027211
836 0.2305189341027211
837 0.2305189341027211
838 0.3264238224493347
839 0.3264238224493347
840 0.3264238224493347
841 0.2540778982609298
842 0.2540778982609298
843 0.2540778982609298
844 0.2392932271867361
845 0.2392932271867361
846 0.2392932271867361
847 0.22562245944258877
848 0.22562245944258877
849 0.22562245944258877
850 0.13011425291071793
851 0.13011425291071793
852 0.13011425291071793
853 0.18203296740222594
854 0.18203296740222594
855 0.18203296740222594
856 0.2974655670094054
857 0.2974655670094054
858 0.2974655670094054
859 0.18768490914517796
860 0.18768490914517796
861 1.4444219815830128
862 1.4444219815830128
863 1.4444219815830128
864 3.2913469641057485
865 3.2913469641057485
866 3.2913469641057485
867 1.5534981344941827
868 1.5534981344941827
869 1.5534981344941827
870 3.6678357167319233
871 3.6678357167319233
872 3.6678357167319233
873 4.2912681523980725
874 4.2912681523980725
875 4.2912681523980725
876 2.753575005229066
877 2.753575005229066
878 2.753575005229066
879 1.6143963982710932
880 1.6143963982710932
881 1.6143963982710932
882 1.5498749438026014
883 1.5498749438026014
884 1.5498749438026014
885 1.2547075904076448
886 1.2547075904076448
887 1.2547075904076448
888 0.8091006189755263
889 0.8091006189755263
890 0.8091006189755263
891 1.6353545247974224
892 1.6353545247974224
893 1.6353545247974224
894 0.8911068289716211
895 0.8911068289716211
896 0.8911068289716211
897 0.9073830526002098
898 0.9073830526002098
899 0.9073830526002098
900 1.029278761914359
901 1.029278761914359
902 1.029278761914359
903 0.9395870219995208
904 0.9395870219995208
905 0.9395870219995208
906 1.219150768022724
907 1.219150768022724
908 1.219150768022724
909 1.2928331719446042
910 1.2928331719446042
911 1.2928331719446042
912 2.578938672429305
913 2.578938672429305
914 2.578938672429305
915 4.586543675121497
916 4.586543675121497
917 4.586543675121497
918 2.8282799930406046
919 2.8282799930406046
920 2.8282799930406046
921 3.3817028136371574
922 3.3817028136371574
923 3.3817028136371574
924 6.1853232972593055
925 6.1853232972593055
926 6.1853232972593055
927 4.453071137964231
928 4.453071137964231
929 4.453071137964231
930 4.507116319972753
931 4.507116319972753
932 4.507116319972753
933 5.870684068308089
934 5.870684068308089
935 5.870684068308089
936 5.217269724388489
937 5.217269724388489
938 5.217269724388489
939 2.687876969985657
940 2.687876969985657
941 2.687876969985657
942 4.851822325992364
943 4.851822325992364
944 4.851822325992364
945 2.8771142315119977
946 2.8771142315119977
947 2.8771142315119977
948 7.850047467871893
949 7.850047467871893
950 7.850047467871893
951 3.8887107300691146
952 3.8887107300691146
953 3.8887107300691146
954 5.223811073173199
955 5.223811073173199
956 5.223811073173199
957 4.851171453840328
958 4.851171453840328
959 4.851171453840328
960 3.655550367185995
961 3.655550367185995
962 3.655550367185995
963 4.636844414092895
964 4.636844414092895
965 4.636844414092895
966 3.611215965736209
967 3.611215965736209
968 3.611215965736209
969 3.789145725098344
970 3.789145725098344
971 3.789145725098344
972 0.8974139727261976
973 0.1
974 0.1
975 0.1
976 1.4085834780605864
977 1.4085834780605864
978 1.4085834780605864
979 1.8293041382653665
980 1.8293041382653665
981 1.8293041382653665
982 1.2814075607873923
983 1.2814075607873923
984 1.2814075607873923
985 0.37287622568131273
986 0.37287622568131273
987 0.26513556708143904
988 0.26513556708143904
989 0.26513556708143904
990 0.31924062078160376
991 0.31924062078160376
992 0.31924062078160376
993 0.24303742483069102
994 0.24303742483069102
995 0.24303742483069102
996 0.2819644063305656
997 0.2819644063305656
998 0.2819644063305656
999 0.18378919650595965
1000 0.18378919650595965
1001 0.18378919650595965
1002 0.36420231081404
1003 0.36420231081404
1004 0.36420231081404
1005 0.2953661488860919
1006 0.2953661488860919
1007 0.2953661488860919
1008 0.17937323148837145
1009 0.17937323148837145
1010 0.17937323148837145
1011 0.1109877610291466
1012 0.1109877610291466
1013 0.1109877610291466
1014 0.1474248866494841
1015 0.1474248866494841
1016 0.1474248866494841
1017 0.2743220512009181
1018 0.2743220512009181
1019 0.2743220512009181
1020 0.1707683494202204
1021 0.1707683494202204
1022 0.1707683494202204
1023 0.25567992644925946
1024 0.25567992644925946
1025 0.25567992644925946
1026 0.23721283101338084
1027 0.23721283101338084
1028 0.23721283101338084
1029 0.21228068993262333
1030 0.21228068993262333
1031 0.21228068993262333
1032 0.1838769875672052
1033 0.1838769875672052
1034 0.1838769875672052
1035 0.2440571926348043
1036 0.2440571926348043
1037 0.2440571926348043
1038 0.18538323792832567
1039 0.18538323792832567
1040 0.18538323792832567
1041 0.2734214207094648
1042 0.2734214207094648
1043 0.2734214207094648
1044 0.18510674066646846
1045 0.18510674066646846
1046 0.18510674066646846
1047 0.12272099805372166
1048 0.12272099805372166
1049 0.12272099805372166
1050 0.2965007505732167
1051 0.2965007505732167
1052 0.2965007505732167
1053 0.2726104120585585
1054 0.2726104120585585
1055 0.2726104120585585
1056 0.18932135730353686
1057 0.18932135730353686
1058 0.18932135730353686
1059 0.1
1060 0.1
1061 0.1
1062 0.22512278249452164
1063 0.22512278249452164
1064 0.22512278249452164
1065 0.16105810042379445
1066 0.16105810042379445
1067 0.16105810042379445
1068 0.30468419570037064
1069 0.30468419570037064
1070 0.30468419570037064
1071 0.10295778966310414
1072 0.10295778966310414
1073 0.10295778966310414
1074 0.1701246995917071
1075 0.1701246995917071
1076 0.1701246995917071
1077 0.18661071519398273
1078 0.18661071519398273
1079 0.18661071519398273
1080 0.23329150471729224
1081 0.23329150471729224
1082 0.23329150471729224
1083 0.24931816271568386
1084 0.24931816271568386
1085 0.24931816271568386
1086 0.2087870355437541
1087 0.2087870355437541
1088 0.2087870355437541
1089 0.24860413479007765
1090 0.24860413479007765
1091 0.24860413479007765
1092 0.22707327733776925
1093 0.22707327733776925
1094 0.22707327733776925
1095 0.21131727215345436
1096 0.21131727215345436
1097 0.21131727215345436
1098 0.2030210874955216
1099 0.2030210874955216
1100 0.2030210874955216
1101 0.34873284651116004
1102 0.34873284651116004
1103 0.34873284651116004
1104 0.2897744273927133
1105 0.2897744273927133
1106 0.2897744273927133
1107 0.20765736418715888
1108 0.20765736418715888
1109 0.20765736418715888
1110 0.18960187087997776
1111 0.18960187087997776
1112 0.18960187087997776
1113 0.1
1114 0.1
1115 0.1
1116 0.17025581448177404
1117 0.17025581448177404
1118 0.17025581448177404
1119 0.23061024781894432
1120 0.23061024781894432
1121 0.23061024781894432
1122 0.276927694887128
1123 0.276927694887128
1124 0.276927694887128
1125 0.1963424118057966
1126 0.1963424118057966
1127 0.1963424118057966
1128 0.1
1129 0.1
1130 0.1
1131 0.1
1132 0.1
1133 0.1
1134 0.17172494388537932
1135 0.17172494388537932
1136 0.17172494388537932
1137 0.16400051078210418
1138 0.16400051078210418
1139 0.16400051078210418
1140 0.22933069175915977
1141 0.22933069175915977
1142 0.22933069175915977
1143 0.3204919734921645
1144 0.3204919734921645
1145 0.3204919734921645
1146 0.22764874083663944
1147 0.22764874083663944
1148 0.22764874083663944
1149 0.34711840711829023
1150 0.34711840711829023
1151 0.34711840711829023
1152 0.26149440903331866
1153 0.26149440903331866
1154 0.26149440903331866
1155 0.1887213233999199
1156 0.1887213233999199
1157 0.1887213233999199
1158 0.256387487624232
1159 0.256387487624232
1160 0.256387487624232
1161 0.26486286642268086
1162 0.26486286642268086
1163 0.26486286642268086
1164 0.22529778837921172
1165 0.22529778837921172
1166 0.22529778837921172
1167 0.1276260686037553
1168 0.1276260686037553
1169 0.1276260686037553
1170 0.1817139057007352
1171 0.1817139057007352
1172 0.1817139057007352
1173 0.12409135287439761
1174 0.12409135287439761
1175 0.12409135287439761
1176 0.14644980159612522
1177 0.14644980159612522
1178 0.14644980159612522
1179 0.13617250555029822
1180 0.13617250555029822
1181 0.13617250555029822
1182 0.20449928305452933
1183 0.20449928305452933
1184 0.20449928305452933
1185 0.1927885981379176
1186 0.1927885981379176
1187 0.1927885981379176
1188 0.13129329824526248
1189 0.13129329824526248
1190 0.13129329824526248
1191 0.1794585035371217
1192 0.1794585035371217
1193 0.1794585035371217
1194 0.14438699357149481
1195 0.14438699357149481
1196 0.14438699357149481
1197 0.1844591333181576
1198 0.1844591333181576
1199 0.1844591333181576
1200 0.2787751635651255
1201 0.2787751635651255
1202 0.2787751635651255
1203 0.2121933389741599
1204 0.2121933389741599
1205 0.2121933389741599
1206 0.27142167472016704
1207 0.27142167472016704
1208 0.27142167472016704
1209 0.17456378875348216
1210 0.17456378875348216
1211 0.17456378875348216
1212 0.14431736162190106
1213 0.14431736162190106
1214 0.14431736162190106
1215 0.2261161892141215
1216 0.2261161892141215
1217 0.2261161892141215
1218 0.19381511957407652
1219 0.19381511957407652
1220 0.19381511957407652
1221 0.10725225050817586
1222 0.10725225050817586
1223 0.10725225050817586
1224 0.2722264659121363
1225 0.2722264659121363
1226 0.2722264659121363
1227 0.1
1228 0.1
1229 0.1
1230 0.19200192955377754
1231 0.19200192955377754
1232 0.19200192955377754
1233 0.1
1234 0.1
1235 0.1
1236 0.18424457254812204
1237 0.18424457254812204
1238 0.18424457254812204
1239 0.1971545798849001
1240 0.1971545798849001
1241 0.1971545798849001
1242 0.14705091315191765
1243 0.14705091315191765
1244 0.14705091315191765
1245 0.2459068394617063
1246 0.2459068394617063
1247 0.2459068394617063
1248 0.16039094672054405
1249 0.16039094672054405
1250 0.16039094672054405
1251 0.2132492500222771
1252 0.2132492500222771
1253 0.2132492500222771
1254 0.2138050055829025
1255 0.2138050055829025
1256 0.2138050055829025
1257 0.23561179235683544
1258 0.23561179235683544
1259 0.23561179235683544
1260 0.19754600186548285
1261 0.19754600186548285
1262 0.19754600186548285
1263 0.16691859557085068
1264 0.16691859557085068
1265 0.16691859557085068
1266 0.14764846448407237
1267 0.14764846448407237
1268 0.14764846448407237
1269 0.16531250523794536
1270 0.16531250523794536
1271 0.16531250523794536
1272 0.1299917691311167
1273 0.1299917691311167
1274 0.1299917691311167
1275 0.14919946383306537
1276 0.14919946383306537
1277 0.14919946383306537
1278 0.1844450291499725
1279 0.1844450291499725
1280 0.1844450291499725
1281 0.20490967663991963
1282 0.20490967663991963
1283 0.20490967663991963
1284 0.18519514359072442
1285 0.18519514359072442
1286 0.18519514359072442
1287 0.18889271841240965
1288 0.18889271841240965
1289 0.18889271841240965
1290 0.3072229155632924
1291 0.3072229155632924
1292 0.3072229155632924
1293 0.20113450767821597
1294 0.20113450767821597
1295 0.20113450767821597
1296 0.1700867758051159
1297 0.1700867758051159
1298 0.1700867758051159
1299 0.21455790838509
1300 0.21455790838509
1301 0.21455790838509
1302 0.17367597342744623
1303 0.17367597342744623
1304 0.17367597342744623
1305 0.2023878455633081
1306 0.2023878455633081
1307 0.2023878455633081
1308 0.18333733968992022
1309 0.18333733968992022
1310 0.18333733968992022
1311 0.24574234672664053
1312 0.24574234672664053
1313 0.24574234672664053
1314 0.22689491115382301
1315 0.22689491115382301
1316 0.22689491115382301
1317 0.2239823857453488
1318 0.2239823857453488
1319 0.2239823857453488
1320 0.25351636909369
1321 0.25351636909369
1322 0.25351636909369
1323 0.20910483978018418
1324 0.20910483978018418
1325 0.20910483978018418
1326 0.2649305191538999
1327 0.2649305191538999
1328 0.2649305191538999
1329 0.22376925318435711
1330 0.22376925318435711
1331 0.22376925318435711
1332 0.2457864643975769
1333 0.2457864643975769
1334 0.2457864643975769
1335 0.15253177434856152
1336 0.15253177434856152
1337 0.15253177434856152
1338 0.20380853580379193
1339 0.20380853580379193
1340 0.20380853580379193
1341 0.2607855450979303
1342 0.2607855450979303
1343 0.2607855450979303
1344 0.20313692181271342
1345 0.20313692181271342
1346 0.20313692181271342
1347 0.1
1348 0.1
1349 0.1
1350 0.2241359548177016
1351 0.2241359548177016
1352 0.2241359548177016
1353 0.1
1354 0.1
1355 0.1
1356 0.13118793501092502
1357 0.13118793501092502
1358 0.13118793501092502
1359 0.2681656017511822
1360 0.2681656017511822
1361 0.2681656017511822
1362 0.18394528324865644
1363 0.18394528324865644
1364 0.18394528324865644
1365 0.22833683557187565
1366 0.22833683557187565
1367 0.22833683557187565
1368 0.304194344611481
1369 0.304194344611481
1370 0.304194344611481
1371 0.28821479930497634
1372 0.28821479930497634
1373 0.28821479930497634
1374 0.3400853018699192
1375 0.3400853018699192
1376 0.3400853018699192
1377 0.2330165850903856
1378 0.2330165850903856
1379 0.2330165850903856
1380 0.32539849894926814
1381 0.32539849894926814
1382 0.32539849894926814
1383 0.18465949768173545
1384 0.18465949768173545
1385 0.18465949768173545
1386 0.15033340010167737
1387 0.15033340010167737
1388 0.15033340010167737
1389 0.1
1390 0.1
1391 0.1
1392 0.22666323471052946
1393 0.22666323471052946
1394 0.22666323471052946
1395 0.2677215206863675
1396 0.2677215206863675
1397 0.2677215206863675
1398 0.15522629963571194
1399 0.15522629963571194
1400 0.15522629963571194
1401 0.2555019477410139
1402 0.2555019477410139
1403 0.2555019477410139
1404 0.2731177891340685
1405 0.2731177891340685
1406 0.2731177891340685
1407 0.1885203941756734
1408 0.1885203941756734
1409 0.1885203941756734
1410 0.13780754602922674
1411 0.13780754602922674
1412 0.13780754602922674
1413 0.18475565279616105
1414 0.18475565279616105
1415 0.18475565279616105
1416 0.24114051899502326
1417 0.24114051899502326
1418 0.24114051899502326
1419 0.2641138970390146
1420 0.2641138970390146
1421 0.2641138970390146
1422 0.19878196106285792
1423 0.19878196106285792
1424 0.19878196106285792
1425 0.3144606026135066
1426 0.3144606026135066
1427 0.3144606026135066
1428 0.2748146624235308
1429 0.2748146624235308
1430 0.2748146624235308
1431 0.16811346518033443
1432 0.16811346518033443
1433 0.16811346518033443
1434 0.10423793854086044
1435 0.10423793854086044
1436 0.10423793854086044
1437 0.16509650312952695
1438 0.16509650312952695
1439 0.16509650312952695
1440 0.14671662845384195
1441 0.14671662845384195
1442 0.14671662845384195
1443 0.2175815164640377
1444 0.2175815164640377
1445 0.2175815164640377
1446 0.1644519924968958
1447 0.1644519924968958
1448 0.1644519924968958
1449 0.33261176222651967
1450 0.33261176222651967
1451 0.33261176222651967
1452 0.10549644678547812
1453 0.10549644678547812
1454 0.10549644678547812
1455 0.23362191700130103
1456 0.23362191700130103
1457 0.23362191700130103
1458 0.2296982141152802
1459 0.2296982141152802
1460 0.2296982141152802
1461 0.2398302816573476
1462 0.2398302816573476
1463 1.2355953316045236
1464 1.2355953316045236
1465 1.2355953316045236
1466 1.1741909669081714
1467 1.1741909669081714
1468 1.1741909669081714
1469 1.6708101377997469
1470 1.6708101377997469
1471 1.6708101377997469
1472 1.848113159761469
1473 1.848113159761469
1474 1.848113159761469
1475 2.164736259169831
1476 2.164736259169831
1477 2.164736259169831
1478 2.5231539267603083
1479 2.5231539267603083
1480 2.5231539267603083
1481 1.9893896321964089
1482 1.9893896321964089
1483 1.9893896321964089
1484 2.923513056771024
1485 2.923513056771024
1486 2.923513056771024
1487 1.755351570511116
1488 1.755351570511116
1489 1.755351570511116
1490 1.5640313456583501
1491 1.5640313456583501
1492 1.5640313456583501
1493 2.068888240421659
1494 0.6800912353605544
1495 2.935533453007728
1496 2.935533453007728
1497 2.935533453007728
1498 3.669312722579158
1499 3.669312722579158
1500 3.669312722579158
1501 3.4643176525383437
1502 3.4643176525383437
1503 3.4643176525383437
1504 0.963796180792345
1505 0.963796180792345
1506 0.963796180792345
1507 4.00256183925249
1508 4.00256183925249
1509 4.00256183925249
1510 3.386530858272764
1511 3.386530858272764
1512 3.386530858272764
1513 3.960232329995322
1514 3.960232329995322
1515 3.960232329995322
1516 2.9588660724112525
1517 2.9588660724112525
1518 2.9588660724112525
1519 3.4402117395831113
1520 3.4402117395831113
1521 3.4402117395831113
1522 1.4123541674554883
1523 1.4123541674554883
1524 1.4123541674554883
1525 3.1040256082523023
1526 3.1040256082523023
1527 3.1040256082523023
1528 3.5315391027718155
1529 3.5315391027718155
1530 3.5315391027718155
1531 4.433538587613181
1532 4.433538587613181
1533 4.433538587613181
1534 1.9473677301272951
1535 1.9473677301272951
1536 1.9473677301272951
1537 3.613560301718862
1538 3.613560301718862
1539 3.613560301718862
1540 1.5847976466430245
1541 1.5847976466430245
1542 1.5847976466430245
1543 3.7310446707467286
1544 3.7310446707467286
1545 3.7310446707467286
1546 4.2060647042082095
1547 4.058385091267966
1548 4.058385091267966
1549 4.058385091267966
1550 3.958140132045753
1551 3.958140132045753
1552 3.958140132045753
1553 3.4941623078023984
1554 3.4941623078023984
1555 3.4941623078023984
1556 4.076913873205388
1557 4.076913873205388
1558 4.076913873205388
1559 4.05165193783465
1560 4.05165193783465
1561 4.05165193783465
1562 4.566729296064985
1563 4.566729296064985
1564 4.566729296064985
1565 3.0761518717824567
1566 3.0761518717824567
1567 3.0761518717824567
1568 3.015427348316056
1569 3.015427348316056
1570 3.015427348316056
1571 6.0875231579778974
1572 6.0875231579778974
1573 6.0875231579778974
1574 1.5739082957477812
1575 1.5739082957477812
1576 1.5739082957477812
1577 3.846315965043356
1578 3.846315965043356
1579 3.846315965043356
1580 3.534069254921425
1581 3.534069254921425
1582 3.534069254921425
1583 3.019019973228362
1584 3.019019973228362
1585 3.019019973228362
1586 6.314775313363306
1587 6.314775313363306
1588 6.314775313363306
1589 8.089524534682994
1590 8.089524534682994
1591 8.089524534682994
1592 1.7474360395728148
1593 1.7474360395728148
1594 1.7474360395728148
1595 4.702043704089302
1596 4.702043704089302
1597 4.702043704089302
1598 4.467941403327804
1599 4.467941403327804
1600 4.467941403327804
1601 4.169834129676469
1602 4.169834129676469
1603 4.169834129676469
1604 3.4250913937076657
1605 3.4250913937076657
1606 3.4250913937076657
1607 4.649595500030434
1608 4.649595500030434
1609 4.649595500030434
1610 4.396100384967154
1611 4.396100384967154
1612 4.396100384967154
1613 5.400321877346196
1614 5.400321877346196
1615 5.400321877346196
1616 0.8887249081411562
1617 0.8887249081411562
1618 0.8887249081411562
1619 0.7723845643741776
1620 0.7723845643741776
1621 0.7723845643741776
1622 0.7506798064697349
1623 0.7506798064697349
1624 0.7506798064697349
1625 0.6147547071982219
1626 0.6147547071982219
1627 0.6147547071982219
1628 1.4669783805146017
1629 1.4669783805146017
1630 1.4669783805146017
1631 4.216652026627369
1632 4.216652026627369
1633 4.216652026627369
1634 2.5791110243241184
1635 2.5791110243241184
1636 2.5791110243241184
1637 4.383594237075708
1638 4.383594237075708
1639 4.383594237075708
1640 3.366497461728327
1641 3.366497461728327
1642 3.366497461728327
1643 3.5877027200060407
1644 3.5877027200060407
1645 3.5877027200060407
1646 3.7935488026443727
1647 3.7935488026443727
1648 3.7935488026443727
1649 3.9169224921764783
1650 3.9169224921764783
1651 3.9169224921764783
1652 2.883551277123718
1653 2.883551277123718
1654 2.883551277123718
1655 3.950680648077576
1656 3.950680648077576
1657 3.950680648077576
1658 3.8347829700091722
1659 3.8347829700091722
1660 3.8347829700091722
1661 2.618788101691901
1662 2.618788101691901
1663 2.618788101691901
1664 3.0876394326952195
1665 1.196186637406664
1666 1.196186637406664
1667 1.196186637406664
1668 1.4056498499664563
1669 1.4056498499664563
1670 1.4056498499664563
1671 0.978271782012076
1672 0.978271782012076
1673 0.978271782012076
1674 0.1
1675 0.1
1676 0.1
1677 1.7893074358294894
1678 1.7893074358294894
1679 1.7893074358294894
1680 1.0765904620806572
1681 1.0765904620806572
1682 1.0765904620806572
1683 0.9502262462546255
1684 0.9502262462546255
1685 0.9502262462546255
1686 1.463480031676659
1687 1.463480031676659
1688 1.463480031676659
1689 0.9575719909561524
1690 0.9575719909561524
1691 0.9575719909561524
1692 0.7288960047206996
1693 0.7288960047206996
1694 0.7288960047206996
1695 1.2097070235221388
1696 1.2097070235221388
1697 1.2097070235221388
1698 1.580953745036656
1699 1.580953745036656
1700 1.580953745036656
1701 0.8578372916220246
1702 0.8578372916220246
1703 0.8578372916220246
1704 0.7303141594170407
1705 0.7303141594170407
1706 0.7303141594170407
1707 1.0451409858225496
1708 1.0451409858225496
1709 1.0451409858225496
1710 0.9234538950895262
1711 0.9234538950895262
1712 0.9234538950895262
1713 0.67002198658935
1714 0.67002198658935
1715 0.67002198658935
1716 1.6921917253212357
1717 1.6921917253212357
1718 1.6921917253212357
1719 1.0004767818864602
1720 1.0004767818864602
1721 1.0004767818864602
1722 1.2292472376663441
1723 1.2292472376663441
1724 1.2292472376663441
1725 0.6024717541700011
1726 0.6024717541700011
1727 0.6024717541700011
1728 1.7352289106983558
1729 1.7352289106983558
1730 1.7352289106983558
1731 1.29037327432754
1732 1.29037327432754
1733 1.29037327432754
1734 1.0023596119560774
1735 1.0023596119560774
1736 1.0023596119560774
1737 0.8141962850591957
1738 0.8141962850591957
1739 0.8141962850591957
1740 1.577990271519946
1741 1.577990271519946
1742 1.577990271519946
1743 2.110091981882621
1744 2.110091981882621
1745 2.110091981882621
1746 1.8177675565233886
1747 1.8177675565233886
1748 1.8177675565233886
1749 2.3174675945607937
1750 2.3174675945607937
1751 2.3174675945607937
1752 2.1534301850410387
1753 2.1534301850410387
1754 2.1534301850410387
1755 1.777615660899346
1756 1.777615660899346
1757 1.777615660899346
1758 1.1947017900603947
1759 1.1947017900603947
1760 1.1947017900603947
1761 1.1789263563671435
1762 1.1789263563671435
1763 1.1789263563671435
1764 1.8430438108188825
1765 1.8430438108188825
1766 1.8430438108188825
1767 2.1056892984392053
1768 2.1056892984392053
1769 2.1056892984392053
1770 1.9926651618852316
1771 1.9926651618852316
1772 1.9926651618852316
1773 2.449700537650257
1774 2.449700537650257
1775 2.449700537650257
1776 1.504851203810171
1777 1.504851203810171
1778 1.504851203810171
1779 1.012915955735417
1780 1.012915955735417
1781 1.012915955735417
1782 0.9282015407173844
1783 0.9282015407173844
1784 0.9282015407173844
1785 2.279453733461782
1786 2.279453733461782
1787 2.279453733461782
1788 2.121564733552332
1789 2.121564733552332
1790 2.121564733552332
1791 0.6631483783283506
1792 0.6631483783283506
1793 0.6631483783283506
1794 0.4708193462034931
1795 0.4708193462034931
1796 0.4708193462034931
1797 2.4128268764064336
1798 2.4128268764064336
1799 2.4128268764064336
1800 1.1488980259627737
1801 1.1488980259627737
1802 1.1488980259627737
1803 1.5631353700043848
1804 1.5631353700043848
1805 1.5631353700043848
1806 1.4335537649311794
1807 1.4335537649311794
1808 1.4335537649311794
1809 1.103265744459038
1810 1.103265744459038
1811 1.103265744459038
1812 2.0246244427345523
1813 2.0246244427345523
1814 2.0246244427345523
1815 2.1424841706317572
1816 2.1424841706317572
1817 2.1424841706317572
1818 1.6748046091668929
1819 1.6748046091668929
1820 1.6748046091668929
1821 2.2777060959691253
1822 2.2777060959691253
1823 2.2777060959691253
1824 1.3547680879983068
1825 1.3547680879983068
1826 1.3547680879983068
1827 2.7152630236619286
1828 2.7152630236619286
1829 2.7152630236619286
1830 1.9407437245477055
1831 1.9407437245477055
1832 1.9407437245477055
1833 2.013508058912025
1834 2.013508058912025
1835 2.013508058912025
1836 0.6639484935902131
1837 0.6639484935902131
1838 0.6639484935902131
1839 1.3469730092152132
1840 1.3469730092152132
1841 1.3469730092152132
1842 0.1
1843 0.1
1844 0.1
1845 1.1033386835636256
1846 1.1033386835636256
1847 1.1033386835636256
1848 2.164917317176105
1849 2.164917317176105
1850 2.164917317176105
1851 1.7578936942451238
1852 1.7578936942451238
1853 1.7578936942451238
1854 0.843676781915573
1855 0.843676781915573
1856 0.843676781915573
1857 2.1086769566247634
1858 2.1086769566247634
1859 2.1086769566247634
1860 1.3144476447708504
1861 1.3144476447708504
1862 1.3144476447708504
1863 1.9910732998546525
1864 1.9910732998546525
1865 1.9910732998546525
1866 2.1075617179533834
1867 2.1075617179533834
1868 2.1075617179533834
1869 2.7779188102717027
1870 2.7779188102717027
1871 2.7779188102717027
1872 0.9178956214006249
1873 0.9178956214006249
1874 0.9178956214006249
1875 1.9962360808872726
1876 1.9962360808872726
1877 1.9962360808872726
1878 1.4004197384317265
1879 1.4004197384317265
1880 1.4004197384317265
1881 1.3115529512914716
1882 1.3115529512914716
1883 1.3115529512914716
1884 1.038936184290028
1885 1.038936184290028
1886 1.038936184290028
1887 3.07130698679763
1888 3.07130698679763
1889 3.07130698679763
1890 2.610813962930104
1891 2.610813962930104
1892 2.610813962930104
1893 1.5495907064623111
1894 1.5495907064623111
1895 1.5495907064623111
1896 2.371481384679411
1897 2.371481384679411
1898 2.371481384679411
1899 2.716272116541631
1900 2.716272116541631
1901 2.716272116541631
1902 1.9785194535701536
1903 1.9785194535701536
1904 1.9785194535701536
1905 1.485567704619542
1906 1.485567704619542
1907 1.485567704619542
1908 1.4444668346733742
1909 1.4444668346733742
1910 1.4444668346733742
1911 2.1784448479210377
1912 2.1784448479210377
1913 2.1784448479210377
1914 1.9940639741104895
1915 1.9940639741104895
1916 1.9940639741104895
1917 1.485102532816538
1918 1.485102532816538
1919 1.485102532816538
1920 1.923565498113448
1921 1.923565498113448
1922 1.923565498113448
1923 1.4811712282075122
1924 1.4811712282075122
1925 1.4811712282075122
1926 1.286564587439609
1927 1.286564587439609
1928 1.286564587439609
1929 2.4197496846094655
1930 2.4197496846094655
1931 2.4197496846094655
1932 1.8342192588243564
1933 1.8342192588243564
1934 1.8342192588243564
1935 2.3131892469877364
1936 2.3131892469877364
1937 2.3131892469877364
1938 0.6454331242200839
1939 0.6454331242200839
1940 0.6454331242200839
1941 0.8201861726537837
1942 0.8201861726537837
1943 0.8201861726537837
1944 0.26257849471421724
1945 0.26257849471421724
1946 0.26257849471421724
1947 0.8733156024423216
1948 0.8733156024423216
1949 0.8733156024423216
1950 0.49092137929181817
1951 0.49092137929181817
1952 0.49092137929181817
1953 0.6397061966838371
1954 0.6397061966838371
1955 0.6397061966838371
1956 0.5052646832562021
1957 0.5052646832562021
1958 0.5052646832562021
1959 0.8211769861930784
1960 0.8211769861930784
1961 0.8211769861930784
1962 0.8365941925133029
1963 0.8365941925133029
1964 0.8365941925133029
1965 0.6558213784061993
1966 0.6558213784061993
1967 0.6558213784061993
1968 0.6677493325974395
1969 0.6677493325974395
1970 0.6677493325974395
1971 0.7192507027611736
1972 0.7192507027611736
1973 0.7192507027611736
1974 0.34712583510483214
1975 0.34712583510483214
1976 0.34712583510483214
1977 0.6457350490732745
1978 0.6457350490732745
1979 0.6457350490732745
1980 0.5024811263558814
1981 0.5024811263558814
1982 0.5024811263558814
1983 1.081718689744187
1984 1.081718689744187
1985 1.081718689744187
1986 0.6531642621133847
1987 0.6531642621133847
1988 0.6531642621133847
1989 0.9308253959218324
1990 0.9308253959218324
1991 0.9308253959218324
1992 0.5629356713413647
1993 0.5629356713413647
1994 0.5629356713413647
1995 0.559135894082046
1996 0.559135894082046
1997 0.559135894082046
1998 0.5732917378354999
1999 0.5732917378354999
